45 708
61 707
71 721
67 697
0 1
58 702
77 684
63 721
0 1
72 711
52 702
65 721
49 698
46 687
56 714
51 735
72 703
55 718
74 712
67 712
48 734
42 715
69 722
59 711
44 695
61 702
57 707
172 719
65 712
0 1
77 723
55 700
48 717
56 728
53 709
93 728
64 714
80 738
82 694
56 714
83 685
70 698
93 699
61 725
63 704
69 738
68 722
82 698
48 714
57 704
49 710
82 730
51 712
75 734
45 708
61 717
49 695
53 729
53 706
84 714
55 702
51 702
66 713
55 697
56 708
74 697
51 707
58 704
85 718
37 709
107 711
45 706
46 711
48 702
53 704
62 735
64 689
50 731
51 728
153 720
104 715
67 682
54 694
62 720
75 722
75 695
80 717
50 699
91 724
59 745
59 716
77 708
45 717
50 704
75 728
63 717
69 724
53 704
0 1
60 687
72 719
60 693
72 694
39 702
48 714
54 703
63 703
43 714
45 714
51 732
42 706
67 719
42 719
46 713
48 707
84 705
48 711
44 720
0 1
60 717
46 726
50 707
51 720
59 742
56 718
62 718
46 722
48 697
46 708
39 714
72 716
53 727
49 721
47 722
72 709
64 698
50 689
44 725
43 711
64 720
47 725
79 704
42 718
60 729
102 713
91 730
0 1
59 709
58 703
69 721
50 713
44 724
52 696
57 717
47 702
49 681
64 725
44 704
117 719
47 729
50 709
58 687
46 730
49 706
59 707
47 719
63 715
60 722
56 713
51 699
50 725
57 714
45 699
56 714
52 710
46 714
79 691
47 723
42 694
50 718
61 715
98 704
65 710
44 701
54 708
51 703
47 725
76 706
43 710
67 719
47 710
53 705
43 717
62 722
42 727
52 713
52 700
53 705
43 711
81 695
62 711
66 697
59 707
40 697
45 694
46 719
44 698
55 709
48 727
53 704
59 704
48 708
71 722
44 722
57 726
56 731
64 705
54 725
41 710
52 712
51 699
80 706
49 703
47 700
44 711
50 709
47 684
50 682
57 715
43 721
47 712
61 693
42 717
50 736
83 716
55 716
43 707
64 711
55 692
51 714
54 719
47 701
58 703
55 711
41 696
58 705
50 708
45 703
67 712
74 719
4 2
71 730
0 1
46 725
45 722
48 699
41 718
44 715
49 731
53 725
59 719
61 720
58 728
61 702
85 704
0 1
41 708
54 705
54 695
47 718
49 709
0 1
42 697
52 729
48 725
61 713
56 714
40 713
45 719
51 713
44 710
54 713
93 695
41 719
47 717
52 697
66 726
39 705
55 704
48 707
52 704
67 715
46 711
54 706
55 704
77 725
48 713
48 708
44 742
55 690
43 687
83 710
52 716
52 726
61 715
41 713
83 725
46 735
77 714
55 697
51 693
80 688
6 2
62 709
48 692
57 672
49 718
46 699
47 692
44 701
44 715
47 689
77 698
48 705
0 1
52 718
53 717
59 696
68 709
45 702
78 713
50 709
7 2
56 707
57 705
47 719
37 713
4 2
68 710
60 732
54 732
61 700
51 697
54 706
53 687
83 711
50 692
56 733
53 722
54 719
48 717
50 699
51 671
55 696
61 696
44 702
49 704
47 726
44 702
47 699
47 680
45 710
45 712
53 693
46 714
0 1
56 700
43 715
48 711
41 728
54 723
48 693
50 717
60 719
57 703
78 713
54 699
62 715
64 714
45 708
49 716
66 715
49 727
54 709
45 699
38 693
47 721
51 716
45 725
54 713
52 703
48 708
38 687
66 725
49 693
49 707
82 740
47 706
36 711
54 728
44 711
91 706
58 702
43 726
45 693
42 705
43 709
42 699
79 720
46 693
57 697
50 722
56 727
62 686
43 698
38 728
59 706
58 721
54 689
58 692
58 722
72 669
45 706
49 717
48 708
50 702
50 706
0 1
43 716
51 697
37 697
0 1
49 682
41 694
59 705
46 706
50 710
38 700
52 696
67 696
43 730
51 693
41 707
60 690
54 705
0 1
46 720
46 706
40 715
45 701
47 746
52 713
39 722
49 711
54 728
50 723
72 708
50 730
51 721
49 711
52 717
46 715
46 703
48 723
40 699
46 723
60 710
65 714
51 716
44 700
46 712
45 731
54 693
60 718
39 724
51 691
50 705
123 706
44 703
50 713
45 707
47 683
45 685
51 697
52 712
43 705
44 715
52 713
63 708
43 742
47 701
53 708
45 720
57 719
51 710
46 702
62 711
45 733
41 708
49 721
0 1
48 707
44 701
54 712
48 699
49 709
68 695
45 715
44 719
0 1
46 718
0 1
43 702
92 710
51 721
66 719
51 726
45 719
51 709
49 683
79 693
63 719
46 714
47 739
50 725
45 717
48 707
47 699
51 705
65 709
52 690
47 726
67 713
52 703
44 716
41 700
54 728
44 723
58 720
40 697
49 715
0 1
54 712
41 718
47 697
43 721
47 715
45 731
42 710
50 727
49 723
44 724
52 699
48 697
41 719
52 701
49 737
57 725
72 702
51 709
45 734
50 700
62 706
47 723
71 723
47 686
53 727
50 713
95 716
54 709
54 705
37 723
43 707
51 684
55 709
51 713
45 704
100 703
59 705
71 711
52 716
55 708
0 1
43 705
70 712
43 704
43 696
45 711
71 707
48 700
53 700
53 743
49 708
73 704
0 1
53 722
50 715
56 720
80 717
43 713
61 702
42 699
73 718
50 709
90 728
45 719
47 679
61 704
48 702
53 732
44 702
0 1
55 690
49 731
55 734
64 713
54 694
56 716
44 741
52 713
70 736
52 718
54 708
62 703
38 721
45 715
40 704
0 1
46 736
50 706
96 703
48 711
104 718
57 713
51 730
65 713
55 702
49 726
52 728
55 736
24 3
67 707
59 708
51 693
50 720
0 1
46 713
88 721
59 681
54 681
59 716
50 682
50 719
55 699
41 729
67 723
49 712
78 708
53 719
49 689
65 699
47 687
55 721
57 692
54 730
50 701
83 718
53 704
61 718
43 721
55 694
51 720
61 709
67 708
73 705
106 731
51 719
48 717
43 691
0 1
52 703
48 730
64 713
48 704
74 715
86 704
40 721
132 711
57 703
47 702
41 702
52 718
44 703
61 689
46 723
55 717
45 704
42 696
60 707
0 1
73 692
44 735
51 710
60 706
57 716
53 690
50 718
58 699
53 718
45 698
66 727
73 706
128 710
47 698
61 725
57 695
67 717
52 725
50 714
56 708
0 1
57 696
47 691
45 720
51 709
58 730
55 718
154 695
36 711
56 705
53 689
46 702
7 2
61 725
59 705
47 686
58 694
47 713
0 1
61 709
56 709
42 717
52 718
57 693
64 705
69 691
106 699
73 705
40 710
45 695
43 718
83 705
41 703
67 692
54 688
57 700
50 705
51 692
50 699
63 710
82 713
45 706
47 706
56 727
47 716
59 705
69 713
40 716
50 715
51 681
59 721
59 721
41 716
76 719
51 730
45 725
46 700
54 676
61 721
60 708
51 707
52 703
53 695
50 697
53 710
43 691
54 726
45 722
52 716
51 702
53 702
46 709
64 717
67 710
59 691
80 711
3 2
63 717
42 709
52 709
56 703
43 723
45 724
0 1
49 705
59 688
48 675
89 708
84 707
113 725
74 719
57 700
67 716
68 718
66 722
47 698
0 1
48 696
50 696
40 717
0 1
46 719
45 708
76 713
52 680
44 700
51 713
53 707
42 695
99 706
65 717
58 678
74 691
55 690
83 726
103 694
55 703
49 717
49 701
57 712
48 697
47 720
50 725
63 708
45 681
52 699
54 724
71 712
60 706
53 721
46 709
58 704
40 690
41 712
43 696
51 726
60 729
55 688
52 724
46 714
57 698
59 699
45 711
40 703
50 721
0 1
92 706
52 723
48 706
61 708
48 704
57 703
61 716
49 721
63 723
70 702
59 682
63 701
0 1
0 1
57 704
61 682
153 740
67 694
58 699
54 714
79 728
57 708
0 1
