78 731
60 737
57 716
67 719
62 732
81 736
0 1
57 687
49 722
53 716
105 709
56 722
44 704
52 691
92 733
64 725
70 712
63 718
75 700
56 734
48 702
58 712
54 716
48 716
39 702
82 715
65 710
51 697
89 723
60 708
80 721
57 704
52 717
53 709
42 710
51 715
61 707
53 726
72 705
51 705
77 704
63 687
67 738
0 1
59 705
107 708
62 717
75 724
45 692
63 707
46 713
138 705
43 717
68 691
59 715
51 701
55 709
56 736
48 711
65 721
51 719
0 1
51 715
56 723
91 727
80 708
84 703
70 716
64 690
47 716
50 723
59 702
73 708
51 723
59 721
78 717
66 716
49 715
73 722
117 707
102 696
74 731
72 713
73 704
61 716
67 717
3 2
47 715
55 708
44 682
88 715
47 707
44 711
62 732
50 730
35 704
73 721
49 711
37 716
58 716
52 690
66 704
82 690
49 703
59 725
50 721
101 717
46 711
49 716
45 716
61 731
80 699
45 706
57 715
44 727
54 701
52 726
46 712
52 719
57 704
46 721
66 716
44 702
48 705
53 707
73 708
96 699
50 702
81 708
54 698
0 1
41 732
48 714
56 727
102 729
56 698
52 732
60 702
43 709
55 728
53 689
89 724
52 717
24 2
0 1
62 717
48 713
34 709
51 717
66 738
69 725
61 721
55 705
60 713
46 708
54 705
63 704
49 693
57 716
44 723
60 723
5 2
39 708
49 720
42 703
48 697
59 720
75 723
84 722
39 705
50 696
59 709
53 718
52 705
0 1
89 728
51 690
58 724
64 699
67 704
52 710
68 693
94 714
19 2
55 705
50 717
56 715
72 713
54 716
49 688
40 712
69 704
48 702
54 707
49 719
42 715
42 716
56 710
48 720
73 706
70 692
58 730
44 731
43 703
47 695
40 712
40 701
58 719
41 700
50 705
59 722
44 704
48 696
47 722
48 740
52 708
64 720
44 710
49 703
69 705
48 721
105 727
51 720
45 708
48 706
47 712
55 728
50 699
67 708
42 719
44 694
57 720
37 720
0 1
4 2
58 719
42 722
65 698
43 715
54 729
67 720
38 714
50 712
59 688
43 703
53 705
43 706
43 688
56 709
78 702
99 709
0 1
46 719
43 716
46 714
51 719
53 723
39 720
43 703
47 720
61 701
60 715
53 698
48 695
85 727
41 729
46 721
72 681
0 1
65 709
48 755
50 713
38 714
51 697
45 708
44 702
49 687
58 713
54 714
49 689
47 702
39 702
0 1
54 697
53 690
52 710
91 735
53 693
46 727
45 707
52 704
57 697
125 700
68 707
49 708
74 732
0 1
49 715
39 709
51 706
51 694
99 704
46 721
56 698
80 717
44 716
84 708
35 714
73 722
47 714
52 688
9 3
76 705
40 705
91 730
52 718
45 710
47 712
46 713
0 1
46 714
47 709
50 700
62 690
49 713
62 709
58 709
49 721
59 726
54 722
51 711
53 716
75 718
62 708
57 714
47 709
38 712
69 705
56 712
65 690
60 716
52 705
50 713
47 728
0 1
58 710
51 716
54 710
71 708
59 724
55 695
56 705
41 708
50 711
59 724
45 692
68 734
54 716
51 720
117 712
37 687
56 724
63 700
47 696
47 717
50 704
57 684
51 725
56 725
45 716
67 709
47 717
72 691
54 722
51 697
2 3
54 705
58 721
52 709
45 730
59 733
53 737
57 716
56 705
51 687
48 715
62 721
42 708
59 709
65 722
52 717
45 712
55 710
67 733
47 706
50 713
0 1
39 692
47 698
61 719
60 717
91 717
51 720
40 704
50 723
59 704
46 700
37 710
84 712
39 706
60 699
56 711
46 699
66 693
52 716
42 699
45 704
61 707
51 718
47 723
45 730
66 724
48 715
75 718
46 722
47 703
48 705
42 699
47 708
45 705
33 722
58 696
53 707
47 736
56 701
55 729
45 714
37 709
51 718
47 705
52 716
44 708
66 728
34 707
51 724
84 732
40 724
47 711
48 705
51 733
46 709
57 710
49 715
53 723
44 718
46 721
71 713
35 696
45 734
51 701
52 701
43 720
43 698
47 694
37 718
46 709
49 719
71 720
49 725
50 693
45 703
77 697
46 729
45 717
47 728
52 701
54 679
51 731
43 709
88 687
43 722
41 702
0 1
41 696
60 719
43 708
52 715
49 726
47 700
57 726
51 700
47 716
51 709
54 715
44 723
53 705
40 712
44 699
42 704
57 698
64 707
62 700
47 704
42 709
46 712
42 704
97 696
44 699
44 715
66 735
50 725
0 1
50 716
67 714
50 720
57 710
45 725
38 696
55 717
110 703
56 711
78 702
0 1
52 709
47 687
41 714
42 712
49 704
51 711
73 714
55 707
46 712
56 711
0 1
51 713
44 719
52 720
41 718
46 718
42 708
57 733
66 707
44 689
41 719
43 714
55 710
45 697
41 706
47 711
34 714
49 696
42 693
60 727
56 704
42 730
51 710
54 718
50 696
49 683
47 730
45 704
43 712
114 714
55 701
61 698
57 704
52 707
43 717
71 707
43 692
53 690
49 726
54 696
64 707
43 710
44 707
45 715
49 714
47 714
0 1
52 717
61 723
69 727
47 692
61 704
43 715
51 707
50 686
41 696
58 695
45 707
48 711
49 698
81 726
51 701
45 723
54 730
52 701
50 708
46 717
47 698
47 731
99 702
44 719
58 726
45 717
51 697
54 699
59 721
48 729
53 714
76 717
53 686
56 718
46 715
85 720
40 720
78 700
48 705
53 708
43 709
50 722
69 709
47 708
52 712
42 694
42 711
112 706
52 701
50 698
61 727
55 688
0 1
74 700
45 700
46 723
47 719
53 718
45 715
55 709
36 4
56 691
68 734
69 706
54 697
46 696
51 713
102 713
84 724
39 707
46 680
52 714
62 721
49 704
50 714
97 718
45 704
44 714
44 713
50 697
67 703
67 698
55 717
0 1
56 712
46 724
85 734
54 721
62 716
47 709
51 693
60 713
58 717
58 719
60 722
71 720
40 714
57 700
46 706
90 720
44 708
82 709
68 713
0 1
61 698
0 1
38 719
48 690
68 698
45 714
44 697
51 741
64 674
93 682
48 731
64 692
40 709
50 695
52 723
75 710
65 707
46 709
0 1
52 691
44 701
60 710
44 717
67 679
51 709
42 716
74 713
62 707
84 724
48 701
55 713
51 692
48 728
55 695
53 702
57 712
49 725
50 716
56 699
57 718
47 710
97 691
55 730
122 706
48 691
42 710
72 697
103 717
60 720
61 700
43 712
54 707
73 712
50 695
0 1
64 716
59 724
64 701
49 723
59 709
58 682
61 700
46 712
65 718
47 712
50 717
49 710
51 706
45 702
128 726
54 737
47 713
54 700
59 697
51 721
72 711
62 712
43 730
53 712
68 685
49 700
0 1
92 739
52 715
51 701
50 708
48 715
66 725
62 721
51 683
52 701
50 714
40 744
62 706
62 706
57 706
50 740
68 708
58 697
50 698
55 714
43 707
85 724
63 705
53 686
67 694
46 697
68 727
50 703
65 706
51 703
78 724
107 707
43 712
48 710
52 719
47 713
53 711
58 705
48 691
58 717
48 702
58 700
70 702
89 699
183 703
54 723
46 714
51 707
55 717
81 708
52 699
61 692
46 707
44 697
53 729
50 687
40 725
39 701
57 731
57 709
45 680
52 682
61 729
47 689
60 695
67 709
45 679
52 713
53 699
83 698
58 722
53 697
44 709
51 696
36 712
50 722
60 709
49 697
164 718
50 698
50 711
57 698
57 683
89 714
45 694
45 704
47 744
47 713
60 696
52 702
42 707
65 719
41 723
45 728
55 721
74 731
57 709
59 702
45 716
55 684
64 726
58 712
56 730
54 714
55 697
77 699
43 712
69 706
49 691
48 696
0 1
64 718
67 699
70 712
49 703
70 692
60 712
66 705
79 709
70 691
0 1
62 714
71 702
187 712
