52 722
61 701
46 727
74 699
40 722
55 704
79 732
57 710
58 716
120 728
69 703
71 705
47 721
43 693
67 712
49 713
71 713
60 715
0 1
45 709
65 716
46 717
70 716
76 722
55 698
55 707
70 709
51 704
77 713
55 720
86 713
52 732
51 714
52 735
48 696
68 720
57 714
55 688
69 733
80 720
46 724
67 715
52 714
60 704
61 702
72 734
61 716
148 716
47 707
74 717
55 713
57 718
52 715
72 721
45 710
47 707
52 711
50 720
50 723
66 709
52 728
55 702
61 709
59 719
56 708
52 723
41 710
36 716
71 715
55 698
0 1
55 727
53 696
64 711
67 714
119 712
112 707
55 694
67 722
41 3
81 713
77 712
74 707
65 714
110 716
61 740
66 732
40 693
65 709
48 701
43 704
56 724
55 715
95 702
48 715
0 1
0 1
49 702
73 724
50 700
73 715
48 706
83 721
42 715
44 716
62 719
46 698
45 697
62 726
33 696
59 716
51 723
40 718
47 722
49 719
69 707
59 705
48 716
51 691
44 700
55 717
54 713
57 717
63 722
48 721
49 696
55 727
59 691
65 720
54 714
57 740
51 707
49 709
45 716
64 727
57 715
49 706
67 715
43 711
62 725
0 1
0 1
55 700
76 703
50 714
79 703
55 707
47 716
45 717
97 697
54 707
57 720
0 1
54 705
36 729
50 696
55 698
47 712
98 714
69 708
46 709
60 722
57 698
44 720
48 731
58 726
68 721
86 706
49 702
37 719
50 703
68 714
47 716
52 712
58 690
0 1
81 690
50 712
0 1
55 726
49 712
48 700
67 709
91 699
59 719
59 703
49 721
83 675
43 690
51 692
40 694
0 1
45 725
50 708
52 715
48 690
53 726
69 706
45 699
66 705
46 723
40 699
73 736
41 726
49 718
49 745
49 690
111 713
50 725
61 736
41 704
45 722
68 710
45 723
41 694
56 714
66 743
58 699
49 712
69 711
47 703
81 729
41 714
50 708
46 731
41 708
50 708
55 702
57 732
47 730
44 699
58 701
41 694
64 735
104 737
58 677
50 718
61 726
46 722
47 712
60 693
54 726
45 717
56 712
58 721
51 748
48 734
60 708
55 697
64 720
73 704
0 1
102 729
49 714
62 663
42 730
40 706
58 708
44 707
46 707
82 700
0 1
40 704
60 699
102 722
43 709
61 710
95 704
57 701
47 710
49 723
51 705
37 717
63 705
0 1
42 691
52 698
62 707
48 737
54 703
47 708
52 706
77 711
49 677
45 713
52 735
108 696
81 708
51 706
48 707
58 723
0 1
70 699
46 698
77 685
72 701
49 708
42 710
49 722
45 707
39 689
0 1
44 705
0 1
57 721
39 689
58 704
39 694
48 742
54 711
44 716
53 705
0 1
49 725
0 1
44 713
47 707
65 719
44 720
82 730
56 697
44 698
53 704
43 711
53 695
51 718
51 707
44 695
74 711
58 706
60 720
54 714
47 704
45 707
55 709
56 723
45 716
83 694
41 726
53 722
57 698
50 702
46 681
45 725
46 719
42 712
50 695
41 734
43 710
56 710
42 729
47 710
48 705
39 710
58 680
46 703
79 724
41 697
65 712
45 702
46 706
51 695
17 2
45 697
50 715
49 708
44 714
38 704
49 701
46 704
46 719
45 710
48 726
45 737
49 708
45 6
52 710
43 706
55 695
40 703
46 700
67 697
0 1
73 707
58 719
46 696
38 714
47 708
55 729
53 714
49 701
54 709
40 726
78 697
49 700
0 1
16 2
45 706
50 688
67 683
42 689
62 708
54 728
40 701
50 689
43 718
55 744
54 718
85 706
55 689
49 713
72 694
44 698
49 707
45 710
42 728
50 718
56 708
63 727
61 716
36 698
68 713
45 735
66 738
42 698
43 696
45 697
49 728
47 714
46 680
36 701
0 1
36 699
50 715
43 709
47 708
0 1
47 713
56 705
68 694
48 705
47 725
40 704
44 725
51 714
55 694
48 717
37 731
43 715
49 711
51 710
46 713
46 711
67 731
43 720
51 666
62 735
43 706
42 716
41 695
37 706
47 704
43 705
48 723
50 720
43 724
55 701
51 733
43 710
42 692
44 723
42 698
62 730
68 706
42 722
56 699
42 710
0 1
50 727
58 735
48 715
45 692
46 704
57 699
52 713
49 719
49 707
56 717
66 712
47 719
46 725
44 713
110 701
47 693
77 703
51 719
47 703
48 711
47 701
51 730
70 702
46 700
43 720
42 703
43 712
41 702
41 705
49 717
41 705
55 710
44 688
71 713
43 715
51 689
44 720
74 723
44 694
51 711
50 719
48 711
51 724
49 721
44 716
49 686
50 696
41 738
0 1
48 731
51 718
0 1
48 718
48 708
62 710
58 721
54 704
48 718
55 698
39 721
50 700
63 688
59 727
58 693
42 714
45 708
44 722
45 702
41 704
50 706
0 1
38 699
54 727
47 706
91 714
55 687
44 705
45 710
49 689
58 714
63 708
44 717
61 700
47 718
61 702
49 725
48 725
50 714
45 708
42 709
52 697
49 709
67 723
46 721
52 693
40 727
44 692
48 706
60 742
65 727
58 711
63 699
74 704
48 710
0 1
43 708
46 735
38 723
44 709
47 701
49 701
89 718
42 710
49 684
43 704
5 2
50 725
57 708
56 707
47 719
60 708
52 708
56 721
56 716
55 709
52 703
86 698
56 693
38 711
40 703
40 705
56 706
53 713
65 694
52 716
62 726
56 709
0 1
45 721
53 707
48 684
49 744
67 706
65 701
69 700
70 683
57 719
46 717
54 722
61 693
46 718
46 701
58 715
0 1
98 708
44 699
43 719
66 733
46 712
61 711
57 703
57 692
169 701
47 711
57 700
74 694
54 702
47 714
51 735
53 2
73 701
53 720
52 710
60 722
49 712
53 719
47 703
54 691
48 725
57 719
46 731
52 735
58 713
47 690
43 727
62 688
43 721
51 704
113 721
51 694
67 698
50 692
67 722
54 729
51 738
102 735
58 730
70 717
52 696
43 676
49 706
88 696
53 720
57 734
55 710
0 1
56 714
71 707
51 719
60 709
50 692
40 699
65 727
58 718
53 702
63 697
52 718
0 1
47 705
51 717
67 713
3 2
93 725
48 703
50 702
52 711
48 710
40 685
46 701
50 719
47 708
54 695
109 724
69 695
54 692
57 711
50 696
52 704
49 703
44 728
55 708
54 706
83 714
75 723
54 715
56 712
52 706
56 713
64 705
98 713
53 705
76 691
120 706
58 725
118 691
44 709
47 726
47 687
60 714
41 704
82 706
53 698
57 702
43 709
58 689
73 705
59 709
49 723
52 719
55 712
56 718
45 726
66 705
115 719
47 704
77 696
0 1
89 723
46 714
63 729
51 703
58 699
60 712
51 715
47 695
46 720
48 733
0 1
47 709
59 714
51 709
46 710
42 705
40 683
56 718
58 717
52 718
56 715
60 696
51 685
55 716
61 710
52 718
82 705
65 713
59 709
57 711
48 704
56 710
57 696
60 686
55 707
40 700
80 721
63 712
67 726
57 728
58 724
0 1
58 692
59 712
44 700
53 705
49 702
44 702
47 711
56 738
69 716
48 702
99 710
0 1
111 697
65 723
72 718
48 696
90 734
57 692
49 721
62 698
61 701
51 722
44 725
49 699
51 711
45 700
0 1
46 709
44 690
55 696
0 1
45 693
66 733
74 707
50 703
63 706
56 712
65 712
80 688
42 702
52 721
55 724
44 724
59 690
43 701
49 715
56 710
45 718
56 697
51 701
57 711
66 689
52 717
58 704
65 722
58 699
50 726
53 685
51 689
63 712
46 692
51 705
77 715
56 713
60 693
52 700
51 709
83 683
66 714
151 696
101 687
63 704
50 714
47 723
59 705
65 713
59 718
83 731
81 702
65 704
45 697
56 729
56 707
86 702
56 706
53 714
66 732
55 714
66 711
65 723
80 709
110 712
