91 696
52 710
55 699
57 715
55 709
75 713
70 706
55 718
54 724
61 716
78 706
77 700
51 728
47 695
87 696
60 702
59 750
46 715
51 708
60 720
67 714
39 700
56 719
58 719
0 1
76 714
63 716
51 704
85 716
0 1
113 709
57 698
64 714
47 701
60 719
59 704
77 701
58 726
78 718
61 722
90 698
63 720
51 716
56 724
59 709
64 742
55 719
73 678
52 731
71 696
43 691
0 1
57 721
54 729
52 723
65 741
51 720
45 705
45 713
67 714
49 703
62 721
43 717
72 717
68 713
63 712
60 691
49 731
64 690
49 692
52 712
57 716
35 713
45 711
97 696
73 716
54 719
48 730
56 705
5 2
142 691
73 717
77 723
65 720
102 706
131 707
109 706
38 698
89 712
58 714
54 706
54 718
67 708
43 701
45 699
52 715
101 709
44 718
49 728
58 706
0 1
70 729
66 703
54 712
51 719
49 691
77 713
53 707
45 693
53 723
43 715
75 691
39 722
51 721
60 698
71 729
62 724
50 716
50 724
44 714
47 699
40 720
48 717
63 721
55 724
69 690
65 711
44 690
65 706
43 746
60 733
37 709
47 704
55 693
61 694
46 716
71 714
61 710
48 707
56 745
67 727
59 733
63 696
78 711
56 714
60 700
62 706
50 723
48 697
88 720
0 1
52 720
55 713
50 713
56 713
42 716
57 716
57 709
48 719
57 680
44 711
44 729
47 710
45 682
66 725
53 696
78 721
78 699
70 726
42 698
51 713
72 726
47 720
52 705
56 716
46 714
58 713
54 706
45 704
48 723
63 704
105 700
47 717
130 701
72 712
69 716
42 701
84 706
51 729
76 724
45 722
48 711
50 691
60 705
42 710
44 690
55 708
70 706
41 707
67 727
80 700
60 726
58 715
44 709
39 698
37 708
0 1
93 711
61 692
60 703
57 701
50 733
43 724
54 717
50 702
57 705
103 737
40 700
53 716
85 697
62 723
89 716
39 707
42 701
54 749
49 715
58 695
52 716
56 689
46 715
47 724
55 724
38 730
51 720
66 684
49 695
52 720
130 686
46 716
42 686
56 688
55 696
48 723
68 707
64 709
56 720
41 713
48 750
56 697
76 705
62 709
88 697
104 709
55 697
51 713
50 719
48 728
38 702
40 692
52 726
54 700
56 693
50 709
62 712
0 1
54 697
51 715
64 724
52 716
44 722
58 685
0 1
43 719
55 712
45 714
50 709
61 688
58 726
49 702
49 712
50 711
57 703
0 1
55 711
42 686
53 686
43 5
72 698
49 710
47 712
77 692
67 689
61 698
0 1
82 728
73 719
45 698
67 712
49 722
71 696
51 703
71 715
53 728
51 704
56 712
67 729
78 718
44 710
0 1
39 689
45 706
21 3
86 713
47 723
62 709
57 699
61 707
72 724
50 722
67 720
44 691
40 728
104 734
42 713
68 718
58 690
52 720
58 710
63 721
48 735
51 708
55 696
51 707
46 707
59 708
43 708
42 712
66 723
44 713
127 728
52 697
0 1
68 724
49 701
43 716
68 716
57 702
49 699
50 711
0 1
48 682
58 701
68 708
50 719
86 705
39 696
81 697
54 704
54 710
45 711
48 740
60 699
52 709
49 708
44 707
0 1
50 732
41 703
52 716
48 708
55 704
40 701
50 736
47 696
43 712
51 721
55 727
50 715
49 713
46 740
37 708
63 706
81 729
48 734
44 702
52 685
47 698
55 712
60 705
43 711
46 716
46 735
46 708
0 1
54 712
47 690
61 709
39 724
46 735
83 692
56 702
49 703
59 711
49 710
42 706
47 696
57 708
46 679
59 732
39 721
80 699
65 713
43 716
80 691
36 711
50 691
44 714
48 712
55 717
42 714
44 700
83 698
50 702
76 700
48 719
45 697
41 694
47 700
37 712
51 696
45 705
65 726
40 718
44 709
61 720
50 700
50 729
37 689
56 708
39 712
0 1
38 698
51 703
54 711
44 699
67 697
47 715
39 721
47 716
43 690
52 704
45 711
42 696
57 697
44 722
37 711
78 715
42 709
43 704
40 726
38 700
49 710
42 702
51 698
43 740
38 716
75 709
47 717
51 734
45 710
38 721
56 705
63 704
53 737
55 702
54 708
56 712
49 718
57 717
97 711
45 700
42 724
47 721
43 715
50 703
42 714
43 695
50 735
51 695
39 737
49 721
47 707
133 722
47 703
42 696
41 713
58 720
43 701
68 687
0 1
55 703
52 685
50 711
42 718
43 701
45 731
45 703
42 708
45 726
64 709
50 718
0 1
45 734
69 697
50 722
55 719
52 693
42 702
0 1
49 709
59 705
44 721
43 711
69 724
0 1
47 718
39 720
41 726
39 728
65 699
54 697
55 711
52 692
47 706
56 707
48 723
40 712
42 703
57 720
37 715
61 6
57 706
50 713
49 724
47 689
40 704
37 716
50 731
46 716
43 698
0 1
41 717
47 697
64 715
45 699
48 714
48 679
45 704
49 702
49 724
45 716
40 706
0 1
40 687
0 1
51 717
55 715
46 688
52 703
44 706
44 718
48 688
41 695
58 704
45 693
52 720
50 695
44 705
52 707
80 693
53 734
46 729
93 693
51 698
44 733
41 714
56 697
53 703
0 1
61 698
50 713
49 700
39 695
131 719
87 705
58 694
48 703
54 710
1 2
54 706
60 680
48 717
48 712
55 722
49 717
39 712
58 719
52 710
49 711
62 696
54 704
45 716
50 712
51 724
87 712
54 701
45 693
95 732
43 698
41 704
45 714
40 694
50 713
55 709
51 704
53 721
49 700
0 1
65 711
61 703
100 687
53 708
57 707
54 725
48 706
48 695
48 706
57 707
50 704
87 710
65 703
52 692
49 717
85 713
49 709
45 710
57 692
0 1
54 705
44 723
45 712
57 675
50 712
44 719
53 709
172 709
46 692
77 717
42 736
50 696
59 726
0 1
46 706
51 716
46 707
42 709
85 702
38 703
56 708
48 720
56 696
56 696
51 716
78 709
72 713
76 714
57 724
50 711
67 699
41 688
51 712
47 709
54 722
0 1
90 722
51 701
48 704
57 726
54 703
44 720
50 712
47 716
49 733
50 715
48 718
45 736
53 695
0 1
64 718
63 717
51 714
38 718
45 705
52 724
55 700
46 709
47 706
56 701
38 715
43 717
0 1
57 717
142 711
47 709
54 686
54 706
46 708
55 731
58 713
45 734
59 709
57 733
45 735
53 714
67 689
42 706
47 712
59 725
52 710
72 715
66 707
58 700
61 713
74 721
50 707
40 705
65 711
43 727
6 2
56 713
97 709
46 715
66 716
55 689
50 748
0 1
66 711
57 734
64 712
48 718
41 724
51 729
42 714
54 701
52 720
58 712
48 711
44 714
72 699
62 711
63 722
42 709
45 696
63 722
44 709
78 719
53 713
61 704
53 726
58 698
49 719
52 712
51 694
52 681
111 718
57 704
49 715
51 692
52 690
52 716
51 692
69 704
53 711
56 709
56 722
64 720
46 717
46 720
57 703
71 715
54 708
53 708
51 731
55 697
51 705
70 714
0 1
57 721
46 704
68 718
52 735
43 689
43 728
48 727
61 688
47 712
47 727
132 681
46 691
44 730
72 716
52 697
73 724
175 701
55 716
48 707
46 711
55 717
43 738
44 738
109 734
57 733
47 706
52 692
52 701
49 727
68 718
52 721
40 695
126 679
60 738
0 1
0 1
45 685
65 672
58 717
47 692
51 731
47 721
45 709
59 696
56 717
47 694
87 712
57 707
59 712
48 688
87 711
55 686
68 695
39 709
47 719
49 709
48 711
52 725
46 699
44 729
57 730
48 701
51 715
57 699
51 696
50 718
51 717
51 698
54 726
69 705
0 1
63 716
52 720
61 720
59 704
62 714
55 710
63 734
47 677
65 711
80 700
57 703
89 715
59 705
54 698
68 716
90 700
74 707
69 711
113 724
121 706
123 721
