0 52 722
1 61 701
2 46 727
3 74 699
4 40 722
5 55 704
6 79 732
7 57 710
8 58 716
9 120 728
10 69 703
11 71 705
12 47 721
13 43 693
14 67 712
15 49 713
16 71 713
17 60 715
18 0 1
19 45 709
20 65 716
21 46 717
22 70 716
23 76 722
24 55 698
25 55 707
26 70 709
27 51 704
28 77 713
29 55 720
30 86 713
31 52 732
32 51 714
33 52 735
34 48 696
35 68 720
36 57 714
37 55 688
38 69 733
39 80 720
40 46 724
41 67 715
42 52 714
43 60 704
44 61 702
45 72 734
46 61 716
47 148 716
48 47 707
49 74 717
50 55 713
51 57 718
52 52 715
53 72 721
54 45 710
55 47 707
56 52 711
57 50 720
58 50 723
59 66 709
60 52 728
61 55 702
62 61 709
63 59 719
64 56 708
65 52 723
66 41 710
67 36 716
68 71 715
69 55 698
70 0 1
71 55 727
72 53 696
73 64 711
74 67 714
75 119 712
76 112 707
77 55 694
78 67 722
79 41 3
80 81 713
81 77 712
82 74 707
83 65 714
84 110 716
85 61 740
86 66 732
87 40 693
88 65 709
89 48 701
90 43 704
91 56 724
92 55 715
93 95 702
94 48 715
95 0 1
96 0 1
97 49 702
98 73 724
99 50 700
100 73 715
101 48 706
102 83 721
103 42 715
104 44 716
105 62 719
106 46 698
107 45 697
108 62 726
109 33 696
110 59 716
111 51 723
112 40 718
113 47 722
114 49 719
115 69 707
116 59 705
117 48 716
118 51 691
119 44 700
120 55 717
121 54 713
122 57 717
123 63 722
124 48 721
125 49 696
126 55 727
127 59 691
128 65 720
129 54 714
130 57 740
131 51 707
132 49 709
133 45 716
134 64 727
135 57 715
136 49 706
137 67 715
138 43 711
139 62 725
140 0 1
141 0 1
142 55 700
143 76 703
144 50 714
145 79 703
146 55 707
147 47 716
148 45 717
149 97 697
150 54 707
151 57 720
152 0 1
153 54 705
154 36 729
155 50 696
156 55 698
157 47 712
158 98 714
159 69 708
160 46 709
161 60 722
162 57 698
163 44 720
164 48 731
165 58 726
166 68 721
167 86 706
168 49 702
169 37 719
170 50 703
171 68 714
172 47 716
173 52 712
174 58 690
175 0 1
176 81 690
177 50 712
178 0 1
179 55 726
180 49 712
181 48 700
182 67 709
183 91 699
184 59 719
185 59 703
186 49 721
187 83 675
188 43 690
189 51 692
190 40 694
191 0 1
192 45 725
193 50 708
194 52 715
195 48 690
196 53 726
197 69 706
198 45 699
199 66 705
200 46 723
201 40 699
202 73 736
203 41 726
204 49 718
205 49 745
206 49 690
207 111 713
208 50 725
209 61 736
210 41 704
211 45 722
212 68 710
213 45 723
214 41 694
215 56 714
216 66 743
217 58 699
218 49 712
219 69 711
220 47 703
221 81 729
222 41 714
223 50 708
224 46 731
225 41 708
226 50 708
227 55 702
228 57 732
229 47 730
230 44 699
231 58 701
232 41 694
233 64 735
234 104 737
235 58 677
236 50 718
237 61 726
238 46 722
239 47 712
240 60 693
241 54 726
242 45 717
243 56 712
244 58 721
245 51 748
246 48 734
247 60 708
248 55 697
249 64 720
250 73 704
251 0 1
252 102 729
253 49 714
254 62 663
255 42 730
256 40 706
257 58 708
258 44 707
259 46 707
260 82 700
261 0 1
262 40 704
263 60 699
264 102 722
265 43 709
266 61 710
267 95 704
268 57 701
269 47 710
270 49 723
271 51 705
272 37 717
273 63 705
274 0 1
275 42 691
276 52 698
277 62 707
278 48 737
279 54 703
280 47 708
281 52 706
282 77 711
283 49 677
284 45 713
285 52 735
286 108 696
287 81 708
288 51 706
289 48 707
290 58 723
291 0 1
292 70 699
293 46 698
294 77 685
295 72 701
296 49 708
297 42 710
298 49 722
299 45 707
300 39 689
301 0 1
302 44 705
303 0 1
304 57 721
305 39 689
306 58 704
307 39 694
308 48 742
309 54 711
310 44 716
311 53 705
312 0 1
313 49 725
314 0 1
315 44 713
316 47 707
317 65 719
318 44 720
319 82 730
320 56 697
321 44 698
322 53 704
323 43 711
324 53 695
325 51 718
326 51 707
327 44 695
328 74 711
329 58 706
330 60 720
331 54 714
332 47 704
333 45 707
334 55 709
335 56 723
336 45 716
337 83 694
338 41 726
339 53 722
340 57 698
341 50 702
342 46 681
343 45 725
344 46 719
345 42 712
346 50 695
347 41 734
348 43 710
349 56 710
350 42 729
351 47 710
352 48 705
353 39 710
354 58 680
355 46 703
356 79 724
357 41 697
358 65 712
359 45 702
360 46 706
361 51 695
362 17 2
363 45 697
364 50 715
365 49 708
366 44 714
367 38 704
368 49 701
369 46 704
370 46 719
371 45 710
372 48 726
373 45 737
374 49 708
375 45 6
376 52 710
377 43 706
378 55 695
379 40 703
380 46 700
381 67 697
382 0 1
383 73 707
384 58 719
385 46 696
386 38 714
387 47 708
388 55 729
389 53 714
390 49 701
391 54 709
392 40 726
393 78 697
394 49 700
395 0 1
396 16 2
397 45 706
398 50 688
399 67 683
400 42 689
401 62 708
402 54 728
403 40 701
404 50 689
405 43 718
406 55 744
407 54 718
408 85 706
409 55 689
410 49 713
411 72 694
412 44 698
413 49 707
414 45 710
415 42 728
416 50 718
417 56 708
418 63 727
419 61 716
420 36 698
421 68 713
422 45 735
423 66 738
424 42 698
425 43 696
426 45 697
427 49 728
428 47 714
429 46 680
430 36 701
431 0 1
432 36 699
433 50 715
434 43 709
435 47 708
436 0 1
437 47 713
438 56 705
439 68 694
440 48 705
441 47 725
442 40 704
443 44 725
444 51 714
445 55 694
446 48 717
447 37 731
448 43 715
449 49 711
450 51 710
451 46 713
452 46 711
453 67 731
454 43 720
455 51 666
456 62 735
457 43 706
458 42 716
459 41 695
460 37 706
461 47 704
462 43 705
463 48 723
464 50 720
465 43 724
466 55 701
467 51 733
468 43 710
469 42 692
470 44 723
471 42 698
472 62 730
473 68 706
474 42 722
475 56 699
476 42 710
477 0 1
478 50 727
479 58 735
480 48 715
481 45 692
482 46 704
483 57 699
484 52 713
485 49 719
486 49 707
487 56 717
488 66 712
489 47 719
490 46 725
491 44 713
492 110 701
493 47 693
494 77 703
495 51 719
496 47 703
497 48 711
498 47 701
499 51 730
500 70 702
501 46 700
502 43 720
503 42 703
504 43 712
505 41 702
506 41 705
507 49 717
508 41 705
509 55 710
510 44 688
511 71 713
512 43 715
513 51 689
514 44 720
515 74 723
516 44 694
517 51 711
518 50 719
519 48 711
520 51 724
521 49 721
522 44 716
523 49 686
524 50 696
525 41 738
526 0 1
527 48 731
528 51 718
529 0 1
530 48 718
531 48 708
532 62 710
533 58 721
534 54 704
535 48 718
536 55 698
537 39 721
538 50 700
539 63 688
540 59 727
541 58 693
542 42 714
543 45 708
544 44 722
545 45 702
546 41 704
547 50 706
548 0 1
549 38 699
550 54 727
551 47 706
552 91 714
553 55 687
554 44 705
555 45 710
556 49 689
557 58 714
558 63 708
559 44 717
560 61 700
561 47 718
562 61 702
563 49 725
564 48 725
565 50 714
566 45 708
567 42 709
568 52 697
569 49 709
570 67 723
571 46 721
572 52 693
573 40 727
574 44 692
575 48 706
576 60 742
577 65 727
578 58 711
579 63 699
580 74 704
581 48 710
582 0 1
583 43 708
584 46 735
585 38 723
586 44 709
587 47 701
588 49 701
589 89 718
590 42 710
591 49 684
592 43 704
593 5 2
594 50 725
595 57 708
596 56 707
597 47 719
598 60 708
599 52 708
600 56 721
601 56 716
602 55 709
603 52 703
604 86 698
605 56 693
606 38 711
607 40 703
608 40 705
609 56 706
610 53 713
611 65 694
612 52 716
613 62 726
614 56 709
615 0 1
616 45 721
617 53 707
618 48 684
619 49 744
620 67 706
621 65 701
622 69 700
623 70 683
624 57 719
625 46 717
626 54 722
627 61 693
628 46 718
629 46 701
630 58 715
631 0 1
632 98 708
633 44 699
634 43 719
635 66 733
636 46 712
637 61 711
638 57 703
639 57 692
640 169 701
641 47 711
642 57 700
643 74 694
644 54 702
645 47 714
646 51 735
647 53 2
648 73 701
649 53 720
650 52 710
651 60 722
652 49 712
653 53 719
654 47 703
655 54 691
656 48 725
657 57 719
658 46 731
659 52 735
660 58 713
661 47 690
662 43 727
663 62 688
664 43 721
665 51 704
666 113 721
667 51 694
668 67 698
669 50 692
670 67 722
671 54 729
672 51 738
673 102 735
674 58 730
675 70 717
676 52 696
677 43 676
678 49 706
679 88 696
680 53 720
681 57 734
682 55 710
683 0 1
684 56 714
685 71 707
686 51 719
687 60 709
688 50 692
689 40 699
690 65 727
691 58 718
692 53 702
693 63 697
694 52 718
695 0 1
696 47 705
697 51 717
698 67 713
699 3 2
700 93 725
701 48 703
702 50 702
703 52 711
704 48 710
705 40 685
706 46 701
707 50 719
708 47 708
709 54 695
710 109 724
711 69 695
712 54 692
713 57 711
714 50 696
715 52 704
716 49 703
717 44 728
718 55 708
719 54 706
720 83 714
721 75 723
722 54 715
723 56 712
724 52 706
725 56 713
726 64 705
727 98 713
728 53 705
729 76 691
730 120 706
731 58 725
732 118 691
733 44 709
734 47 726
735 47 687
736 60 714
737 41 704
738 82 706
739 53 698
740 57 702
741 43 709
742 58 689
743 73 705
744 59 709
745 49 723
746 52 719
747 55 712
748 56 718
749 45 726
750 66 705
751 115 719
752 47 704
753 77 696
754 0 1
755 89 723
756 46 714
757 63 729
758 51 703
759 58 699
760 60 712
761 51 715
762 47 695
763 46 720
764 48 733
765 0 1
766 47 709
767 59 714
768 51 709
769 46 710
770 42 705
771 40 683
772 56 718
773 58 717
774 52 718
775 56 715
776 60 696
777 51 685
778 55 716
779 61 710
780 52 718
781 82 705
782 65 713
783 59 709
784 57 711
785 48 704
786 56 710
787 57 696
788 60 686
789 55 707
790 40 700
791 80 721
792 63 712
793 67 726
794 57 728
795 58 724
796 0 1
797 58 692
798 59 712
799 44 700
800 53 705
801 49 702
802 44 702
803 47 711
804 56 738
805 69 716
806 48 702
807 99 710
808 0 1
809 111 697
810 65 723
811 72 718
812 48 696
813 90 734
814 57 692
815 49 721
816 62 698
817 61 701
818 51 722
819 44 725
820 49 699
821 51 711
822 45 700
823 0 1
824 46 709
825 44 690
826 55 696
827 0 1
828 45 693
829 66 733
830 74 707
831 50 703
832 63 706
833 56 712
834 65 712
835 80 688
836 42 702
837 52 721
838 55 724
839 44 724
840 59 690
841 43 701
842 49 715
843 56 710
844 45 718
845 56 697
846 51 701
847 57 711
848 66 689
849 52 717
850 58 704
851 65 722
852 58 699
853 50 726
854 53 685
855 51 689
856 63 712
857 46 692
858 51 705
859 77 715
860 56 713
861 60 693
862 52 700
863 51 709
864 83 683
865 66 714
866 151 696
867 101 687
868 63 704
869 50 714
870 47 723
871 59 705
872 65 713
873 59 718
874 83 731
875 81 702
876 65 704
877 45 697
878 56 729
879 56 707
880 86 702
881 56 706
882 53 714
883 66 732
884 55 714
885 66 711
886 65 723
887 80 709
888 110 712
