270 59 712
271 43 708
272 47 697
273 44 691
274 41 698
275 44 703
276 58 710
277 52 722
278 49 715
279 57 707
640 0 1
641 61 709
642 59 700
643 88 679
644 44 713
645 47 704
646 48 719
647 97 696
648 58 709
649 52 699
820 76 699
821 53 699
822 60 703
823 58 701
824 45 702
825 54 691
826 43 707
827 61 713
828 47 681
829 90 696
0 79 728
1 46 682
2 62 709
3 58 716
4 44 687
5 60 707
6 62 696
7 48 730
8 58 728
9 14 2
10 77 710
11 64 715
12 54 701
13 59 727
14 64 737
15 77 724
16 64 754
17 80 703
18 53 711
19 62 706
470 41 716
471 46 704
472 46 718
473 84 712
474 57 728
475 84 688
476 56 720
477 53 715
478 50 707
479 81 673
370 54 713
371 40 712
372 52 711
373 64 704
374 47 726
375 0 1
376 48 709
377 101 703
378 0 1
379 42 697
490 53 714
491 57 719
492 61 701
493 48 711
494 54 723
495 51 705
496 48 700
497 41 726
498 54 712
499 48 725
740 74 718
741 57 701
742 0 1
743 79 701
744 50 687
745 61 694
746 49 696
747 75 720
748 0 1
749 51 720
140 50 712
141 74 715
142 49 724
143 0 1
144 96 699
145 51 712
146 57 689
147 49 705
148 6 2
149 79 724
590 43 725
591 56 707
592 43 708
593 84 715
594 48 705
595 41 706
596 57 698
597 78 722
598 52 724
599 77 690
570 40 708
571 50 715
572 51 688
573 58 707
574 44 731
575 42 741
576 67 702
577 0 1
578 44 710
579 56 713
290 49 716
291 85 724
292 52 714
293 97 710
294 86 730
295 66 733
296 0 1
297 51 710
298 53 721
299 51 743
210 74 715
211 48 718
212 47 724
213 54 693
214 52 711
215 44 698
216 81 714
217 48 722
218 0 1
219 52 711
720 59 716
721 0 1
722 55 711
723 62 704
724 45 709
725 72 713
726 51 711
727 15 2
728 50 720
729 58 692
120 66 716
121 56 712
122 43 715
123 49 709
124 50 715
125 66 697
126 60 727
127 46 720
128 64 719
129 64 702
390 57 694
391 42 712
392 48 704
393 61 710
394 47 678
395 54 681
396 88 701
397 45 736
398 50 735
399 66 703
410 74 692
411 51 707
412 48 695
413 69 703
414 49 690
415 48 704
416 55 708
417 44 689
418 64 698
419 45 714
60 51 721
61 90 710
62 55 724
63 72 698
64 53 701
65 55 697
66 66 735
67 52 717
68 65 720
69 49 709
310 42 691
311 80 704
312 115 709
313 46 705
314 62 714
315 44 721
316 39 703
317 62 725
318 51 711
319 67 707
620 51 720
621 47 717
622 48 708
623 49 722
624 42 721
625 0 1
626 52 713
627 52 684
628 60 720
629 55 719
30 47 726
31 67 728
32 60 727
33 62 708
34 47 696
35 49 734
36 60 702
37 0 1
38 73 686
39 65 716
840 51 717
841 52 715
842 48 700
843 103 715
844 37 718
845 46 701
846 62 702
847 93 693
848 67 709
849 53 698
510 41 706
511 0 1
512 55 724
513 55 720
514 55 713
515 66 709
516 43 700
517 32 719
518 50 688
519 47 725
860 58 742
861 64 721
862 75 713
863 50 709
864 46 703
865 66 704
866 0 1
867 72 714
868 56 707
869 87 726
130 100 709
131 49 716
132 48 728
133 55 720
134 54 736
135 48 680
136 54 698
137 53 695
138 46 704
139 44 712
600 52 702
601 52 719
602 68 670
603 51 707
604 0 1
605 42 711
606 55 701
607 51 674
608 46 735
609 52 693
730 51 686
731 54 717
732 0 1
733 72 704
734 49 693
735 50 718
736 61 699
737 41 717
738 0 1
739 62 692
100 73 744
101 57 722
102 0 1
103 51 718
104 48 725
105 64 716
106 64 696
107 45 712
108 48 705
109 43 710
630 71 707
631 39 714
632 0 1
633 62 709
634 48 715
635 74 719
636 38 709
637 49 689
638 44 685
639 52 704
50 51 735
51 86 731
52 51 706
53 51 715
54 56 702
55 47 736
56 45 730
57 50 734
58 53 730
59 56 721
700 88 706
701 55 678
702 53 725
703 48 724
704 57 703
705 57 714
706 58 714
707 65 716
708 46 729
709 0 1
880 71 703
881 53 711
882 62 707
883 60 720
884 84 703
885 52 723
886 75 724
887 85 696
888 199 681
450 42 713
451 0 1
452 44 708
453 50 712
454 43 706
455 45 714
456 49 699
457 49 690
458 43 699
459 47 702
680 53 710
681 51 685
682 59 709
683 45 740
684 77 689
685 123 710
686 43 707
687 58 698
688 0 1
689 45 712
160 47 698
161 50 724
162 58 710
163 52 714
164 52 693
165 43 727
166 66 705
167 73 720
168 54 727
169 46 721
830 50 727
831 49 738
832 46 720
833 50 728
834 61 703
835 64 704
836 48 715
837 90 721
838 50 695
839 49 723
20 49 720
21 47 716
22 63 719
23 55 707
24 54 718
25 56 698
26 71 699
27 91 689
28 60 715
29 75 710
80 89 715
81 71 727
82 56 709
83 49 705
84 61 711
85 0 1
86 76 710
87 45 701
88 51 716
89 43 689
760 56 714
761 46 718
762 43 727
763 49 722
764 50 711
765 64 700
766 76 693
767 65 700
768 55 672
769 46 717
250 62 721
251 78 710
252 65 701
253 45 698
254 49 721
255 53 722
256 42 670
257 47 729
258 50 709
259 40 709
780 57 701
781 54 690
782 79 684
783 49 673
784 44 721
785 63 704
786 63 678
787 58 700
788 46 721
789 50 672
550 50 699
551 51 687
552 57 704
553 65 710
554 43 691
555 42 692
556 54 693
557 49 702
558 41 732
559 44 715
790 56 710
791 57 703
792 63 702
793 44 731
794 52 704
795 47 730
796 72 723
797 78 721
798 62 701
799 51 720
800 50 692
801 45 687
802 49 699
803 37 729
804 58 691
805 62 708
806 47 718
807 0 1
808 80 691
809 87 726
660 109 733
661 66 697
662 56 711
663 77 703
664 43 708
665 48 712
666 50 712
667 46 715
668 76 712
669 48 690
350 40 707
351 0 1
352 49 691
353 52 700
354 82 694
355 46 715
356 76 695
357 47 710
358 66 708
359 73 732
180 48 703
181 67 726
182 58 741
183 70 709
184 0 1
185 83 721
186 58 740
187 52 714
188 40 709
189 44 725
540 53 712
541 73 708
542 42 734
543 52 719
544 44 689
545 57 716
546 43 703
547 44 702
548 56 723
549 48 721
190 44 687
191 46 687
192 53 709
193 94 723
194 52 715
195 49 687
196 59 707
197 0 1
198 39 719
199 67 694
810 43 708
811 77 705
812 80 711
813 0 1
814 71 708
815 45 700
816 50 709
817 49 696
818 52 693
819 47 673
170 48 689
171 47 732
172 49 738
173 89 737
174 57 705
175 45 705
176 55 720
177 55 736
178 55 683
179 56 705
690 44 696
691 47 711
692 48 714
693 78 734
694 67 708
695 66 709
696 48 706
697 71 718
698 62 689
699 105 717
770 54 697
771 63 695
772 45 702
773 67 703
774 61 708
775 55 714
776 56 731
777 50 677
778 59 727
779 58 720
340 59 710
341 61 716
342 55 685
343 54 718
344 50 717
345 70 720
346 46 707
347 55 701
348 48 717
349 50 733
440 51 711
441 42 714
442 55 681
443 76 718
444 56 710
445 66 706
446 39 694
447 46 706
448 39 698
449 43 700
670 64 715
671 57 715
672 58 700
673 88 721
674 46 719
675 0 1
676 59 700
677 46 686
678 46 703
679 59 688
40 58 714
41 63 703
42 52 715
43 92 731
44 66 724
45 65 703
46 58 708
47 103 716
48 50 693
49 57 731
240 54 708
241 56 716
242 55 698
243 61 705
244 51 692
245 53 705
246 53 726
247 57 718
248 46 726
249 63 711
90 57 713
91 0 1
92 48 716
93 74 725
94 54 700
95 55 734
96 0 1
97 47 722
98 50 705
99 54 734
420 47 689
421 75 716
422 49 709
423 62 705
424 51 727
425 35 726
426 46 683
427 43 712
428 40 712
429 46 706
870 75 695
871 37 699
872 46 710
873 54 693
874 61 715
875 78 712
876 54 721
877 83 681
878 59 708
879 51 705
110 44 716
111 65 715
112 52 717
113 43 702
114 54 709
115 58 733
116 95 718
117 56 715
118 73 710
119 49 713
710 53 731
711 56 703
712 68 707
713 51 715
714 55 711
715 62 702
716 47 731
717 46 707
718 56 714
719 47 720
220 52 705
221 42 728
222 47 718
223 58 726
224 58 725
225 47 706
226 53 731
227 49 696
228 65 714
229 47 720
520 52 731
521 90 715
522 54 701
523 48 714
524 46 713
525 33 709
526 47 698
527 61 713
528 44 719
529 45 671
610 51 704
611 62 714
612 53 713
613 49 714
614 51 701
615 51 691
616 52 709
617 62 703
618 41 690
619 47 708
320 55 681
321 40 695
322 72 710
323 44 697
324 63 693
325 55 717
326 51 711
327 53 718
328 85 694
329 51 708
230 42 691
231 59 704
232 53 704
233 55 708
234 85 704
235 48 726
236 55 685
237 67 709
238 44 717
239 55 707
300 50 701
301 73 713
302 52 726
303 44 708
304 159 715
305 44 700
306 55 711
307 47 714
308 49 715
309 55 718
850 45 725
851 56 714
852 50 715
853 63 707
854 47 693
855 39 702
856 46 726
857 54 724
858 47 705
859 59 707
430 44 711
431 58 691
432 46 706
433 51 729
434 52 706
435 66 701
436 42 691
437 43 701
438 48 708
439 41 686
500 60 709
501 41 717
502 43 710
503 43 733
504 57 733
505 42 679
506 55 738
507 45 698
508 54 703
509 60 705
200 55 703
201 45 719
202 78 720
203 40 724
204 49 712
205 48 723
206 53 711
207 58 704
208 50 713
209 46 717
330 61 731
331 68 693
332 51 701
333 51 725
334 47 717
335 48 734
336 46 712
337 0 1
338 63 715
339 84 722
400 41 699
401 72 709
402 49 699
403 38 702
404 45 717
405 47 684
406 44 733
407 39 705
408 88 711
409 42 718
530 56 707
531 44 713
532 37 2
533 59 705
534 0 1
535 37 694
536 57 703
537 43 698
538 57 718
539 55 701
260 58 709
261 42 705
262 57 707
263 53 723
264 0 1
265 41 704
266 55 725
267 71 715
268 56 700
269 46 714
70 100 702
71 52 725
72 53 711
73 71 705
74 56 714
75 70 704
76 78 695
77 50 717
78 95 698
79 153 737
580 51 720
581 42 708
582 56 683
583 49 721
584 48 701
585 51 717
586 58 723
587 54 704
588 56 702
589 50 704
750 50 709
751 43 709
752 48 717
753 74 719
754 54 723
755 64 690
756 62 696
757 50 713
758 60 729
759 60 715
150 56 684
151 48 714
152 62 695
153 54 721
154 50 720
155 48 715
156 56 702
157 49 717
158 52 750
159 44 716
380 43 701
381 46 710
382 49 725
383 65 711
384 48 704
385 44 718
386 60 726
387 51 715
388 53 682
389 0 1
460 43 703
461 42 710
462 51 714
463 46 716
464 0 1
465 48 728
466 78 698
467 49 736
468 49 716
469 46 699
360 40 720
361 44 701
362 58 704
363 48 705
364 48 705
365 61 705
366 50 708
367 46 705
368 46 710
369 43 715
650 55 701
651 55 705
652 47 702
653 86 701
654 59 695
655 13 2
656 44 709
657 68 734
658 53 724
659 45 695
480 39 729
481 39 714
482 48 697
483 55 697
484 43 708
485 45 723
486 46 696
487 51 713
488 74 705
489 44 701
280 48 688
281 39 730
282 48 719
283 52 697
284 40 700
285 72 720
286 146 688
287 52 713
288 42 710
289 49 698
560 46 708
561 38 713
562 62 709
563 48 723
564 55 694
565 48 725
566 48 716
567 42 713
568 54 712
569 45 691
