610 50 726
611 0 1
612 44 711
613 48 695
614 57 712
615 59 677
616 46 709
617 101 703
618 47 699
619 0 1
90 49 713
91 87 691
92 54 718
93 61 723
94 49 731
95 49 707
96 61 697
97 47 717
98 81 709
99 78 701
320 0 1
321 52 702
322 55 714
323 47 719
324 55 722
325 58 698
326 62 707
327 39 718
328 65 726
329 54 726
0 58 707
1 46 720
2 60 709
3 79 705
4 40 716
5 68 715
6 63 716
7 54 718
8 51 701
9 33 2
520 48 702
521 75 728
522 41 697
523 67 701
524 47 726
525 47 710
526 47 676
527 49 719
528 45 720
529 57 713
710 53 724
711 57 705
712 60 685
713 44 718
714 51 686
715 54 714
716 54 704
717 49 697
718 56 695
719 41 684
220 54 697
221 93 729
222 48 718
223 45 712
224 47 710
225 54 719
226 64 688
227 44 733
228 50 735
229 44 701
420 45 734
421 70 731
422 51 715
423 63 697
424 52 715
425 44 685
426 48 742
427 48 697
428 58 702
429 49 738
110 60 696
111 72 711
112 40 693
113 52 716
114 76 723
115 63 723
116 55 707
117 48 697
118 59 720
119 69 713
870 78 713
871 52 697
872 68 714
873 54 736
874 47 696
875 93 728
876 0 1
877 53 714
878 140 673
879 55 709
50 52 733
51 152 686
52 53 713
53 71 712
54 55 707
55 55 736
56 43 708
57 52 712
58 49 712
59 64 716
670 57 706
671 47 716
672 41 726
673 106 720
674 51 725
675 55 692
676 44 702
677 52 707
678 51 704
679 79 734
20 38 722
21 44 712
22 62 705
23 68 705
24 47 724
25 66 720
26 66 702
27 48 702
28 64 723
29 69 726
80 87 715
81 81 725
82 98 699
83 51 681
84 0 1
85 59 703
86 9 3
87 45 714
88 50 710
89 48 715
240 66 701
241 40 716
242 48 721
243 54 724
244 53 674
245 58 701
246 49 721
247 56 686
248 56 720
249 67 714
440 53 691
441 44 699
442 58 724
443 48 702
444 47 712
445 47 712
446 40 714
447 47 711
448 52 705
449 48 696
770 51 716
771 44 697
772 44 725
773 59 717
774 100 693
775 41 726
776 47 719
777 39 716
778 88 715
779 53 707
340 44 723
341 47 710
342 52 726
343 42 712
344 48 675
345 59 714
346 47 704
347 45 723
348 48 709
349 44 692
540 82 676
541 53 737
542 38 696
543 49 691
544 44 699
545 44 702
546 43 704
547 43 719
548 55 716
549 47 721
690 51 738
691 53 714
692 51 725
693 57 711
694 0 1
695 57 706
696 47 709
697 57 699
698 79 717
699 118 695
170 55 712
171 46 715
172 49 706
173 61 701
174 45 695
175 73 712
176 20 2
177 52 691
178 59 711
179 49 730
810 60 717
811 54 715
812 51 687
813 68 699
814 46 736
815 47 695
816 54 711
817 51 716
818 52 740
819 39 723
190 44 692
191 55 706
192 52 722
193 65 702
194 56 740
195 47 718
196 47 710
197 105 718
198 43 693
199 86 720
280 53 726
281 48 721
282 0 1
283 40 710
284 40 684
285 50 717
286 96 712
287 49 703
288 50 702
289 54 695
560 45 725
561 48 725
562 73 711
563 49 704
564 92 709
565 46 711
566 50 711
567 43 701
568 0 1
569 44 708
10 64 719
11 61 724
12 49 699
13 59 702
14 86 716
15 55 722
16 96 713
17 59 713
18 64 734
19 67 716
360 34 696
361 46 714
362 43 674
363 46 695
364 52 719
365 46 723
366 55 709
367 56 724
368 43 711
369 42 684
650 56 698
651 44 710
652 59 706
653 41 708
654 49 714
655 83 718
656 73 699
657 60 711
658 56 732
659 41 689
480 49 713
481 46 704
482 43 707
483 44 701
484 50 711
485 54 694
486 54 722
487 42 694
488 47 705
489 47 721
150 52 719
151 58 722
152 51 728
153 56 707
154 47 705
155 50 712
156 57 697
157 47 695
158 52 706
159 48 714
380 48 718
381 76 712
382 54 723
383 50 723
384 48 714
385 47 713
386 48 699
387 46 708
388 45 722
389 44 720
460 45 747
461 50 725
462 52 699
463 47 708
464 50 723
465 44 711
466 75 712
467 49 699
468 44 714
469 47 724
260 50 707
261 45 706
262 55 702
263 51 713
264 95 691
265 49 717
266 61 713
267 63 727
268 57 726
269 53 717
580 48 732
581 52 706
582 55 716
583 45 724
584 55 707
585 47 711
586 54 696
587 44 717
588 0 1
589 90 714
750 62 715
751 75 730
752 45 679
753 89 691
754 63 709
755 57 714
756 50 682
757 51 733
758 89 692
759 86 726
530 51 721
531 38 710
532 60 717
533 59 702
534 60 719
535 44 732
536 47 706
537 51 717
538 51 718
539 49 695
400 37 709
401 88 773
402 41 710
403 49 717
404 45 697
405 45 695
406 46 693
407 41 723
408 0 1
409 50 694
330 57 731
331 66 686
332 49 718
333 43 695
334 58 724
335 56 718
336 51 699
337 82 716
338 59 712
339 63 714
200 59 713
201 47 696
202 50 716
203 49 709
204 47 689
205 47 727
206 69 711
207 66 713
208 49 722
209 51 706
850 62 702
851 46 690
852 54 705
853 56 696
854 53 706
855 46 724
856 67 682
857 55 678
858 47 698
859 73 722
500 73 705
501 46 694
502 50 701
503 51 708
504 35 697
505 52 696
506 56 719
507 47 725
508 41 714
509 51 699
60 48 714
61 53 716
62 64 710
63 86 719
64 70 711
65 60 708
66 52 721
67 55 721
68 54 687
69 56 731
430 45 716
431 56 729
432 50 739
433 61 711
434 67 729
435 48 714
436 45 686
437 43 721
438 58 701
439 56 710
300 48 692
301 77 738
302 54 715
303 44 719
304 56 713
305 42 704
306 61 695
307 50 714
308 53 711
309 69 727
230 45 712
231 98 701
232 43 731
233 109 692
234 77 733
235 56 714
236 44 718
237 46 711
238 45 720
239 59 703
30 59 705
31 56 728
32 58 704
33 59 702
34 51 719
35 87 735
36 56 719
37 85 707
38 70 687
39 58 719
840 41 692
841 46 704
842 51 734
843 124 714
844 53 715
845 44 718
846 43 710
847 0 1
848 67 718
849 54 706
510 46 706
511 71 741
512 57 711
513 56 700
514 47 702
515 52 706
516 42 694
517 46 719
518 63 700
519 48 723
310 43 709
311 152 717
312 48 4
313 42 706
314 60 721
315 43 673
316 42 678
317 52 702
318 56 711
319 47 713
620 58 712
621 57 689
622 62 712
623 72 703
624 52 707
625 57 744
626 60 719
627 58 718
628 47 712
629 61 704
390 50 730
391 47 741
392 47 708
393 72 703
394 71 693
395 44 721
396 73 719
397 46 699
398 42 699
399 61 713
120 45 715
121 45 710
122 56 733
123 50 700
124 55 721
125 62 712
126 77 716
127 52 707
128 63 725
129 56 701
410 65 732
411 42 715
412 50 734
413 58 727
414 49 724
415 43 730
416 58 695
417 49 712
418 51 716
419 48 723
210 42 707
211 44 697
212 71 710
213 53 720
214 62 726
215 48 683
216 65 707
217 51 699
218 45 734
219 43 718
720 71 719
721 62 700
722 55 707
723 50 726
724 37 700
725 77 700
726 47 695
727 105 711
728 58 727
729 55 718
140 52 726
141 55 705
142 49 709
143 55 718
144 66 716
145 41 694
146 49 710
147 50 703
148 89 698
149 66 723
290 51 718
291 75 707
292 52 728
293 62 722
294 79 713
295 28 2
296 51 728
297 52 718
298 49 719
299 68 697
70 61 691
71 48 712
72 53 712
73 55 710
74 76 718
75 137 702
76 49 712
77 53 714
78 54 714
79 22 3
570 50 732
571 46 695
572 59 727
573 47 708
574 49 692
575 60 699
576 0 1
577 52 687
578 51 701
579 61 727
590 90 719
591 55 715
592 50 696
593 96 715
594 63 712
595 54 697
596 54 712
597 46 692
598 48 718
599 54 727
490 55 708
491 52 729
492 50 721
493 0 1
494 47 684
495 50 697
496 54 718
497 49 711
498 49 713
499 50 702
370 44 709
371 50 695
372 56 705
373 50 714
374 55 682
375 27 6
376 43 692
377 48 728
378 39 730
379 43 734
740 110 703
741 70 732
742 46 707
743 44 702
744 58 704
745 52 696
746 46 701
747 76 717
748 45 693
749 45 700
820 71 718
821 53 698
822 63 720
823 56 691
824 69 718
825 65 701
826 47 713
827 57 715
828 46 713
829 82 694
470 41 710
471 62 725
472 55 727
473 52 703
474 51 739
475 72 692
476 53 709
477 71 711
478 58 707
479 0 1
270 44 714
271 54 703
272 41 696
273 58 724
274 47 669
275 54 689
276 61 721
277 56 671
278 62 701
279 42 701
640 95 699
641 76 702
642 61 692
643 86 718
644 58 708
645 46 702
646 60 706
647 112 709
648 108 684
649 44 711
660 70 721
661 51 704
662 75 697
663 60 713
664 62 712
665 48 693
666 71 713
667 44 697
668 61 720
669 48 706
350 49 692
351 68 705
352 48 705
353 40 721
354 58 718
355 42 718
356 0 1
357 43 712
358 54 692
359 49 733
180 55 723
181 78 732
182 0 1
183 114 697
184 59 712
185 49 707
186 50 712
187 118 721
188 53 722
189 43 687
780 44 716
781 132 726
782 53 701
783 44 700
784 48 730
785 52 708
786 51 677
787 51 708
788 58 702
789 78 677
550 44 723
551 59 690
552 77 733
553 63 698
554 49 711
555 55 698
556 45 703
557 60 718
558 0 1
559 51 704
800 45 720
801 51 687
802 50 702
803 63 690
804 54 727
805 56 701
806 48 693
807 86 705
808 62 705
809 55 709
790 45 692
791 42 719
792 57 725
793 47 714
794 57 726
795 74 708
796 71 695
797 49 718
798 52 688
799 66 724
760 76 714
761 47 718
762 39 704
763 61 708
764 45 710
765 68 700
766 59 718
767 48 732
768 43 712
769 57 723
250 53 702
251 84 725
252 0 1
253 43 714
254 51 698
255 45 706
256 46 723
257 49 688
258 43 688
259 44 683
450 41 705
451 40 708
452 39 705
453 0 1
454 45 713
455 44 701
456 64 709
457 45 732
458 44 698
459 41 712
680 60 677
681 50 727
682 39 718
683 47 719
684 94 692
685 42 717
686 46 694
687 73 711
688 52 703
689 44 703
160 49 727
161 55 708
162 43 702
163 47 689
164 48 733
165 53 719
166 54 692
167 80 712
168 72 711
169 33 724
40 68 709
41 58 711
42 49 697
43 54 714
44 49 727
45 72 735
46 49 691
47 81 701
48 54 728
49 75 715
830 75 699
831 44 707
832 54 691
833 51 714
834 67 702
835 69 716
836 40 705
837 55 720
838 44 714
839 50 696
700 76 711
701 53 700
702 57 717
703 44 704
704 44 727
705 51 701
706 42 712
707 54 696
708 49 703
709 43 716
630 59 711
631 68 699
632 67 681
633 58 689
634 36 706
635 57 725
636 0 1
637 51 720
638 45 711
639 54 691
880 68 724
881 76 713
882 55 716
883 76 711
884 99 692
885 58 706
886 53 711
887 65 711
888 0 1
100 38 2
101 53 698
102 0 1
103 57 678
104 53 723
105 55 734
106 97 720
107 51 723
108 47 713
109 47 732
730 61 716
731 0 1
732 120 717
733 43 707
734 49 706
735 43 694
736 77 691
737 50 717
738 91 718
739 51 723
600 45 703
601 51 690
602 92 708
603 45 696
604 52 688
605 47 694
606 55 686
607 39 702
608 43 711
609 55 708
860 66 725
861 45 691
862 60 703
863 55 703
864 50 707
865 64 713
866 47 702
867 53 710
868 46 700
869 63 695
130 42 722
131 50 716
132 47 736
133 50 705
134 63 705
135 56 701
136 47 690
137 74 709
138 48 698
139 54 705
