730 52 702
731 68 716
732 54 704
733 70 713
734 49 703
735 47 715
736 52 678
737 52 724
738 74 722
739 78 698
600 43 717
601 40 704
602 56 701
603 55 719
604 50 695
605 47 720
606 62 714
607 53 718
608 51 721
609 46 699
860 74 724
861 55 722
862 66 687
863 58 701
864 56 709
865 56 707
866 50 717
867 38 703
868 69 680
869 52 695
130 49 736
131 38 683
132 49 718
133 49 704
134 62 700
135 53 730
136 50 729
137 67 721
138 51 708
139 47 693
700 61 713
701 45 708
702 70 695
703 59 691
704 47 712
705 57 714
706 44 691
707 56 690
708 41 716
709 44 702
30 87 728
31 59 711
32 69 706
33 46 696
34 50 722
35 64 702
36 54 707
37 0 1
38 71 735
39 51 728
630 51 709
631 106 698
632 83 697
633 60 689
634 56 708
635 53 729
636 46 705
637 43 698
638 45 704
639 49 716
880 92 715
881 52 715
882 83 703
883 63 714
884 62 702
885 44 718
886 89 700
887 69 712
888 134 714
60 65 728
61 86 697
62 53 684
63 48 715
64 48 717
65 65 733
66 60 708
67 55 716
68 75 702
69 48 696
100 71 697
101 45 705
102 103 716
103 60 734
104 51 715
105 45 706
106 73 701
107 55 733
108 52 730
109 56 688
760 52 706
761 52 724
762 55 710
763 63 696
764 53 714
765 62 711
766 51 710
767 46 702
768 57 693
769 53 711
250 58 714
251 76 694
252 0 1
253 54 713
254 49 718
255 49 717
256 46 713
257 47 710
258 48 729
259 38 717
10 75 688
11 73 714
12 42 723
13 51 716
14 0 1
15 45 728
16 63 703
17 55 706
18 53 698
19 53 686
450 40 690
451 42 673
452 39 705
453 57 695
454 52 704
455 50 720
456 64 682
457 38 708
458 51 723
459 47 716
680 38 709
681 57 718
682 44 701
683 0 1
684 57 704
685 64 711
686 48 723
687 68 711
688 54 709
689 38 695
160 52 709
161 52 703
162 48 725
163 47 739
164 50 699
165 44 726
166 72 709
167 57 708
168 79 702
169 50 736
830 71 699
831 46 683
832 61 723
833 44 690
834 59 694
835 88 723
836 50 703
837 71 689
838 41 719
839 47 719
660 0 1
661 38 711
662 46 688
663 55 711
664 57 720
665 41 701
666 74 703
667 59 699
668 49 720
669 53 727
350 40 710
351 67 708
352 53 706
353 63 697
354 87 706
355 51 708
356 89 728
357 49 700
358 42 707
359 60 726
180 49 700
181 58 706
182 49 714
183 49 731
184 60 724
185 58 700
186 43 706
187 52 691
188 44 721
189 77 718
780 53 703
781 18 2
782 58 713
783 47 719
784 42 745
785 55 691
786 58 708
787 66 741
788 38 707
789 85 708
550 40 720
551 50 700
552 50 698
553 55 700
554 67 710
555 52 733
556 51 708
557 54 725
558 52 705
559 42 716
790 53 707
791 70 703
792 72 703
793 69 697
794 54 705
795 73 693
796 99 707
797 70 739
798 53 697
799 0 1
800 48 717
801 49 685
802 56 685
803 49 719
804 55 696
805 55 688
806 43 715
807 0 1
808 57 695
809 132 716
820 79 712
821 42 690
822 43 711
823 60 684
824 53 711
825 45 730
826 59 722
827 74 731
828 50 694
829 61 705
470 53 728
471 57 718
472 56 704
473 46 716
474 52 695
475 50 716
476 55 716
477 64 711
478 45 713
479 69 719
270 51 680
271 43 680
272 33 697
273 58 706
274 47 688
275 56 705
276 53 722
277 48 723
278 48 712
279 37 690
80 168 714
81 78 715
82 63 716
83 101 710
84 68 723
85 57 705
86 75 725
87 46 713
88 52 693
89 45 730
640 88 705
641 48 723
642 74 674
643 60 710
644 55 720
645 58 722
646 48 720
647 56 701
648 69 682
649 51 712
20 82 725
21 47 716
22 56 718
23 58 727
24 57 717
25 75 693
26 63 716
27 59 700
28 89 706
29 51 701
140 50 712
141 63 717
142 44 704
143 88 710
144 72 722
145 47 711
146 62 707
147 40 715
148 75 711
149 49 713
290 51 698
291 50 693
292 51 697
293 66 726
294 78 726
295 57 700
296 53 722
297 47 715
298 43 697
299 51 726
590 43 703
591 37 714
592 45 702
593 105 689
594 77 712
595 50 736
596 58 694
597 76 704
598 0 1
599 59 683
570 57 704
571 44 710
572 39 720
573 48 713
574 44 678
575 43 728
576 43 730
577 48 717
578 50 709
579 47 730
490 43 714
491 53 709
492 45 698
493 44 706
494 73 708
495 44 693
496 65 706
497 37 704
498 42 703
499 49 689
370 45 698
371 48 721
372 50 701
373 69 709
374 42 708
375 83 720
376 46 704
377 43 733
378 50 708
379 51 711
740 61 681
741 56 713
742 52 706
743 69 715
744 56 716
745 54 740
746 73 700
747 61 690
748 51 717
749 44 704
390 51 687
391 42 701
392 45 692
393 65 741
394 51 712
395 41 718
396 68 703
397 60 727
398 47 704
399 65 728
120 45 682
121 55 715
122 45 716
123 57 693
124 51 701
125 66 694
126 0 1
127 49 722
128 43 720
129 42 714
410 46 715
411 46 691
412 50 706
413 59 719
414 39 723
415 39 705
416 59 710
417 45 716
418 54 706
419 54 717
0 50 686
1 51 708
2 52 709
3 69 710
4 44 706
5 53 709
6 73 712
7 48 725
8 48 717
9 74 717
210 46 708
211 41 718
212 44 730
213 57 694
214 52 714
215 47 704
216 40 711
217 56 727
218 49 712
219 73 710
720 46 722
721 51 723
722 64 707
723 64 708
724 54 709
725 63 705
726 59 723
727 95 705
728 62 700
729 41 712
840 54 712
841 58 687
842 46 710
843 0 1
844 43 719
845 47 719
846 49 732
847 75 723
848 79 705
849 58 736
50 43 712
51 66 694
52 47 707
53 94 717
54 55 691
55 57 737
56 53 700
57 52 715
58 40 699
59 51 737
510 40 696
511 46 693
512 53 710
513 0 1
514 52 713
515 87 701
516 45 718
517 47 715
518 45 701
519 76 718
90 48 732
91 58 725
92 52 713
93 54 732
94 47 735
95 53 710
96 84 733
97 48 721
98 113 733
99 74 733
310 50 707
311 85 698
312 157 716
313 45 713
314 59 746
315 42 707
316 51 729
317 59 726
318 53 706
319 0 1
620 75 706
621 45 703
622 53 699
623 57 716
624 58 723
625 49 698
626 62 707
627 72 715
628 47 707
629 57 682
850 53 713
851 51 693
852 42 724
853 50 703
854 0 1
855 51 724
856 51 724
857 65 675
858 50 718
859 65 720
500 56 702
501 43 712
502 58 703
503 51 698
504 51 715
505 41 712
506 52 725
507 53 694
508 43 699
509 56 699
430 38 682
431 89 694
432 45 688
433 48 701
434 82 720
435 46 696
436 44 695
437 43 730
438 42 712
439 45 728
300 45 706
301 46 709
302 61 722
303 92 714
304 76 712
305 50 707
306 50 699
307 48 697
308 72 695
309 52 709
230 50 739
231 55 683
232 44 706
233 61 698
234 140 709
235 48 716
236 48 715
237 56 704
238 47 725
239 47 713
530 49 689
531 42 706
532 0 1
533 50 685
534 55 713
535 48 710
536 47 724
537 42 731
538 48 689
539 58 709
400 51 739
401 0 1
402 45 724
403 52 688
404 43 714
405 43 700
406 49 693
407 49 695
408 114 708
409 0 1
330 54 706
331 44 709
332 61 705
333 38 707
334 44 729
335 58 707
336 45 695
337 68 689
338 55 725
339 6 2
200 68 700
201 50 695
202 48 688
203 51 704
204 49 711
205 65 703
206 43 715
207 51 715
208 48 712
209 52 709
150 62 724
151 53 714
152 63 729
153 59 702
154 55 720
155 64 715
156 0 1
157 39 721
158 49 713
159 51 733
380 44 689
381 51 727
382 67 712
383 59 697
384 50 715
385 43 715
386 66 706
387 44 718
388 53 698
389 52 703
460 52 721
461 47 698
462 39 706
463 48 713
464 38 689
465 48 693
466 67 712
467 47 718
468 45 720
469 41 706
260 67 727
261 41 700
262 65 707
263 59 707
264 161 691
265 50 718
266 54 704
267 95 710
268 60 730
269 47 707
580 45 737
581 48 708
582 57 712
583 51 715
584 46 708
585 54 716
586 50 712
587 43 735
588 53 703
589 51 705
750 54 680
751 67 706
752 44 687
753 0 1
754 47 717
755 45 715
756 57 710
757 51 709
758 0 1
759 0 1
40 66 709
41 72 713
42 64 710
43 0 1
44 67 739
45 65 717
46 63 700
47 73 742
48 55 728
49 65 715
280 44 706
281 64 713
282 56 703
283 44 716
284 44 712
285 54 705
286 138 705
287 48 715
288 48 702
289 45 708
560 47 728
561 38 688
562 95 716
563 40 727
564 97 703
565 46 722
566 61 686
567 48 726
568 56 709
569 53 713
360 47 709
361 50 696
362 57 720
363 47 714
364 55 692
365 54 744
366 54 713
367 46 667
368 50 708
369 47 705
650 57 699
651 65 686
652 53 722
653 50 725
654 46 693
655 43 702
656 42 700
657 57 704
658 51 719
659 45 688
480 49 717
481 49 714
482 48 709
483 51 703
484 63 718
485 44 701
486 49 726
487 48 707
488 53 725
489 44 698
770 50 726
771 54 720
772 47 710
773 50 720
774 71 705
775 49 711
776 46 694
777 72 694
778 76 708
779 51 706
340 60 722
341 69 706
342 58 703
343 50 732
344 49 732
345 55 721
346 50 707
347 48 713
348 52 688
349 47 712
70 71 712
71 42 700
72 59 700
73 62 717
74 58 736
75 109 710
76 86 703
77 58 732
78 81 712
79 91 727
540 76 720
541 90 721
542 41 712
543 55 717
544 50 706
545 39 692
546 48 705
547 48 697
548 39 688
549 43 692
690 42 728
691 47 745
692 46 686
693 77 719
694 68 732
695 58 707
696 45 700
697 54 724
698 63 702
699 55 698
190 44 705
191 61 704
192 50 692
193 58 699
194 0 1
195 51 709
196 41 729
197 114 716
198 39 704
199 78 702
170 43 719
171 71 734
172 67 697
173 63 712
174 43 714
175 70 732
176 0 1
177 62 725
178 37 696
179 52 691
810 45 700
811 72 703
812 0 1
813 57 719
814 75 696
815 50 687
816 51 702
817 50 713
818 54 716
819 59 740
670 46 718
671 49 718
672 53 687
673 70 700
674 108 694
675 56 697
676 56 717
677 54 700
678 56 698
679 77 700
240 53 693
241 57 708
242 45 724
243 42 717
244 55 708
245 55 720
246 49 720
247 61 697
248 53 713
249 66 717
440 51 721
441 51 726
442 62 700
443 61 700
444 55 707
445 77 698
446 44 735
447 44 702
448 52 713
449 65 726
710 0 1
711 47 696
712 56 713
713 40 718
714 51 708
715 53 703
716 48 729
717 48 723
718 71 711
719 69 681
220 65 711
221 103 704
222 46 722
223 47 715
224 49 717
225 44 720
226 54 701
227 45 702
228 66 708
229 42 715
420 43 693
421 54 716
422 50 719
423 81 713
424 45 709
425 42 701
426 49 710
427 56 718
428 61 702
429 39 739
110 58 722
111 60 706
112 52 718
113 50 727
114 47 725
115 0 1
116 60 738
117 43 719
118 50 692
119 64 717
870 54 713
871 46 723
872 65 722
873 46 698
874 63 688
875 57 711
876 45 712
877 61 705
878 57 701
879 0 1
610 51 699
611 123 725
612 58 695
613 52 706
614 52 724
615 59 711
616 51 689
617 115 676
618 50 699
619 59 688
320 41 715
321 46 714
322 45 724
323 48 704
324 55 714
325 53 720
326 55 689
327 49 697
328 77 709
329 52 699
520 66 702
521 55 701
522 44 714
523 53 707
524 42 692
525 57 714
526 49 716
527 55 735
528 46 719
529 43 714
