52 707
69 703
64 727
70 726
47 715
61 715
61 706
60 710
49 705
74 707
48 707
58 725
47 714
59 715
71 710
57 745
70 717
59 720
61 727
50 718
74 714
45 712
78 731
82 691
52 724
43 710
66 726
70 717
79 723
63 705
78 715
65 711
48 718
5 2
46 694
61 724
61 701
52 713
58 732
55 701
59 719
58 697
44 727
52 698
65 714
69 734
51 736
70 703
58 710
65 727
46 711
76 709
51 734
70 728
53 722
67 737
45 726
52 739
46 707
65 702
47 706
63 707
50 702
61 694
50 706
74 714
50 699
66 699
82 749
39 697
67 729
43 701
65 727
45 708
51 690
63 706
71 705
56 694
64 699
146 722
90 728
59 721
51 717
41 703
76 736
99 731
76 703
55 711
57 723
46 710
71 693
61 694
50 714
72 701
65 723
53 710
109 701
46 710
57 692
55 697
0 1
63 720
79 700
46 709
54 714
58 700
104 709
47 713
40 720
46 712
59 712
64 739
53 709
54 722
45 709
39 731
55 719
43 727
45 710
54 718
47 716
42 689
43 716
50 712
54 739
64 713
56 747
42 699
53 741
43 710
50 726
49 707
45 694
36 701
43 692
44 711
55 708
56 704
47 701
45 711
57 717
74 706
47 698
53 719
46 725
0 1
78 702
51 722
0 1
73 695
47 693
45 722
58 718
59 708
39 720
53 710
80 709
51 715
52 704
59 709
52 729
62 698
42 712
45 707
56 704
41 699
57 733
71 701
44 703
41 697
47 712
54 700
59 710
57 708
54 687
61 709
0 1
41 690
56 698
51 743
64 707
136 721
65 718
58 712
64 723
49 704
42 729
42 704
59 691
52 707
43 690
71 705
51 718
44 695
49 694
43 723
57 721
63 709
43 709
65 721
56 720
47 696
54 721
48 686
51 706
60 718
39 702
0 1
0 1
56 686
53 705
54 728
61 734
56 709
53 721
43 711
58 686
52 713
60 702
60 705
57 712
49 721
39 708
56 692
55 718
45 742
48 721
50 702
51 713
47 711
54 688
60 683
59 708
0 1
74 703
49 731
38 694
49 697
44 728
49 714
59 714
65 705
47 702
66 692
70 705
66 706
39 702
51 706
43 725
59 718
84 703
120 710
73 730
54 706
59 726
50 709
50 728
44 722
41 689
46 705
53 704
50 719
55 700
50 682
88 717
44 717
52 702
69 705
51 732
48 696
46 723
49 703
41 710
59 714
49 721
50 713
49 696
44 720
0 1
55 734
57 742
58 729
140 689
43 719
46 706
62 713
143 733
46 707
50 713
44 707
59 697
93 711
54 702
81 702
100 693
65 716
45 713
46 708
47 713
84 707
53 699
48 721
42 722
54 697
52 711
59 703
63 711
41 687
62 730
40 695
45 709
0 1
103 698
58 729
60 726
46 688
43 716
43 711
44 725
77 721
50 699
49 712
55 741
57 685
43 705
54 722
56 705
50 700
47 708
42 714
55 694
50 735
62 694
36 682
42 709
46 713
37 700
117 706
88 707
77 721
61 706
54 702
54 715
49 692
54 702
63 685
50 707
45 719
45 713
49 722
41 687
106 706
55 724
61 701
61 720
50 719
78 724
43 699
59 714
0 1
52 722
48 707
0 1
44 697
81 706
78 716
45 713
49 723
47 712
42 676
40 710
46 727
55 712
55 716
61 711
55 716
52 729
45 698
58 697
35 719
39 712
63 725
44 698
46 696
44 687
44 712
46 718
53 720
47 719
56 707
42 691
43 702
38 710
76 736
0 1
47 724
79 716
47 700
39 718
53 707
47 705
54 702
52 713
41 710
43 719
47 698
44 715
42 719
58 702
41 717
53 695
53 686
58 721
47 707
42 707
41 706
55 716
48 700
51 683
65 703
40 684
71 699
38 717
67 710
45 708
51 729
53 718
50 699
45 699
49 695
44 732
49 714
46 734
39 715
50 716
56 695
45 699
51 729
48 709
49 702
48 705
43 715
54 700
55 703
50 714
87 698
53 706
48 711
38 697
52 698
37 703
41 704
45 699
87 704
43 718
50 712
45 710
39 702
50 724
46 717
48 710
49 704
49 701
61 719
43 716
53 697
62 679
55 688
64 718
53 682
52 703
41 704
51 710
54 688
54 714
47 711
41 711
84 701
53 696
47 718
38 685
42 738
54 712
44 699
49 717
53 710
42 723
46 716
0 1
36 708
48 717
49 681
45 693
45 700
54 705
44 690
44 725
44 712
55 686
48 684
73 707
42 707
44 719
37 715
53 719
49 717
87 731
49 690
45 708
73 696
45 708
77 691
48 727
50 706
43 702
68 704
45 724
45 697
50 724
0 1
77 721
60 709
45 716
66 734
48 718
54 683
57 717
46 718
50 699
45 681
49 716
51 709
85 727
49 706
56 719
44 723
52 697
40 688
45 703
44 712
60 682
78 686
48 724
55 695
50 713
45 722
52 692
38 711
61 716
39 701
60 704
50 684
41 725
76 709
46 710
46 731
52 714
44 705
53 711
40 708
50 723
41 702
65 673
52 717
78 710
50 703
48 709
54 697
76 713
43 726
55 709
38 723
59 707
39 727
42 692
44 728
93 702
51 715
49 700
39 724
52 732
45 718
90 713
37 712
0 1
49 692
53 711
43 713
50 737
0 1
57 688
57 678
45 694
108 705
52 698
39 682
46 709
52 717
59 704
57 716
44 695
41 706
43 709
57 697
51 714
38 694
46 721
50 690
54 719
47 719
49 690
54 712
44 699
54 700
66 716
69 700
40 702
0 1
48 716
50 704
70 692
41 706
89 716
75 724
41 690
40 703
57 695
57 712
45 729
46 726
75 696
71 710
57 719
64 675
52 711
57 723
46 705
51 708
59 702
56 714
184 698
50 717
46 716
52 705
55 712
50 701
43 710
57 708
69 726
51 702
54 729
47 716
54 709
46 736
38 707
98 717
47 724
53 724
54 701
42 683
46 714
45 722
49 707
57 702
45 705
51 692
90 733
46 710
54 696
61 718
54 702
49 729
60 707
57 696
72 735
55 715
56 710
43 713
60 712
137 711
44 692
53 710
50 723
110 729
52 718
61 702
45 706
52 732
99 716
56 731
66 719
46 709
52 713
49 724
73 717
0 1
49 681
58 719
57 709
63 693
43 680
45 704
46 712
48 703
41 707
52 691
56 707
111 701
48 718
38 715
56 731
110 712
21 2
65 719
64 702
56 705
57 711
53 696
49 703
49 704
52 738
58 674
52 715
53 720
43 699
48 701
51 730
101 726
67 698
49 695
103 699
56 688
85 727
83 701
40 723
43 717
68 687
39 711
1 2
60 713
56 723
43 710
45 706
61 711
60 727
60 699
46 696
55 702
58 743
45 722
56 733
69 700
43 731
105 695
40 701
107 707
58 689
47 705
48 711
58 705
56 724
50 688
43 711
67 719
41 687
121 702
0 1
62 694
45 716
55 717
45 713
63 721
56 703
64 707
76 686
47 702
42 696
46 700
71 714
60 714
54 700
0 1
76 709
47 720
63 712
51 717
61 728
63 705
53 710
113 688
55 712
46 711
57 725
57 725
45 695
60 724
61 711
58 709
57 711
49 733
39 696
51 670
34 696
44 700
72 712
67 719
46 724
78 689
68 694
20 2
51 725
57 731
50 727
84 735
79 717
47 712
46 717
50 737
49 707
47 723
78 714
54 702
44 705
69 709
46 719
47 711
51 715
48 721
52 696
56 727
59 711
51 730
61 710
46 716
78 723
75 714
50 709
40 683
42 691
45 716
48 723
54 707
49 711
86 714
48 722
70 718
47 707
53 693
63 681
58 721
61 714
46 724
47 715
60 725
42 730
42 723
53 698
59 714
51 726
56 738
53 691
54 705
74 698
54 727
56 685
61 698
117 738
0 1
41 708
63 722
51 725
55 731
57 713
53 696
55 720
60 705
69 699
62 704
57 708
58 716
0 1
60 716
105 700
66 693
63 697
79 713
69 722
145 710
131 719
