180 54 704
181 68 718
182 50 724
183 47 718
184 65 704
185 46 724
186 50 723
187 72 719
188 49 715
189 63 708
350 48 719
351 49 727
352 53 724
353 46 711
354 76 698
355 50 687
356 153 700
357 42 701
358 44 713
359 45 708
660 49 694
661 44 714
662 40 695
663 44 711
664 54 711
665 47 716
666 53 687
667 50 716
668 67 710
669 50 713
800 47 708
801 42 726
802 48 717
803 44 719
804 41 722
805 63 717
806 49 711
807 80 712
808 0 1
809 7 2
790 52 690
791 63 693
792 90 698
793 58 714
794 46 708
795 51 698
796 44 715
797 53 721
798 49 704
799 55 688
550 47 715
551 45 720
552 69 678
553 51 719
554 49 708
555 44 714
556 52 700
557 44 717
558 64 685
559 47 718
780 46 686
781 68 701
782 52 728
783 53 725
784 41 719
785 48 683
786 42 702
787 59 685
788 45 716
789 57 700
250 88 706
251 70 691
252 66 692
253 59 694
254 48 713
255 46 729
256 46 694
257 58 706
258 43 714
259 42 714
760 61 700
761 40 691
762 48 722
763 46 713
764 41 719
765 52 712
766 63 703
767 56 723
768 47 721
769 48 702
830 49 702
831 41 732
832 49 718
833 72 684
834 56 730
835 0 1
836 52 709
837 72 723
838 49 713
839 0 1
160 44 702
161 52 701
162 53 703
163 42 715
164 58 705
165 38 692
166 59 708
167 60 719
168 50 703
169 50 690
680 39 718
681 47 717
682 52 722
683 0 1
684 66 698
685 58 716
686 46 738
687 0 1
688 56 709
689 44 702
450 43 703
451 45 702
452 50 737
453 57 732
454 46 720
455 42 716
456 45 718
457 42 700
458 0 1
459 47 704
880 77 749
881 49 711
882 55 729
883 111 711
884 110 714
885 68 699
886 104 693
887 86 714
888 163 737
630 87 696
631 58 711
632 72 717
633 60 710
634 52 711
635 47 702
636 45 706
637 51 719
638 43 699
639 68 716
700 60 712
701 45 711
702 91 712
703 62 681
704 58 700
705 52 720
706 51 721
707 44 723
708 49 706
709 45 705
100 76 693
101 53 717
102 57 718
103 44 703
104 53 731
105 59 706
106 42 711
107 47 717
108 49 719
109 46 723
70 0 1
71 55 687
72 52 720
73 49 711
74 59 712
75 87 704
76 49 709
77 58 705
78 80 711
79 128 729
600 55 702
601 52 701
602 0 1
603 55 716
604 54 701
605 43 718
606 54 715
607 47 720
608 40 708
609 42 708
730 71 713
731 58 726
732 49 724
733 48 716
734 41 716
735 48 683
736 99 689
737 49 705
738 107 707
739 48 698
130 46 690
131 34 688
132 52 721
133 53 704
134 53 686
135 51 726
136 50 701
137 71 716
138 44 711
139 44 680
860 66 692
861 59 729
862 59 722
863 48 731
864 62 716
865 54 715
866 48 700
867 51 699
868 54 732
869 75 717
510 45 694
511 49 702
512 42 705
513 74 688
514 47 705
515 54 730
516 46 705
517 45 719
518 0 1
519 46 715
840 49 722
841 56 722
842 54 711
843 82 728
844 52 707
845 51 702
846 54 724
847 62 707
848 62 706
849 55 697
620 0 1
621 46 706
622 44 701
623 56 683
624 48 706
625 53 694
626 47 727
627 48 688
628 56 712
629 57 687
90 59 718
91 65 716
92 0 1
93 104 731
94 68 690
95 64 720
96 81 736
97 47 711
98 83 724
99 44 701
310 45 724
311 77 708
312 82 718
313 48 708
314 63 711
315 56 711
316 47 688
317 70 744
318 45 726
319 66 689
410 43 741
411 56 706
412 56 725
413 49 710
414 56 721
415 45 691
416 50 713
417 58 715
418 52 718
419 47 710
120 48 704
121 51 727
122 45 698
123 62 697
124 58 708
125 54 691
126 77 721
127 46 735
128 61 703
129 43 719
390 44 717
391 48 716
392 39 711
393 53 719
394 41 687
395 35 737
396 59 688
397 43 699
398 40 700
399 0 1
40 58 717
41 57 712
42 63 701
43 87 693
44 67 719
45 127 726
46 77 720
47 88 722
48 62 713
49 57 720
720 55 715
721 46 712
722 51 705
723 51 719
724 64 716
725 106 695
726 46 702
727 92 715
728 50 715
729 53 699
210 59 706
211 50 722
212 84 708
213 38 713
214 0 1
215 52 716
216 60 706
217 47 701
218 63 707
219 56 726
570 48 704
571 50 712
572 47 704
573 47 700
574 45 706
575 63 719
576 66 689
577 60 720
578 46 710
579 47 731
590 51 696
591 57 683
592 49 726
593 59 700
594 138 673
595 60 700
596 40 711
597 94 680
598 72 699
599 44 713
290 56 717
291 0 1
292 59 700
293 67 695
294 70 717
295 57 711
296 45 704
297 52 713
298 44 741
299 69 729
140 44 705
141 79 713
142 44 720
143 60 716
144 0 1
145 70 735
146 78 700
147 40 702
148 60 701
149 125 720
740 62 709
741 48 736
742 50 709
743 47 723
744 59 703
745 56 727
746 0 1
747 63 699
748 51 687
749 44 719
370 53 698
371 48 718
372 51 723
373 48 719
374 52 710
375 75 706
376 44 725
377 49 705
378 50 713
379 57 698
490 43 693
491 45 728
492 0 1
493 49 727
494 68 717
495 37 692
496 55 686
497 45 711
498 46 725
499 54 735
470 43 701
471 52 701
472 68 690
473 52 713
474 58 687
475 120 688
476 54 718
477 70 720
478 45 717
479 61 720
820 83 699
821 54 695
822 43 725
823 73 724
824 38 706
825 43 728
826 50 711
827 50 694
828 51 708
829 0 1
640 110 721
641 51 728
642 61 659
643 89 688
644 47 664
645 43 720
646 74 695
647 7 2
648 67 681
649 47 710
270 57 719
271 39 731
272 37 713
273 85 703
274 50 730
275 57 707
276 72 731
277 57 708
278 69 704
279 44 699
560 69 716
561 44 713
562 60 720
563 46 730
564 58 727
565 48 729
566 54 705
567 38 726
568 130 708
569 42 696
280 50 718
281 42 713
282 69 711
283 44 697
284 41 725
285 55 708
286 0 1
287 51 709
288 43 719
289 52 711
480 44 720
481 46 707
482 50 719
483 47 710
484 47 710
485 56 713
486 45 707
487 43 688
488 44 720
489 44 702
650 60 716
651 41 690
652 46 706
653 56 687
654 49 728
655 61 689
656 66 702
657 93 718
658 48 696
659 46 738
360 46 713
361 52 705
362 59 719
363 42 712
364 56 705
365 56 683
366 65 717
367 43 698
368 50 708
369 45 710
460 37 703
461 51 713
462 56 726
463 51 710
464 54 702
465 44 707
466 44 722
467 72 705
468 46 714
469 50 706
50 63 712
51 87 719
52 51 701
53 0 1
54 52 717
55 51 709
56 46 718
57 55 709
58 54 729
59 52 708
380 0 1
381 87 694
382 57 720
383 44 713
384 55 703
385 46 726
386 47 693
387 50 721
388 56 684
389 60 700
150 49 709
151 47 721
152 61 715
153 55 731
154 42 703
155 42 724
156 58 699
157 39 705
158 107 718
159 39 704
750 50 733
751 93 691
752 46 684
753 52 713
754 47 714
755 76 722
756 63 688
757 53 707
758 52 701
759 53 687
580 54 689
581 54 710
582 0 1
583 48 714
584 51 728
585 47 719
586 44 690
587 51 693
588 67 710
589 106 682
260 74 714
261 52 716
262 62 714
263 71 709
264 99 701
265 46 709
266 61 734
267 63 720
268 58 720
269 54 725
400 53 703
401 78 706
402 50 717
403 47 722
404 51 696
405 50 730
406 47 700
407 39 708
408 63 711
409 47 714
530 51 703
531 48 692
532 64 719
533 48 712
534 0 1
535 42 730
536 47 693
537 42 698
538 45 703
539 45 697
20 59 718
21 47 708
22 66 697
23 57 727
24 55 716
25 59 717
26 0 1
27 44 719
28 103 745
29 45 715
80 0 1
81 66 699
82 77 717
83 69 682
84 78 727
85 92 716
86 55 699
87 49 693
88 63 720
89 50 735
200 90 684
201 56 695
202 55 681
203 49 736
204 46 720
205 56 691
206 40 702
207 70 703
208 48 718
209 38 721
330 70 710
331 69 698
332 54 708
333 48 707
334 56 713
335 46 715
336 42 710
337 86 699
338 86 714
339 79 710
430 45 744
431 60 684
432 41 724
433 49 694
434 52 715
435 48 711
436 39 723
437 49 697
438 46 727
439 36 708
500 91 706
501 50 711
502 48 713
503 46 717
504 45 703
505 55 714
506 64 710
507 45 698
508 55 709
509 63 725
850 50 724
851 52 727
852 48 707
853 56 715
854 55 723
855 52 732
856 114 711
857 53 711
858 49 710
859 55 728
0 64 704
1 55 732
2 62 703
3 79 715
4 53 705
5 61 698
6 61 705
7 61 722
8 56 706
9 69 690
230 48 716
231 48 692
232 40 716
233 49 705
234 117 716
235 49 716
236 51 707
237 57 702
238 46 713
239 49 719
300 48 725
301 84 718
302 45 712
303 49 713
304 0 1
305 46 716
306 54 701
307 41 686
308 56 689
309 53 705
10 69 702
11 71 715
12 64 708
13 54 707
14 89 728
15 73 715
16 113 731
17 74 690
18 105 699
19 58 715
320 49 718
321 45 729
322 20 2
323 58 708
324 47 736
325 62 711
326 45 718
327 47 714
328 0 1
329 43 733
610 50 701
611 0 1
612 46 697
613 55 689
614 69 712
615 0 1
616 50 714
617 141 715
618 46 718
619 58 706
520 67 726
521 51 724
522 43 701
523 0 1
524 49 705
525 49 719
526 53 716
527 41 721
528 49 683
529 59 719
220 51 714
221 66 725
222 51 730
223 47 718
224 49 718
225 51 680
226 52 721
227 37 686
228 70 686
229 50 690
710 55 714
711 0 1
712 60 709
713 51 745
714 51 713
715 52 714
716 46 711
717 51 723
718 81 713
719 49 704
110 53 735
111 43 708
112 50 725
113 52 698
114 56 713
115 58 715
116 65 703
117 57 716
118 72 725
119 51 703
870 57 723
871 49 713
872 48 698
873 49 721
874 88 702
875 77 692
876 51 721
877 49 706
878 73 719
879 117 698
420 51 709
421 76 716
422 44 709
423 61 697
424 42 724
425 49 703
426 51 702
427 50 703
428 39 706
429 56 717
240 49 737
241 47 684
242 59 708
243 78 694
244 44 697
245 74 733
246 58 704
247 60 715
248 39 716
249 57 740
670 48 736
671 62 707
672 52 731
673 49 668
674 133 700
675 66 732
676 49 717
677 42 700
678 55 716
679 51 726
440 38 705
441 47 704
442 61 698
443 57 714
444 42 716
445 9 2
446 51 731
447 46 696
448 48 713
449 49 704
340 63 720
341 63 720
342 43 714
343 50 707
344 56 734
345 63 738
346 35 688
347 39 684
348 46 704
349 55 708
770 42 702
771 84 736
772 46 708
773 58 709
774 90 711
775 52 705
776 51 716
777 71 703
778 84 717
779 58 710
30 119 705
31 51 708
32 53 665
33 57 703
34 36 726
35 76 722
36 63 703
37 43 690
38 56 727
39 48 728
170 49 727
171 44 737
172 57 712
173 57 713
174 56 711
175 0 1
176 66 727
177 50 710
178 51 692
179 68 717
810 54 710
811 74 719
812 52 717
813 58 690
814 68 709
815 50 708
816 50 710
817 50 715
818 51 717
819 50 692
190 45 724
191 58 729
192 46 719
193 53 687
194 49 730
195 46 722
196 62 690
197 133 706
198 44 726
199 76 720
690 39 709
691 49 703
692 56 718
693 54 711
694 57 729
695 41 695
696 43 708
697 52 718
698 62 690
699 0 1
60 60 704
61 79 710
62 47 705
63 74 718
64 48 694
65 58 704
66 46 729
67 52 738
68 69 712
69 55 684
540 56 718
541 71 733
542 48 691
543 42 698
544 45 690
545 38 687
546 45 725
547 55 705
548 52 702
549 40 724
