300 49 706
301 154 704
302 55 700
303 89 707
304 0 1
305 53 708
306 38 709
307 53 695
308 54 720
309 47 700
230 40 722
231 67 728
232 52 726
233 77 699
234 99 703
235 66 716
236 48 707
237 61 722
238 51 696
239 63 715
500 0 1
501 55 695
502 47 721
503 44 707
504 61 709
505 45 716
506 53 707
507 56 713
508 35 707
509 46 696
430 46 713
431 50 721
432 49 703
433 53 711
434 68 692
435 55 724
436 55 711
437 45 714
438 63 698
439 63 706
850 64 709
851 39 709
852 42 707
853 49 713
854 51 717
855 43 697
856 62 685
857 55 696
858 56 690
859 47 726
40 58 716
41 81 701
42 0 1
43 78 704
44 68 695
45 1 2
46 60 711
47 79 720
48 45 709
49 83 712
330 50 727
331 70 728
332 63 724
333 55 686
334 40 704
335 52 721
336 49 717
337 69 709
338 47 708
339 67 731
200 54 719
201 47 719
202 81 708
203 40 694
204 50 708
205 63 717
206 0 1
207 54 687
208 0 1
209 61 715
530 52 706
531 60 700
532 71 713
533 57 716
534 57 696
535 46 704
536 49 716
537 39 719
538 42 730
539 46 710
400 44 697
401 157 681
402 44 726
403 40 738
404 59 702
405 51 706
406 57 693
407 46 698
408 86 662
409 38 706
750 54 679
751 93 718
752 56 678
753 90 709
754 59 731
755 58 684
756 56 712
757 49 712
758 59 731
759 80 721
580 84 706
581 48 703
582 54 702
583 53 724
584 55 707
585 39 716
586 56 717
587 51 717
588 129 695
589 62 711
260 52 681
261 55 714
262 44 690
263 85 716
264 68 720
265 52 698
266 52 699
267 71 697
268 67 730
269 53 712
460 48 711
461 47 743
462 41 712
463 45 720
464 44 697
465 45 694
466 50 726
467 59 701
468 42 711
469 45 698
380 48 726
381 97 682
382 68 696
383 95 716
384 40 693
385 53 724
386 51 713
387 47 732
388 65 710
389 42 719
150 54 716
151 51 714
152 58 685
153 63 716
154 0 1
155 47 700
156 68 716
157 49 708
158 57 726
159 63 689
480 41 705
481 45 695
482 49 692
483 46 679
484 47 703
485 40 695
486 44 724
487 35 706
488 78 711
489 38 718
650 48 712
651 52 729
652 53 701
653 46 712
654 57 711
655 48 710
656 48 718
657 58 723
658 40 699
659 41 736
360 41 711
361 57 708
362 65 707
363 46 721
364 79 722
365 0 1
366 49 709
367 40 729
368 47 694
369 44 708
560 54 708
561 41 719
562 59 700
563 50 740
564 46 707
565 55 729
566 50 711
567 40 705
568 62 692
569 45 696
280 53 716
281 42 714
282 61 689
283 40 710
284 43 706
285 0 1
286 0 1
287 54 709
288 52 701
289 46 695
690 47 715
691 49 705
692 47 719
693 53 699
694 60 693
695 67 715
696 51 712
697 58 707
698 58 718
699 84 712
190 46 714
191 79 718
192 59 705
193 79 733
194 45 718
195 41 693
196 42 720
197 64 734
198 40 739
199 79 694
810 92 687
811 63 703
812 59 722
813 47 724
814 77 704
815 56 703
816 42 720
817 51 677
818 40 738
819 47 697
170 52 708
171 68 730
172 55 661
173 70 707
174 46 713
175 69 714
176 61 727
177 57 718
178 43 698
179 52 703
540 0 1
541 75 688
542 41 713
543 46 735
544 48 705
545 40 704
546 43 693
547 41 697
548 47 715
549 37 715
340 47 716
341 69 710
342 45 708
343 51 678
344 64 699
345 57 707
346 43 710
347 50 704
348 49 713
349 47 715
770 44 702
771 53 711
772 44 709
773 56 693
774 87 717
775 35 710
776 48 708
777 57 725
778 101 686
779 53 693
440 49 733
441 42 700
442 47 722
443 50 695
444 51 714
445 109 703
446 43 708
447 45 708
448 48 687
449 54 709
240 55 715
241 67 708
242 54 718
243 46 688
244 60 691
245 63 730
246 52 724
247 50 704
248 101 712
249 0 1
670 46 714
671 47 721
672 48 713
673 84 735
674 102 687
675 83 702
676 51 704
677 45 698
678 65 714
679 49 690
870 89 717
871 59 714
872 51 738
873 47 701
874 54 703
875 68 724
876 0 1
877 48 717
878 41 717
879 83 715
110 60 713
111 59 710
112 52 710
113 56 731
114 67 708
115 61 704
116 62 712
117 46 726
118 51 721
119 60 710
420 47 712
421 45 702
422 42 687
423 78 717
424 41 708
425 66 702
426 47 727
427 37 725
428 58 672
429 35 698
220 48 708
221 15 2
222 46 705
223 48 720
224 48 697
225 45 727
226 67 677
227 51 712
228 59 710
229 51 718
70 65 715
71 49 722
72 44 715
73 37 701
74 79 706
75 77 708
76 51 727
77 51 706
78 51 699
79 173 731
710 65 710
711 60 706
712 93 707
713 60 707
714 58 712
715 50 714
716 62 744
717 55 701
718 62 684
719 59 719
520 60 717
521 47 712
522 46 703
523 50 718
524 53 691
525 49 715
526 48 710
527 45 701
528 45 726
529 75 711
320 50 713
321 47 720
322 94 692
323 44 694
324 0 1
325 63 692
326 66 725
327 57 687
328 93 713
329 56 721
610 56 711
611 65 705
612 48 708
613 69 694
614 57 684
615 66 723
616 49 702
617 53 714
618 46 726
619 49 696
130 69 717
131 54 725
132 44 713
133 0 1
134 69 693
135 42 695
136 49 725
137 57 681
138 40 678
139 55 716
860 66 709
861 61 694
862 50 682
863 43 731
864 45 726
865 93 707
866 69 708
867 44 709
868 52 703
869 53 711
10 58 699
11 78 697
12 53 726
13 53 704
14 70 715
15 57 703
16 69 701
17 65 717
18 59 713
19 0 1
730 54 708
731 57 726
732 60 708
733 82 708
734 50 712
735 46 714
736 51 715
737 42 710
738 63 704
739 1 2
600 47 727
601 53 690
602 91 730
603 51 708
604 55 710
605 45 721
606 42 705
607 50 696
608 41 717
609 52 729
100 0 1
101 63 709
102 67 721
103 38 718
104 51 718
105 47 714
106 64 719
107 43 709
108 62 714
109 54 711
880 0 1
881 53 689
882 57 694
883 117 701
884 57 687
885 69 708
886 114 705
887 93 719
888 5 2
700 78 712
701 51 717
702 76 702
703 51 703
704 60 723
705 49 691
706 39 697
707 50 676
708 46 681
709 49 692
630 94 701
631 65 724
632 82 709
633 49 716
634 50 718
635 61 710
636 51 712
637 53 709
638 41 704
639 54 711
830 48 717
831 42 719
832 89 710
833 51 723
834 66 693
835 56 702
836 51 714
837 64 702
838 45 705
839 45 724
160 51 723
161 64 720
162 50 722
163 52 700
164 59 700
165 49 728
166 55 721
167 57 722
168 45 736
169 44 690
680 50 711
681 66 707
682 54 696
683 66 690
684 76 699
685 47 706
686 47 743
687 68 680
688 69 707
689 46 714
450 47 692
451 50 714
452 40 695
453 61 722
454 41 717
455 42 702
456 82 703
457 48 716
458 44 700
459 37 713
250 68 695
251 163 719
252 67 704
253 51 711
254 46 708
255 41 714
256 44 711
257 51 714
258 43 726
259 47 716
760 60 727
761 43 720
762 47 710
763 54 706
764 60 692
765 49 711
766 69 692
767 50 712
768 44 719
769 51 705
30 95 717
31 54 714
32 57 724
33 51 725
34 45 716
35 81 751
36 62 688
37 0 1
38 68 722
39 48 737
790 42 720
791 77 724
792 65 705
793 63 714
794 71 707
795 61 690
796 126 738
797 50 706
798 58 701
799 40 681
800 43 707
801 52 704
802 52 721
803 45 735
804 58 709
805 45 701
806 41 680
807 86 697
808 66 726
809 60 684
550 49 718
551 39 701
552 54 692
553 57 696
554 49 724
555 53 709
556 48 697
557 42 711
558 58 697
559 45 701
780 42 714
781 87 711
782 74 705
783 47 715
784 53 719
785 51 689
786 65 710
787 45 708
788 52 722
789 72 720
60 58 733
61 0 1
62 50 719
63 104 719
64 57 704
65 69 707
66 0 1
67 51 710
68 106 712
69 51 690
180 49 727
181 52 711
182 49 712
183 46 714
184 65 720
185 75 720
186 44 708
187 53 687
188 53 724
189 50 696
350 50 702
351 84 699
352 58 705
353 49 734
354 70 707
355 48 693
356 94 732
357 51 697
358 59 719
359 67 700
0 63 743
1 62 712
2 50 709
3 0 1
4 49 699
5 54 699
6 58 709
7 49 723
8 52 718
9 69 718
660 0 1
661 50 707
662 51 714
663 91 677
664 46 715
665 45 714
666 0 1
667 43 687
668 74 712
669 50 693
640 10 2
641 60 691
642 54 717
643 75 717
644 55 722
645 45 703
646 51 698
647 67 708
648 65 711
649 52 730
270 48 717
271 49 731
272 36 708
273 0 1
274 49 709
275 54 711
276 57 713
277 49 720
278 51 714
279 48 717
470 49 737
471 41 709
472 58 702
473 50 692
474 46 703
475 72 720
476 51 709
477 49 701
478 55 685
479 80 707
820 52 712
821 52 691
822 50 714
823 64 699
824 61 699
825 48 719
826 48 723
827 50 694
828 45 721
829 63 723
50 41 721
51 87 712
52 56 708
53 76 704
54 57 719
55 57 722
56 50 723
57 52 718
58 56 721
59 56 720
740 0 1
741 52 705
742 38 707
743 56 713
744 52 702
745 70 718
746 88 711
747 0 1
748 54 701
749 45 699
490 44 695
491 57 736
492 83 717
493 66 692
494 47 711
495 52 715
496 67 694
497 46 697
498 45 708
499 47 726
370 45 684
371 52 708
372 50 707
373 54 714
374 52 707
375 76 705
376 0 1
377 50 696
378 51 722
379 46 701
290 0 1
291 60 711
292 51 711
293 49 697
294 86 717
295 0 1
296 45 714
297 44 685
298 47 707
299 54 721
590 0 1
591 55 699
592 43 712
593 59 724
594 83 708
595 57 731
596 53 722
597 59 703
598 87 721
599 51 704
570 39 719
571 65 712
572 47 710
573 52 706
574 45 703
575 45 726
576 46 714
577 48 716
578 49 732
579 51 698
140 63 699
141 76 700
142 44 690
143 61 686
144 45 717
145 79 709
146 59 701
147 53 723
148 63 725
149 68 715
720 47 728
721 44 703
722 44 715
723 62 682
724 51 721
725 53 726
726 50 709
727 66 721
728 62 706
729 61 727
210 56 720
211 46 695
212 62 714
213 50 706
214 53 734
215 54 697
216 75 732
217 48 702
218 46 706
219 62 701
90 51 735
91 70 687
92 52 715
93 51 716
94 52 736
95 54 720
96 70 720
97 47 713
98 88 709
99 53 730
410 55 703
411 52 718
412 45 709
413 70 676
414 47 730
415 44 707
416 47 733
417 41 693
418 75 715
419 52 743
20 56 722
21 49 707
22 63 723
23 59 717
24 61 688
25 101 697
26 0 1
27 82 693
28 85 709
29 55 708
390 51 688
391 47 718
392 51 706
393 158 690
394 56 730
395 41 735
396 63 720
397 43 716
398 39 730
399 64 722
80 0 1
81 71 704
82 73 685
83 57 698
84 94 692
85 108 719
86 65 697
87 45 702
88 66 733
89 45 711
120 52 711
121 48 717
122 51 710
123 51 688
124 41 694
125 0 1
126 74 715
127 52 702
128 48 724
129 45 684
620 69 698
621 63 707
622 51 710
623 50 727
624 47 728
625 59 712
626 42 713
627 95 701
628 55 708
629 53 725
310 60 702
311 83 698
312 99 730
313 41 698
314 51 718
315 52 718
316 39 695
317 52 690
318 0 1
319 58 699
510 43 723
511 49 689
512 54 700
513 56 703
514 60 713
515 107 728
516 55 715
517 52 701
518 46 689
519 0 1
840 35 739
841 44 715
842 40 723
843 166 689
844 62 721
845 46 728
846 65 709
847 62 713
848 68 699
849 77 713
