0 91 696
1 52 710
2 55 699
3 57 715
4 55 709
5 75 713
6 70 706
7 55 718
8 54 724
9 61 716
10 78 706
11 77 700
12 51 728
13 47 695
14 87 696
15 60 702
16 59 750
17 46 715
18 51 708
19 60 720
20 67 714
21 39 700
22 56 719
23 58 719
24 0 1
25 76 714
26 63 716
27 51 704
28 85 716
29 0 1
30 113 709
31 57 698
32 64 714
33 47 701
34 60 719
35 59 704
36 77 701
37 58 726
38 78 718
39 61 722
40 90 698
41 63 720
42 51 716
43 56 724
44 59 709
45 64 742
46 55 719
47 73 678
48 52 731
49 71 696
50 43 691
51 0 1
52 57 721
53 54 729
54 52 723
55 65 741
56 51 720
57 45 705
58 45 713
59 67 714
60 49 703
61 62 721
62 43 717
63 72 717
64 68 713
65 63 712
66 60 691
67 49 731
68 64 690
69 49 692
70 52 712
71 57 716
72 35 713
73 45 711
74 97 696
75 73 716
76 54 719
77 48 730
78 56 705
79 5 2
80 142 691
81 73 717
82 77 723
83 65 720
84 102 706
85 131 707
86 109 706
87 38 698
88 89 712
89 58 714
90 54 706
91 54 718
92 67 708
93 43 701
94 45 699
95 52 715
96 101 709
97 44 718
98 49 728
99 58 706
100 0 1
101 70 729
102 66 703
103 54 712
104 51 719
105 49 691
106 77 713
107 53 707
108 45 693
109 53 723
110 43 715
111 75 691
112 39 722
113 51 721
114 60 698
115 71 729
116 62 724
117 50 716
118 50 724
119 44 714
120 47 699
121 40 720
122 48 717
123 63 721
124 55 724
125 69 690
126 65 711
127 44 690
128 65 706
129 43 746
130 60 733
131 37 709
132 47 704
133 55 693
134 61 694
135 46 716
136 71 714
137 61 710
138 48 707
139 56 745
140 67 727
141 59 733
142 63 696
143 78 711
144 56 714
145 60 700
146 62 706
147 50 723
148 48 697
149 88 720
150 0 1
151 52 720
152 55 713
153 50 713
154 56 713
155 42 716
156 57 716
157 57 709
158 48 719
159 57 680
160 44 711
161 44 729
162 47 710
163 45 682
164 66 725
165 53 696
166 78 721
167 78 699
168 70 726
169 42 698
170 51 713
171 72 726
172 47 720
173 52 705
174 56 716
175 46 714
176 58 713
177 54 706
178 45 704
179 48 723
180 63 704
181 105 700
182 47 717
183 130 701
184 72 712
185 69 716
186 42 701
187 84 706
188 51 729
189 76 724
190 45 722
191 48 711
192 50 691
193 60 705
194 42 710
195 44 690
196 55 708
197 70 706
198 41 707
199 67 727
200 80 700
201 60 726
202 58 715
203 44 709
204 39 698
205 37 708
206 0 1
207 93 711
208 61 692
209 60 703
210 57 701
211 50 733
212 43 724
213 54 717
214 50 702
215 57 705
216 103 737
217 40 700
218 53 716
219 85 697
220 62 723
221 89 716
222 39 707
223 42 701
224 54 749
225 49 715
226 58 695
227 52 716
228 56 689
229 46 715
230 47 724
231 55 724
232 38 730
233 51 720
234 66 684
235 49 695
236 52 720
237 130 686
238 46 716
239 42 686
240 56 688
241 55 696
242 48 723
243 68 707
244 64 709
245 56 720
246 41 713
247 48 750
248 56 697
249 76 705
250 62 709
251 88 697
252 104 709
253 55 697
254 51 713
255 50 719
256 48 728
257 38 702
258 40 692
259 52 726
260 54 700
261 56 693
262 50 709
263 62 712
264 0 1
265 54 697
266 51 715
267 64 724
268 52 716
269 44 722
270 58 685
271 0 1
272 43 719
273 55 712
274 45 714
275 50 709
276 61 688
277 58 726
278 49 702
279 49 712
280 50 711
281 57 703
282 0 1
283 55 711
284 42 686
285 53 686
286 43 5
287 72 698
288 49 710
289 47 712
290 77 692
291 67 689
292 61 698
293 0 1
294 82 728
295 73 719
296 45 698
297 67 712
298 49 722
299 71 696
300 51 703
301 71 715
302 53 728
303 51 704
304 56 712
305 67 729
306 78 718
307 44 710
308 0 1
309 39 689
310 45 706
311 21 3
312 86 713
313 47 723
314 62 709
315 57 699
316 61 707
317 72 724
318 50 722
319 67 720
320 44 691
321 40 728
322 104 734
323 42 713
324 68 718
325 58 690
326 52 720
327 58 710
328 63 721
329 48 735
330 51 708
331 55 696
332 51 707
333 46 707
334 59 708
335 43 708
336 42 712
337 66 723
338 44 713
339 127 728
340 52 697
341 0 1
342 68 724
343 49 701
344 43 716
345 68 716
346 57 702
347 49 699
348 50 711
349 0 1
350 48 682
351 58 701
352 68 708
353 50 719
354 86 705
355 39 696
356 81 697
357 54 704
358 54 710
359 45 711
360 48 740
361 60 699
362 52 709
363 49 708
364 44 707
365 0 1
366 50 732
367 41 703
368 52 716
369 48 708
370 55 704
371 40 701
372 50 736
373 47 696
374 43 712
375 51 721
376 55 727
377 50 715
378 49 713
379 46 740
380 37 708
381 63 706
382 81 729
383 48 734
384 44 702
385 52 685
386 47 698
387 55 712
388 60 705
389 43 711
390 46 716
391 46 735
392 46 708
393 0 1
394 54 712
395 47 690
396 61 709
397 39 724
398 46 735
399 83 692
400 56 702
401 49 703
402 59 711
403 49 710
404 42 706
405 47 696
406 57 708
407 46 679
408 59 732
409 39 721
410 80 699
411 65 713
412 43 716
413 80 691
414 36 711
415 50 691
416 44 714
417 48 712
418 55 717
419 42 714
420 44 700
421 83 698
422 50 702
423 76 700
424 48 719
425 45 697
426 41 694
427 47 700
428 37 712
429 51 696
430 45 705
431 65 726
432 40 718
433 44 709
434 61 720
435 50 700
436 50 729
437 37 689
438 56 708
439 39 712
440 0 1
441 38 698
442 51 703
443 54 711
444 44 699
445 67 697
446 47 715
447 39 721
448 47 716
449 43 690
450 52 704
451 45 711
452 42 696
453 57 697
454 44 722
455 37 711
456 78 715
457 42 709
458 43 704
459 40 726
460 38 700
461 49 710
462 42 702
463 51 698
464 43 740
465 38 716
466 75 709
467 47 717
468 51 734
469 45 710
470 38 721
471 56 705
472 63 704
473 53 737
474 55 702
475 54 708
476 56 712
477 49 718
478 57 717
479 97 711
480 45 700
481 42 724
482 47 721
483 43 715
484 50 703
485 42 714
486 43 695
487 50 735
488 51 695
489 39 737
490 49 721
491 47 707
492 133 722
493 47 703
494 42 696
495 41 713
496 58 720
497 43 701
498 68 687
499 0 1
500 55 703
501 52 685
502 50 711
503 42 718
504 43 701
505 45 731
506 45 703
507 42 708
508 45 726
509 64 709
510 50 718
511 0 1
512 45 734
513 69 697
514 50 722
515 55 719
516 52 693
517 42 702
518 0 1
519 49 709
520 59 705
521 44 721
522 43 711
523 69 724
524 0 1
525 47 718
526 39 720
527 41 726
528 39 728
529 65 699
530 54 697
531 55 711
532 52 692
533 47 706
534 56 707
535 48 723
536 40 712
537 42 703
538 57 720
539 37 715
540 61 6
541 57 706
542 50 713
543 49 724
544 47 689
545 40 704
546 37 716
547 50 731
548 46 716
549 43 698
550 0 1
551 41 717
552 47 697
553 64 715
554 45 699
555 48 714
556 48 679
557 45 704
558 49 702
559 49 724
560 45 716
561 40 706
562 0 1
563 40 687
564 0 1
565 51 717
566 55 715
567 46 688
568 52 703
569 44 706
570 44 718
571 48 688
572 41 695
573 58 704
574 45 693
575 52 720
576 50 695
577 44 705
578 52 707
579 80 693
580 53 734
581 46 729
582 93 693
583 51 698
584 44 733
585 41 714
586 56 697
587 53 703
588 0 1
589 61 698
590 50 713
591 49 700
592 39 695
593 131 719
594 87 705
595 58 694
596 48 703
597 54 710
598 1 2
599 54 706
600 60 680
601 48 717
602 48 712
603 55 722
604 49 717
605 39 712
606 58 719
607 52 710
608 49 711
609 62 696
610 54 704
611 45 716
612 50 712
613 51 724
614 87 712
615 54 701
616 45 693
617 95 732
618 43 698
619 41 704
620 45 714
621 40 694
622 50 713
623 55 709
624 51 704
625 53 721
626 49 700
627 0 1
628 65 711
629 61 703
630 100 687
631 53 708
632 57 707
633 54 725
634 48 706
635 48 695
636 48 706
637 57 707
638 50 704
639 87 710
640 65 703
641 52 692
642 49 717
643 85 713
644 49 709
645 45 710
646 57 692
647 0 1
648 54 705
649 44 723
650 45 712
651 57 675
652 50 712
653 44 719
654 53 709
655 172 709
656 46 692
657 77 717
658 42 736
659 50 696
660 59 726
661 0 1
662 46 706
663 51 716
664 46 707
665 42 709
666 85 702
667 38 703
668 56 708
669 48 720
670 56 696
671 56 696
672 51 716
673 78 709
674 72 713
675 76 714
676 57 724
677 50 711
678 67 699
679 41 688
680 51 712
681 47 709
682 54 722
683 0 1
684 90 722
685 51 701
686 48 704
687 57 726
688 54 703
689 44 720
690 50 712
691 47 716
692 49 733
693 50 715
694 48 718
695 45 736
696 53 695
697 0 1
698 64 718
699 63 717
700 51 714
701 38 718
702 45 705
703 52 724
704 55 700
705 46 709
706 47 706
707 56 701
708 38 715
709 43 717
710 0 1
711 57 717
712 142 711
713 47 709
714 54 686
715 54 706
716 46 708
717 55 731
718 58 713
719 45 734
720 59 709
721 57 733
722 45 735
723 53 714
724 67 689
725 42 706
726 47 712
727 59 725
728 52 710
729 72 715
730 66 707
731 58 700
732 61 713
733 74 721
734 50 707
735 40 705
736 65 711
737 43 727
738 6 2
739 56 713
740 97 709
741 46 715
742 66 716
743 55 689
744 50 748
745 0 1
746 66 711
747 57 734
748 64 712
749 48 718
750 41 724
751 51 729
752 42 714
753 54 701
754 52 720
755 58 712
756 48 711
757 44 714
758 72 699
759 62 711
760 63 722
761 42 709
762 45 696
763 63 722
764 44 709
765 78 719
766 53 713
767 61 704
768 53 726
769 58 698
770 49 719
771 52 712
772 51 694
773 52 681
774 111 718
775 57 704
776 49 715
777 51 692
778 52 690
779 52 716
780 51 692
781 69 704
782 53 711
783 56 709
784 56 722
785 64 720
786 46 717
787 46 720
788 57 703
789 71 715
790 54 708
791 53 708
792 51 731
793 55 697
794 51 705
795 70 714
796 0 1
797 57 721
798 46 704
799 68 718
800 52 735
801 43 689
802 43 728
803 48 727
804 61 688
805 47 712
806 47 727
807 132 681
808 46 691
809 44 730
810 72 716
811 52 697
812 73 724
813 175 701
814 55 716
815 48 707
816 46 711
817 55 717
818 43 738
819 44 738
820 109 734
821 57 733
822 47 706
823 52 692
824 52 701
825 49 727
826 68 718
827 52 721
828 40 695
829 126 679
830 60 738
831 0 1
832 0 1
833 45 685
834 65 672
835 58 717
836 47 692
837 51 731
838 47 721
839 45 709
840 59 696
841 56 717
842 47 694
843 87 712
844 57 707
845 59 712
846 48 688
847 87 711
848 55 686
849 68 695
850 39 709
851 47 719
852 49 709
853 48 711
854 52 725
855 46 699
856 44 729
857 57 730
858 48 701
859 51 715
860 57 699
861 51 696
862 50 718
863 51 717
864 51 698
865 54 726
866 69 705
867 0 1
868 63 716
869 52 720
870 61 720
871 59 704
872 62 714
873 55 710
874 63 734
875 47 677
876 65 711
877 80 700
878 57 703
879 89 715
880 59 705
881 54 698
882 68 716
883 90 700
884 74 707
885 69 711
886 113 724
887 121 706
888 123 721
