0 78 731
1 60 737
2 57 716
3 67 719
4 62 732
5 81 736
6 0 1
7 57 687
8 49 722
9 53 716
10 105 709
11 56 722
12 44 704
13 52 691
14 92 733
15 64 725
16 70 712
17 63 718
18 75 700
19 56 734
20 48 702
21 58 712
22 54 716
23 48 716
24 39 702
25 82 715
26 65 710
27 51 697
28 89 723
29 60 708
30 80 721
31 57 704
32 52 717
33 53 709
34 42 710
35 51 715
36 61 707
37 53 726
38 72 705
39 51 705
40 77 704
41 63 687
42 67 738
43 0 1
44 59 705
45 107 708
46 62 717
47 75 724
48 45 692
49 63 707
50 46 713
51 138 705
52 43 717
53 68 691
54 59 715
55 51 701
56 55 709
57 56 736
58 48 711
59 65 721
60 51 719
61 0 1
62 51 715
63 56 723
64 91 727
65 80 708
66 84 703
67 70 716
68 64 690
69 47 716
70 50 723
71 59 702
72 73 708
73 51 723
74 59 721
75 78 717
76 66 716
77 49 715
78 73 722
79 117 707
80 102 696
81 74 731
82 72 713
83 73 704
84 61 716
85 67 717
86 3 2
87 47 715
88 55 708
89 44 682
90 88 715
91 47 707
92 44 711
93 62 732
94 50 730
95 35 704
96 73 721
97 49 711
98 37 716
99 58 716
100 52 690
101 66 704
102 82 690
103 49 703
104 59 725
105 50 721
106 101 717
107 46 711
108 49 716
109 45 716
110 61 731
111 80 699
112 45 706
113 57 715
114 44 727
115 54 701
116 52 726
117 46 712
118 52 719
119 57 704
120 46 721
121 66 716
122 44 702
123 48 705
124 53 707
125 73 708
126 96 699
127 50 702
128 81 708
129 54 698
130 0 1
131 41 732
132 48 714
133 56 727
134 102 729
135 56 698
136 52 732
137 60 702
138 43 709
139 55 728
140 53 689
141 89 724
142 52 717
143 24 2
144 0 1
145 62 717
146 48 713
147 34 709
148 51 717
149 66 738
150 69 725
151 61 721
152 55 705
153 60 713
154 46 708
155 54 705
156 63 704
157 49 693
158 57 716
159 44 723
160 60 723
161 5 2
162 39 708
163 49 720
164 42 703
165 48 697
166 59 720
167 75 723
168 84 722
169 39 705
170 50 696
171 59 709
172 53 718
173 52 705
174 0 1
175 89 728
176 51 690
177 58 724
178 64 699
179 67 704
180 52 710
181 68 693
182 94 714
183 19 2
184 55 705
185 50 717
186 56 715
187 72 713
188 54 716
189 49 688
190 40 712
191 69 704
192 48 702
193 54 707
194 49 719
195 42 715
196 42 716
197 56 710
198 48 720
199 73 706
200 70 692
201 58 730
202 44 731
203 43 703
204 47 695
205 40 712
206 40 701
207 58 719
208 41 700
209 50 705
210 59 722
211 44 704
212 48 696
213 47 722
214 48 740
215 52 708
216 64 720
217 44 710
218 49 703
219 69 705
220 48 721
221 105 727
222 51 720
223 45 708
224 48 706
225 47 712
226 55 728
227 50 699
228 67 708
229 42 719
230 44 694
231 57 720
232 37 720
233 0 1
234 4 2
235 58 719
236 42 722
237 65 698
238 43 715
239 54 729
240 67 720
241 38 714
242 50 712
243 59 688
244 43 703
245 53 705
246 43 706
247 43 688
248 56 709
249 78 702
250 99 709
251 0 1
252 46 719
253 43 716
254 46 714
255 51 719
256 53 723
257 39 720
258 43 703
259 47 720
260 61 701
261 60 715
262 53 698
263 48 695
264 85 727
265 41 729
266 46 721
267 72 681
268 0 1
269 65 709
270 48 755
271 50 713
272 38 714
273 51 697
274 45 708
275 44 702
276 49 687
277 58 713
278 54 714
279 49 689
280 47 702
281 39 702
282 0 1
283 54 697
284 53 690
285 52 710
286 91 735
287 53 693
288 46 727
289 45 707
290 52 704
291 57 697
292 125 700
293 68 707
294 49 708
295 74 732
296 0 1
297 49 715
298 39 709
299 51 706
300 51 694
301 99 704
302 46 721
303 56 698
304 80 717
305 44 716
306 84 708
307 35 714
308 73 722
309 47 714
310 52 688
311 9 3
312 76 705
313 40 705
314 91 730
315 52 718
316 45 710
317 47 712
318 46 713
319 0 1
320 46 714
321 47 709
322 50 700
323 62 690
324 49 713
325 62 709
326 58 709
327 49 721
328 59 726
329 54 722
330 51 711
331 53 716
332 75 718
333 62 708
334 57 714
335 47 709
336 38 712
337 69 705
338 56 712
339 65 690
340 60 716
341 52 705
342 50 713
343 47 728
344 0 1
345 58 710
346 51 716
347 54 710
348 71 708
349 59 724
350 55 695
351 56 705
352 41 708
353 50 711
354 59 724
355 45 692
356 68 734
357 54 716
358 51 720
359 117 712
360 37 687
361 56 724
362 63 700
363 47 696
364 47 717
365 50 704
366 57 684
367 51 725
368 56 725
369 45 716
370 67 709
371 47 717
372 72 691
373 54 722
374 51 697
375 2 3
376 54 705
377 58 721
378 52 709
379 45 730
380 59 733
381 53 737
382 57 716
383 56 705
384 51 687
385 48 715
386 62 721
387 42 708
388 59 709
389 65 722
390 52 717
391 45 712
392 55 710
393 67 733
394 47 706
395 50 713
396 0 1
397 39 692
398 47 698
399 61 719
400 60 717
401 91 717
402 51 720
403 40 704
404 50 723
405 59 704
406 46 700
407 37 710
408 84 712
409 39 706
410 60 699
411 56 711
412 46 699
413 66 693
414 52 716
415 42 699
416 45 704
417 61 707
418 51 718
419 47 723
420 45 730
421 66 724
422 48 715
423 75 718
424 46 722
425 47 703
426 48 705
427 42 699
428 47 708
429 45 705
430 33 722
431 58 696
432 53 707
433 47 736
434 56 701
435 55 729
436 45 714
437 37 709
438 51 718
439 47 705
440 52 716
441 44 708
442 66 728
443 34 707
444 51 724
445 84 732
446 40 724
447 47 711
448 48 705
449 51 733
450 46 709
451 57 710
452 49 715
453 53 723
454 44 718
455 46 721
456 71 713
457 35 696
458 45 734
459 51 701
460 52 701
461 43 720
462 43 698
463 47 694
464 37 718
465 46 709
466 49 719
467 71 720
468 49 725
469 50 693
470 45 703
471 77 697
472 46 729
473 45 717
474 47 728
475 52 701
476 54 679
477 51 731
478 43 709
479 88 687
480 43 722
481 41 702
482 0 1
483 41 696
484 60 719
485 43 708
486 52 715
487 49 726
488 47 700
489 57 726
490 51 700
491 47 716
492 51 709
493 54 715
494 44 723
495 53 705
496 40 712
497 44 699
498 42 704
499 57 698
500 64 707
501 62 700
502 47 704
503 42 709
504 46 712
505 42 704
506 97 696
507 44 699
508 44 715
509 66 735
510 50 725
511 0 1
512 50 716
513 67 714
514 50 720
515 57 710
516 45 725
517 38 696
518 55 717
519 110 703
520 56 711
521 78 702
522 0 1
523 52 709
524 47 687
525 41 714
526 42 712
527 49 704
528 51 711
529 73 714
530 55 707
531 46 712
532 56 711
533 0 1
534 51 713
535 44 719
536 52 720
537 41 718
538 46 718
539 42 708
540 57 733
541 66 707
542 44 689
543 41 719
544 43 714
545 55 710
546 45 697
547 41 706
548 47 711
549 34 714
550 49 696
551 42 693
552 60 727
553 56 704
554 42 730
555 51 710
556 54 718
557 50 696
558 49 683
559 47 730
560 45 704
561 43 712
562 114 714
563 55 701
564 61 698
565 57 704
566 52 707
567 43 717
568 71 707
569 43 692
570 53 690
571 49 726
572 54 696
573 64 707
574 43 710
575 44 707
576 45 715
577 49 714
578 47 714
579 0 1
580 52 717
581 61 723
582 69 727
583 47 692
584 61 704
585 43 715
586 51 707
587 50 686
588 41 696
589 58 695
590 45 707
591 48 711
592 49 698
593 81 726
594 51 701
595 45 723
596 54 730
597 52 701
598 50 708
599 46 717
600 47 698
601 47 731
602 99 702
603 44 719
604 58 726
605 45 717
606 51 697
607 54 699
608 59 721
609 48 729
610 53 714
611 76 717
612 53 686
613 56 718
614 46 715
615 85 720
616 40 720
617 78 700
618 48 705
619 53 708
620 43 709
621 50 722
622 69 709
623 47 708
624 52 712
625 42 694
626 42 711
627 112 706
628 52 701
629 50 698
630 61 727
631 55 688
632 0 1
633 74 700
634 45 700
635 46 723
636 47 719
637 53 718
638 45 715
639 55 709
640 36 4
641 56 691
642 68 734
643 69 706
644 54 697
645 46 696
646 51 713
647 102 713
648 84 724
649 39 707
650 46 680
651 52 714
652 62 721
653 49 704
654 50 714
655 97 718
656 45 704
657 44 714
658 44 713
659 50 697
660 67 703
661 67 698
662 55 717
663 0 1
664 56 712
665 46 724
666 85 734
667 54 721
668 62 716
669 47 709
670 51 693
671 60 713
672 58 717
673 58 719
674 60 722
675 71 720
676 40 714
677 57 700
678 46 706
679 90 720
680 44 708
681 82 709
682 68 713
683 0 1
684 61 698
685 0 1
686 38 719
687 48 690
688 68 698
689 45 714
690 44 697
691 51 741
692 64 674
693 93 682
694 48 731
695 64 692
696 40 709
697 50 695
698 52 723
699 75 710
700 65 707
701 46 709
702 0 1
703 52 691
704 44 701
705 60 710
706 44 717
707 67 679
708 51 709
709 42 716
710 74 713
711 62 707
712 84 724
713 48 701
714 55 713
715 51 692
716 48 728
717 55 695
718 53 702
719 57 712
720 49 725
721 50 716
722 56 699
723 57 718
724 47 710
725 97 691
726 55 730
727 122 706
728 48 691
729 42 710
730 72 697
731 103 717
732 60 720
733 61 700
734 43 712
735 54 707
736 73 712
737 50 695
738 0 1
739 64 716
740 59 724
741 64 701
742 49 723
743 59 709
744 58 682
745 61 700
746 46 712
747 65 718
748 47 712
749 50 717
750 49 710
751 51 706
752 45 702
753 128 726
754 54 737
755 47 713
756 54 700
757 59 697
758 51 721
759 72 711
760 62 712
761 43 730
762 53 712
763 68 685
764 49 700
765 0 1
766 92 739
767 52 715
768 51 701
769 50 708
770 48 715
771 66 725
772 62 721
773 51 683
774 52 701
775 50 714
776 40 744
777 62 706
778 62 706
779 57 706
780 50 740
781 68 708
782 58 697
783 50 698
784 55 714
785 43 707
786 85 724
787 63 705
788 53 686
789 67 694
790 46 697
791 68 727
792 50 703
793 65 706
794 51 703
795 78 724
796 107 707
797 43 712
798 48 710
799 52 719
800 47 713
801 53 711
802 58 705
803 48 691
804 58 717
805 48 702
806 58 700
807 70 702
808 89 699
809 183 703
810 54 723
811 46 714
812 51 707
813 55 717
814 81 708
815 52 699
816 61 692
817 46 707
818 44 697
819 53 729
820 50 687
821 40 725
822 39 701
823 57 731
824 57 709
825 45 680
826 52 682
827 61 729
828 47 689
829 60 695
830 67 709
831 45 679
832 52 713
833 53 699
834 83 698
835 58 722
836 53 697
837 44 709
838 51 696
839 36 712
840 50 722
841 60 709
842 49 697
843 164 718
844 50 698
845 50 711
846 57 698
847 57 683
848 89 714
849 45 694
850 45 704
851 47 744
852 47 713
853 60 696
854 52 702
855 42 707
856 65 719
857 41 723
858 45 728
859 55 721
860 74 731
861 57 709
862 59 702
863 45 716
864 55 684
865 64 726
866 58 712
867 56 730
868 54 714
869 55 697
870 77 699
871 43 712
872 69 706
873 49 691
874 48 696
875 0 1
876 64 718
877 67 699
878 70 712
879 49 703
880 70 692
881 60 712
882 66 705
883 79 709
884 70 691
885 0 1
886 62 714
887 71 702
888 187 712
