0 45 708
1 61 707
2 71 721
3 67 697
4 0 1
5 58 702
6 77 684
7 63 721
8 0 1
9 72 711
10 52 702
11 65 721
12 49 698
13 46 687
14 56 714
15 51 735
16 72 703
17 55 718
18 74 712
19 67 712
20 48 734
21 42 715
22 69 722
23 59 711
24 44 695
25 61 702
26 57 707
27 172 719
28 65 712
29 0 1
30 77 723
31 55 700
32 48 717
33 56 728
34 53 709
35 93 728
36 64 714
37 80 738
38 82 694
39 56 714
40 83 685
41 70 698
42 93 699
43 61 725
44 63 704
45 69 738
46 68 722
47 82 698
48 48 714
49 57 704
50 49 710
51 82 730
52 51 712
53 75 734
54 45 708
55 61 717
56 49 695
57 53 729
58 53 706
59 84 714
60 55 702
61 51 702
62 66 713
63 55 697
64 56 708
65 74 697
66 51 707
67 58 704
68 85 718
69 37 709
70 107 711
71 45 706
72 46 711
73 48 702
74 53 704
75 62 735
76 64 689
77 50 731
78 51 728
79 153 720
80 104 715
81 67 682
82 54 694
83 62 720
84 75 722
85 75 695
86 80 717
87 50 699
88 91 724
89 59 745
90 59 716
91 77 708
92 45 717
93 50 704
94 75 728
95 63 717
96 69 724
97 53 704
98 0 1
99 60 687
100 72 719
101 60 693
102 72 694
103 39 702
104 48 714
105 54 703
106 63 703
107 43 714
108 45 714
109 51 732
110 42 706
111 67 719
112 42 719
113 46 713
114 48 707
115 84 705
116 48 711
117 44 720
118 0 1
119 60 717
120 46 726
121 50 707
122 51 720
123 59 742
124 56 718
125 62 718
126 46 722
127 48 697
128 46 708
129 39 714
130 72 716
131 53 727
132 49 721
133 47 722
134 72 709
135 64 698
136 50 689
137 44 725
138 43 711
139 64 720
140 47 725
141 79 704
142 42 718
143 60 729
144 102 713
145 91 730
146 0 1
147 59 709
148 58 703
149 69 721
150 50 713
151 44 724
152 52 696
153 57 717
154 47 702
155 49 681
156 64 725
157 44 704
158 117 719
159 47 729
160 50 709
161 58 687
162 46 730
163 49 706
164 59 707
165 47 719
166 63 715
167 60 722
168 56 713
169 51 699
170 50 725
171 57 714
172 45 699
173 56 714
174 52 710
175 46 714
176 79 691
177 47 723
178 42 694
179 50 718
180 61 715
181 98 704
182 65 710
183 44 701
184 54 708
185 51 703
186 47 725
187 76 706
188 43 710
189 67 719
190 47 710
191 53 705
192 43 717
193 62 722
194 42 727
195 52 713
196 52 700
197 53 705
198 43 711
199 81 695
200 62 711
201 66 697
202 59 707
203 40 697
204 45 694
205 46 719
206 44 698
207 55 709
208 48 727
209 53 704
210 59 704
211 48 708
212 71 722
213 44 722
214 57 726
215 56 731
216 64 705
217 54 725
218 41 710
219 52 712
220 51 699
221 80 706
222 49 703
223 47 700
224 44 711
225 50 709
226 47 684
227 50 682
228 57 715
229 43 721
230 47 712
231 61 693
232 42 717
233 50 736
234 83 716
235 55 716
236 43 707
237 64 711
238 55 692
239 51 714
240 54 719
241 47 701
242 58 703
243 55 711
244 41 696
245 58 705
246 50 708
247 45 703
248 67 712
249 74 719
250 4 2
251 71 730
252 0 1
253 46 725
254 45 722
255 48 699
256 41 718
257 44 715
258 49 731
259 53 725
260 59 719
261 61 720
262 58 728
263 61 702
264 85 704
265 0 1
266 41 708
267 54 705
268 54 695
269 47 718
270 49 709
271 0 1
272 42 697
273 52 729
274 48 725
275 61 713
276 56 714
277 40 713
278 45 719
279 51 713
280 44 710
281 54 713
282 93 695
283 41 719
284 47 717
285 52 697
286 66 726
287 39 705
288 55 704
289 48 707
290 52 704
291 67 715
292 46 711
293 54 706
294 55 704
295 77 725
296 48 713
297 48 708
298 44 742
299 55 690
300 43 687
301 83 710
302 52 716
303 52 726
304 61 715
305 41 713
306 83 725
307 46 735
308 77 714
309 55 697
310 51 693
311 80 688
312 6 2
313 62 709
314 48 692
315 57 672
316 49 718
317 46 699
318 47 692
319 44 701
320 44 715
321 47 689
322 77 698
323 48 705
324 0 1
325 52 718
326 53 717
327 59 696
328 68 709
329 45 702
330 78 713
331 50 709
332 7 2
333 56 707
334 57 705
335 47 719
336 37 713
337 4 2
338 68 710
339 60 732
340 54 732
341 61 700
342 51 697
343 54 706
344 53 687
345 83 711
346 50 692
347 56 733
348 53 722
349 54 719
350 48 717
351 50 699
352 51 671
353 55 696
354 61 696
355 44 702
356 49 704
357 47 726
358 44 702
359 47 699
360 47 680
361 45 710
362 45 712
363 53 693
364 46 714
365 0 1
366 56 700
367 43 715
368 48 711
369 41 728
370 54 723
371 48 693
372 50 717
373 60 719
374 57 703
375 78 713
376 54 699
377 62 715
378 64 714
379 45 708
380 49 716
381 66 715
382 49 727
383 54 709
384 45 699
385 38 693
386 47 721
387 51 716
388 45 725
389 54 713
390 52 703
391 48 708
392 38 687
393 66 725
394 49 693
395 49 707
396 82 740
397 47 706
398 36 711
399 54 728
400 44 711
401 91 706
402 58 702
403 43 726
404 45 693
405 42 705
406 43 709
407 42 699
408 79 720
409 46 693
410 57 697
411 50 722
412 56 727
413 62 686
414 43 698
415 38 728
416 59 706
417 58 721
418 54 689
419 58 692
420 58 722
421 72 669
422 45 706
423 49 717
424 48 708
425 50 702
426 50 706
427 0 1
428 43 716
429 51 697
430 37 697
431 0 1
432 49 682
433 41 694
434 59 705
435 46 706
436 50 710
437 38 700
438 52 696
439 67 696
440 43 730
441 51 693
442 41 707
443 60 690
444 54 705
445 0 1
446 46 720
447 46 706
448 40 715
449 45 701
450 47 746
451 52 713
452 39 722
453 49 711
454 54 728
455 50 723
456 72 708
457 50 730
458 51 721
459 49 711
460 52 717
461 46 715
462 46 703
463 48 723
464 40 699
465 46 723
466 60 710
467 65 714
468 51 716
469 44 700
470 46 712
471 45 731
472 54 693
473 60 718
474 39 724
475 51 691
476 50 705
477 123 706
478 44 703
479 50 713
480 45 707
481 47 683
482 45 685
483 51 697
484 52 712
485 43 705
486 44 715
487 52 713
488 63 708
489 43 742
490 47 701
491 53 708
492 45 720
493 57 719
494 51 710
495 46 702
496 62 711
497 45 733
498 41 708
499 49 721
500 0 1
501 48 707
502 44 701
503 54 712
504 48 699
505 49 709
506 68 695
507 45 715
508 44 719
509 0 1
510 46 718
511 0 1
512 43 702
513 92 710
514 51 721
515 66 719
516 51 726
517 45 719
518 51 709
519 49 683
520 79 693
521 63 719
522 46 714
523 47 739
524 50 725
525 45 717
526 48 707
527 47 699
528 51 705
529 65 709
530 52 690
531 47 726
532 67 713
533 52 703
534 44 716
535 41 700
536 54 728
537 44 723
538 58 720
539 40 697
540 49 715
541 0 1
542 54 712
543 41 718
544 47 697
545 43 721
546 47 715
547 45 731
548 42 710
549 50 727
550 49 723
551 44 724
552 52 699
553 48 697
554 41 719
555 52 701
556 49 737
557 57 725
558 72 702
559 51 709
560 45 734
561 50 700
562 62 706
563 47 723
564 71 723
565 47 686
566 53 727
567 50 713
568 95 716
569 54 709
570 54 705
571 37 723
572 43 707
573 51 684
574 55 709
575 51 713
576 45 704
577 100 703
578 59 705
579 71 711
580 52 716
581 55 708
582 0 1
583 43 705
584 70 712
585 43 704
586 43 696
587 45 711
588 71 707
589 48 700
590 53 700
591 53 743
592 49 708
593 73 704
594 0 1
595 53 722
596 50 715
597 56 720
598 80 717
599 43 713
600 61 702
601 42 699
602 73 718
603 50 709
604 90 728
605 45 719
606 47 679
607 61 704
608 48 702
609 53 732
610 44 702
611 0 1
612 55 690
613 49 731
614 55 734
615 64 713
616 54 694
617 56 716
618 44 741
619 52 713
620 70 736
621 52 718
622 54 708
623 62 703
624 38 721
625 45 715
626 40 704
627 0 1
628 46 736
629 50 706
630 96 703
631 48 711
632 104 718
633 57 713
634 51 730
635 65 713
636 55 702
637 49 726
638 52 728
639 55 736
640 24 3
641 67 707
642 59 708
643 51 693
644 50 720
645 0 1
646 46 713
647 88 721
648 59 681
649 54 681
650 59 716
651 50 682
652 50 719
653 55 699
654 41 729
655 67 723
656 49 712
657 78 708
658 53 719
659 49 689
660 65 699
661 47 687
662 55 721
663 57 692
664 54 730
665 50 701
666 83 718
667 53 704
668 61 718
669 43 721
670 55 694
671 51 720
672 61 709
673 67 708
674 73 705
675 106 731
676 51 719
677 48 717
678 43 691
679 0 1
680 52 703
681 48 730
682 64 713
683 48 704
684 74 715
685 86 704
686 40 721
687 132 711
688 57 703
689 47 702
690 41 702
691 52 718
692 44 703
693 61 689
694 46 723
695 55 717
696 45 704
697 42 696
698 60 707
699 0 1
700 73 692
701 44 735
702 51 710
703 60 706
704 57 716
705 53 690
706 50 718
707 58 699
708 53 718
709 45 698
710 66 727
711 73 706
712 128 710
713 47 698
714 61 725
715 57 695
716 67 717
717 52 725
718 50 714
719 56 708
720 0 1
721 57 696
722 47 691
723 45 720
724 51 709
725 58 730
726 55 718
727 154 695
728 36 711
729 56 705
730 53 689
731 46 702
732 7 2
733 61 725
734 59 705
735 47 686
736 58 694
737 47 713
738 0 1
739 61 709
740 56 709
741 42 717
742 52 718
743 57 693
744 64 705
745 69 691
746 106 699
747 73 705
748 40 710
749 45 695
750 43 718
751 83 705
752 41 703
753 67 692
754 54 688
755 57 700
756 50 705
757 51 692
758 50 699
759 63 710
760 82 713
761 45 706
762 47 706
763 56 727
764 47 716
765 59 705
766 69 713
767 40 716
768 50 715
769 51 681
770 59 721
771 59 721
772 41 716
773 76 719
774 51 730
775 45 725
776 46 700
777 54 676
778 61 721
779 60 708
780 51 707
781 52 703
782 53 695
783 50 697
784 53 710
785 43 691
786 54 726
787 45 722
788 52 716
789 51 702
790 53 702
791 46 709
792 64 717
793 67 710
794 59 691
795 80 711
796 3 2
797 63 717
798 42 709
799 52 709
800 56 703
801 43 723
802 45 724
803 0 1
804 49 705
805 59 688
806 48 675
807 89 708
808 84 707
809 113 725
810 74 719
811 57 700
812 67 716
813 68 718
814 66 722
815 47 698
816 0 1
817 48 696
818 50 696
819 40 717
820 0 1
821 46 719
822 45 708
823 76 713
824 52 680
825 44 700
826 51 713
827 53 707
828 42 695
829 99 706
830 65 717
831 58 678
832 74 691
833 55 690
834 83 726
835 103 694
836 55 703
837 49 717
838 49 701
839 57 712
840 48 697
841 47 720
842 50 725
843 63 708
844 45 681
845 52 699
846 54 724
847 71 712
848 60 706
849 53 721
850 46 709
851 58 704
852 40 690
853 41 712
854 43 696
855 51 726
856 60 729
857 55 688
858 52 724
859 46 714
860 57 698
861 59 699
862 45 711
863 40 703
864 50 721
865 0 1
866 92 706
867 52 723
868 48 706
869 61 708
870 48 704
871 57 703
872 61 716
873 49 721
874 63 723
875 70 702
876 59 682
877 63 701
878 0 1
879 0 1
880 57 704
881 61 682
882 153 740
883 67 694
884 58 699
885 54 714
886 79 728
887 57 708
888 0 1
