46 9318
42 9291
46 9174
38 9321
40 9249
61 9206
40 9217
51 9320
43 9326
42 9319
65 9304
42 9287
42 9282
43 9263
41 9226
47 9272
44 9240
45 9314
44 9360
63 9275
44 9417
38 9302
40 9321
57 9328
51 9327
38 9248
47 9288
46 9354
45 9170
62 9231
48 9303
42 9313
39 9276
39 9204
52 9271
48 9248
45 9270
40 9305
39 9264
63 9223
41 9285
44 9308
46 9329
51 9303
38 9256
40 9247
41 9269
39 9422
38 9298
38 9376
37 9275
42 9337
45 9277
42 9218
39 9329
41 9286
42 9379
39 9277
40 9281
44 9299
47 9282
44 9275
41 9353
38 9284
41 9276
45 9345
41 9288
47 9370
41 9274
40 9309
38 9192
43 9308
41 9353
40 9143
38 9324
41 9246
40 9254
42 9300
42 9301
40 9342
39 9287
40 9293
43 9262
43 9359
43 9175
36 9269
41 9346
41 9289
41 9215
38 9333
45 9249
40 9276
42 9299
44 9394
42 9248
40 9202
41 9358
42 9286
43 9255
39 9259
39 9278
42 9289
37 9234
41 9283
37 9265
43 9486
39 9331
48 9275
40 9302
40 9290
38 9260
41 9343
66 9260
41 9327
40 9286
42 9304
39 9314
38 9283
41 9271
37 9252
43 9267
40 9233
42 9338
39 9308
47 9313
39 9270
40 9376
37 9264
39 9263
41 9379
40 9258
48 9301
41 9274
38 9207
42 9300
39 9242
40 9276
38 9320
42 9287
40 9274
41 9359
40 9381
39 9286
47 9291
40 9255
42 9258
42 9239
39 9328
43 9195
35 9242
43 9284
40 9301
41 9306
36 9297
37 9220
49 9303
42 9253
40 9250
39 9280
37 9272
38 9302
40 9355
38 9307
44 9299
45 9309
38 9280
43 9296
38 9279
40 9342
40 9339
39 9279
42 9311
43 9243
39 9287
43 9238
39 9289
42 9265
40 9230
41 9266
39 9260
41 9353
41 9327
42 9306
43 9362
39 9284
43 9265
44 9302
39 9266
42 9218
45 9291
39 9334
39 9323
40 9230
38 9353
42 9336
39 9345
42 9301
37 9247
42 9222
39 9204
42 9276
42 9325
40 9247
49 9228
39 9258
40 9237
40 9254
43 9343
39 9157
39 9340
44 9375
44 9269
39 9411
47 9333
40 9334
41 9361
43 9305
39 9343
44 9278
39 9359
42 9289
40 9285
37 9297
39 9315
38 9266
41 9215
39 9315
43 9249
41 9271
43 9387
48 9300
42 9339
40 9288
40 9319
42 9348
44 9184
42 9319
41 9368
41 9276
37 9275
38 9335
42 9207
40 9307
43 9274
53 9265
41 9238
46 9346
37 9285
38 9313
60 9364
40 9330
42 9212
46 9209
48 9300
63 9308
42 9255
43 9357
48 9280
65 9292
45 9307
49 9325
56 9333
155 9283
41 9314
44 9168
51 9280
43 9270
42 9245
41 9277
44 9278
50 9281
51 9244
41 9290
45 9301
40 9265
47 9321
49 9275
47 9284
45 9330
43 9230
43 9336
53 9282
49 9275
43 9297
41 9215
42 9342
44 9353
48 9245
41 9296
46 9335
40 9267
42 9309
43 9303
42 9298
48 9240
46 9287
78 9321
48 9262
41 9326
41 9356
40 9291
40 9271
43 9312
40 9284
42 9327
40 9288
45 9263
42 9314
39 9274
40 9234
42 9237
42 9233
42 9253
38 9275
39 9260
39 9228
39 9274
40 9296
41 9362
40 9349
41 9221
43 9243
36 9278
40 9378
41 9346
38 9271
44 9271
40 9314
42 9254
43 9324
0 1
41 9216
43 9306
40 9310
62 9281
60 9260
46 9311
40 9239
48 9286
46 9335
42 9214
50 9229
44 9375
52 9267
77 9395
60 9314
41 9288
46 9305
75 9379
129 9275
52 9293
50 9256
46 9242
48 9355
39 9262
67 9267
44 9310
38 9312
42 9299
43 9217
40 9285
40 9251
38 9285
40 9352
43 9289
38 9327
37 9290
37 9223
43 9159
40 9247
40 9235
42 9283
42 9305
42 9273
39 9322
43 9280
39 9285
43 9262
41 9226
41 9277
39 9250
39 9238
40 9307
44 9296
40 9291
41 9281
40 9279
40 9144
38 9275
41 9257
40 9297
39 9252
40 9262
38 9355
38 9281
39 9283
41 9261
41 9290
42 9288
41 9231
42 9282
41 9326
36 9288
39 9298
41 9314
46 9220
38 9233
40 9346
44 9303
41 9298
39 9221
38 9319
40 9246
43 9260
42 9289
48 9308
55 9301
46 9346
45 9281
42 9357
49 9225
42 9326
58 9336
82 9259
46 9238
50 9355
51 9290
44 9330
38 9313
63 9302
46 9211
42 9293
60 9301
66 9282
60 9332
41 9259
39 9324
46 9315
42 9280
41 9312
42 9278
50 9253
38 9304
42 9215
41 9241
44 9272
38 9267
43 9318
43 9277
38 9313
45 9310
38 9300
43 9180
45 9148
37 9296
43 9325
40 9270
40 9336
39 9250
44 9242
40 9311
42 9292
41 9267
38 9272
41 9274
44 9186
38 9215
43 9175
37 9278
38 9293
45 9241
49 9262
38 9206
38 9310
40 9351
40 9298
42 9264
40 9269
41 9338
45 9231
83 9285
0 1
82 9294
71 9253
88 9253
58 9193
56 9268
48 9250
55 9363
67 9341
56 9218
57 9245
43 9361
54 9243
46 9215
50 9286
50 9306
42 9315
42 9201
48 9257
50 9250
46 9205
39 9278
41 9250
41 9220
42 9262
42 9383
42 9210
46 9347
47 9286
39 9245
39 9296
43 9265
41 9412
37 9300
37 9259
40 9235
42 9284
42 9355
43 9310
45 9290
40 9290
41 9358
43 9351
38 9271
43 9235
44 9377
44 9193
40 9194
50 9293
44 9358
44 9340
43 9262
48 9347
47 9278
39 9399
43 9317
46 9218
41 9284
46 9283
39 9256
48 9201
55 9319
42 9215
37 9226
41 9205
51 9370
46 9337
39 9223
46 9305
42 9255
42 9286
41 9312
42 9336
42 9303
40 9278
39 9307
41 9408
37 9297
39 9232
44 9309
40 9229
47 9237
45 9196
53 9269
39 9294
54 9265
48 9263
42 9263
45 9266
42 9358
41 9329
61 9384
76 9268
41 9272
43 9392
39 9256
41 9258
41 9297
43 9336
40 9305
41 9236
57 9339
38 9306
36 9319
41 9281
38 9262
39 9223
42 9191
53 9259
39 9195
38 9356
40 9237
40 9275
40 9309
39 9321
37 9306
38 9260
41 9334
42 9245
38 9281
40 9348
37 9337
42 9348
40 9219
40 9233
45 9308
37 9210
41 9364
41 9289
40 9264
42 9356
43 9358
76 9262
44 9290
50 9264
61 9281
58 9276
47 9326
53 9316
72 9341
48 9349
41 9388
40 9393
39 9319
37 9334
41 9324
45 9269
46 9306
38 9290
41 9274
42 9328
0 1
43 9318
57 9234
40 9315
45 9185
41 9343
51 9295
41 9349
47 9191
42 9334
42 9298
43 9268
40 9334
44 9347
41 9305
43 9319
39 9387
42 9263
40 9277
39 9331
44 9249
42 9353
42 9333
49 9260
41 9207
41 9361
40 9269
62 9402
87 9301
48 9237
0 1
75 9338
41 9287
42 9276
43 9257
41 9311
40 9306
43 9311
39 9309
41 9261
44 9230
46 9234
42 9200
42 9268
39 9204
40 9332
41 9289
43 9277
44 9256
38 9235
39 9313
37 9327
47 9257
45 9254
47 9300
51 9210
41 9334
51 9374
46 9273
42 9235
56 9267
42 9334
50 9170
50 9292
55 9328
40 9278
45 9301
46 9230
40 9352
45 9337
44 9296
45 9288
36 9173
40 9217
44 9243
39 9301
42 9279
43 9280
41 9304
40 9304
43 9271
48 9266
37 9261
43 9171
46 9241
59 9326
61 9293
45 9270
43 9288
43 9252
39 9341
47 9290
44 9234
40 9354
42 9267
41 9307
42 9327
40 9327
42 9190
40 9238
50 9367
40 9304
40 9351
39 9311
38 9252
37 9346
36 9284
42 9263
60 9235
44 9286
39 9321
59 9332
38 9328
46 9347
47 9334
42 9272
42 9269
50 9237
44 9244
47 9296
44 9241
41 9327
42 9259
40 9234
41 9265
40 9330
42 9293
41 9289
39 9237
39 9253
41 9298
41 9324
38 9311
40 9300
38 9320
41 9329
41 9292
43 9265
40 9294
77 9299
38 9314
45 9349
41 9256
39 9235
43 9295
39 9303
52 9328
45 9299
48 9306
40 9263
41 9309
42 9272
43 9371
40 9229
42 9237
41 9303
42 9342
48 9317
39 9287
41 9270
43 9344
42 9286
41 9251
40 9226
40 9232
42 9294
41 9357
45 9363
41 9304
39 9245
53 9347
45 9294
51 9338
38 9228
38 9362
56 9290
38 9371
44 9329
41 9269
58 9276
48 9204
43 9196
41 9369
47 9316
58 9267
44 9216
43 9137
53 9252
34 9278
41 9294
49 9362
43 9311
39 9275
45 9301
41 9250
50 9291
49 9303
42 9270
43 9334
42 9325
43 9317
40 9266
40 9246
93 9327
0 1
44 9319
40 9163
42 9301
40 9393
41 9271
38 9246
40 9374
39 9317
40 9291
58 9256
44 9274
44 9227
39 9256
49 9290
40 9333
0 1
80 9362
38 9294
39 9330
41 9247
87 9215
42 9362
38 9306
39 9252
38 9246
47 9234
45 9188
48 9415
43 9236
44 9331
43 9247
43 9255
41 9328
38 9331
44 9299
66 9357
41 9337
40 9412
40 9331
39 9321
41 9237
42 9311
40 9359
41 9318
40 9300
56 9258
46 9363
47 9309
45 9346
38 9254
38 9366
42 9364
43 9311
56 9274
44 9241
51 9324
42 9234
40 9301
42 9292
53 9260
41 9359
41 9267
39 9348
42 9221
38 9273
41 9333
48 9284
44 9241
41 9269
40 9294
41 9345
43 9254
40 9308
78 9296
44 9258
41 9311
43 9323
44 9253
40 9207
39 9259
38 9266
44 9362
38 9334
57 9259
41 9255
41 9260
46 9311
36 9291
40 9277
53 9246
43 9285
41 9477
62 9339
40 9249
39 9318
58 9278
45 9363
41 9395
42 9261
42 9225
38 9301
42 9249
40 9366
45 9272
41 9356
43 9292
44 9269
39 9266
40 9300
40 9253
42 9318
37 9352
41 9240
41 9283
41 9282
44 9289
41 9343
39 9278
41 9297
49 9315
49 9264
39 9320
0 1
48 9317
43 9240
0 1
48 9257
39 9340
48 9370
0 1
54 9251
48 9262
51 9278
44 9266
40 9330
39 9319
42 9375
42 9255
65 9313
45 9230
38 9254
40 9284
49 9263
39 9333
40 9206
38 9233
40 9327
46 9235
46 9219
71 9303
47 9261
49 9364
52 9326
76 9262
43 9281
41 9289
39 9300
39 9213
41 9298
39 9324
39 9270
41 9319
40 9212
39 9197
40 9277
40 9282
39 9272
40 9302
39 9274
44 9402
39 9281
38 9292
39 9292
42 9266
40 9272
40 9343
40 9325
38 9262
39 9328
40 9282
38 9291
54 9245
44 9233
46 9259
44 9279
43 9315
48 9236
47 9274
45 9286
45 9236
38 9272
43 9222
43 9382
44 9248
55 9275
45 9256
50 9301
43 9319
45 9309
68 9268
46 9340
40 9352
52 9233
42 9286
46 4
59 9285
48 9312
43 9238
40 9271
46 9291
42 9341
54 9319
52 9297
46 9291
53 9337
52 9274
42 9260
47 9274
58 9254
58 9281
57 9290
107 9214
68 9367
68 9293
46 9279
47 9157
44 9240
53 9311
43 9323
43 9315
42 9331
51 9291
54 9219
49 9250
43 9322
40 9328
42 9298
42 9282
53 9262
42 9184
49 9309
43 9317
39 9312
46 9299
41 9278
42 9398
49 9315
44 9284
41 9334
44 9271
41 9326
40 9181
40 9290
38 9289
41 9294
45 9270
39 9327
37 9227
41 9269
41 9255
40 9300
42 9271
40 9299
35 9344
43 9272
41 9350
42 9239
41 9338
41 9283
41 9247
40 9157
39 9288
39 9311
42 9267
44 9296
40 9267
40 9295
46 9260
43 9333
40 9294
53 9322
51 9266
40 9209
46 9246
44 9319
44 9272
41 9275
45 9287
43 9253
44 9223
45 9341
37 9268
45 9298
49 9302
49 9274
44 9352
45 9281
45 9253
48 9355
48 9347
44 9205
47 9317
43 9225
49 9278
47 9298
40 9278
51 9245
47 9320
43 9262
46 9367
46 9292
45 9234
46 9354
48 9292
44 9316
42 9275
46 9296
47 9302
46 9270
46 9328
44 9257
48 9312
49 9231
45 9233
43 9337
44 9251
42 9237
48 9239
47 9309
41 9179
44 9236
44 9266
43 9312
50 9292
46 9302
160 9320
44 9240
43 9321
48 9243
50 9344
47 9247
60 9301
51 9266
43 9302
41 9298
48 9312
52 9314
42 9318
45 9286
46 9293
41 9283
48 9394
44 9338
44 9321
44 9318
52 9299
47 9300
42 9344
39 9355
46 9340
43 9291
0 1
62 9251
44 9320
43 9305
41 9312
42 9312
39 9268
43 9283
41 9323
41 9283
42 9277
41 9306
42 9298
42 9290
40 9255
49 9299
40 9205
40 9364
42 9334
48 9390
49 9361
46 9374
47 9310
57 9299
39 9358
50 9339
44 9302
42 9283
46 9235
44 9293
40 9301
44 9318
45 9295
48 9292
43 9365
44 9258
66 9344
43 9401
40 9344
42 9383
45 9212
38 9380
42 9226
38 9254
40 9242
47 9286
42 9393
41 9273
41 9326
38 9278
54 9298
48 9281
41 9354
41 9301
42 9309
46 9283
41 9368
57 9308
41 9328
46 9312
45 9209
48 9333
45 9397
43 9199
45 9229
49 9255
45 9374
46 9265
39 9278
41 9276
43 9175
43 9354
44 9305
37 9330
41 9243
46 9221
38 9243
43 9303
43 9318
40 9397
44 9371
42 9344
45 9220
47 9317
45 9253
40 9326
44 9204
45 9285
43 9243
39 9306
43 9267
40 9268
40 9345
45 9257
49 9293
42 9307
49 9296
40 9336
41 9310
45 9368
40 9330
42 9334
47 9336
40 9326
43 9311
40 9297
38 9239
40 9312
42 9194
54 9255
41 9228
44 9328
41 9346
47 9336
40 9292
41 9326
47 9308
41 9293
43 9243
40 9251
42 9327
44 9251
50 9261
39 9271
40 9327
43 9244
42 9247
46 9254
40 9293
41 9326
40 9358
0 1
46 9361
40 9275
45 9237
39 9317
39 9252
39 9267
39 9226
42 9262
40 9260
39 9219
42 9267
45 9298
41 9349
44 9325
39 9304
43 9313
40 9233
39 9229
45 9412
41 9237
38 9267
43 9240
41 9206
39 9296
44 9270
37 9266
40 9290
40 9260
38 9303
41 9322
41 9194
41 9261
38 9292
43 9253
41 9299
39 9289
39 9363
38 9226
42 9242
41 9296
40 9384
40 9301
49 9384
41 9336
48 9266
44 9322
44 9282
40 9293
42 9291
42 9258
45 9278
44 9314
38 9362
45 9265
37 9175
48 9283
43 9261
43 9259
39 9345
38 9225
56 9242
61 9292
47 9221
50 9227
40 9291
42 9267
43 9348
38 9287
47 9314
47 9222
42 9231
43 9303
38 9278
45 9375
38 9259
41 9287
42 9297
37 9218
43 9244
43 9292
42 9356
38 9377
42 9304
43 9270
51 9260
41 9265
49 9280
43 9332
43 9216
39 9369
42 9291
45 9273
39 9322
43 9321
40 9208
40 9349
43 9314
41 9243
40 9393
39 9354
48 9307
41 9354
44 9249
44 9247
45 9232
39 9290
45 9323
42 9322
42 9177
49 9366
42 9327
41 9283
41 9306
39 9230
44 9367
41 9232
41 9301
37 9336
41 9268
43 9191
42 9269
43 9403
39 9345
42 9370
39 9231
43 9254
45 9280
46 9284
48 9279
42 9280
43 9371
43 9287
40 9215
48 9289
42 9264
40 9294
43 9333
38 9277
39 9318
46 9319
40 9318
38 9284
38 9297
39 9322
38 9229
44 9314
50 9308
49 9217
43 9326
41 9338
42 9303
43 9243
45 9333
41 9311
54 9197
43 9236
39 9332
41 9290
42 9278
36 9280
44 9243
42 9324
41 9319
43 9283
40 9304
38 9370
41 9385
42 9316
42 9224
42 9267
41 9233
41 9365
41 9254
41 9219
43 9225
42 9223
38 9195
40 9266
39 9230
41 9314
45 9205
43 9301
42 9224
41 9283
42 9282
43 9257
46 9304
44 9256
47 9330
41 9305
39 9250
39 9300
39 9339
48 9296
40 9259
42 9317
38 9292
39 9350
41 9298
47 9262
41 9284
41 9291
46 9359
45 9229
42 9241
45 9361
43 9322
40 9177
43 9233
39 9271
42 9239
40 9269
46 9227
43 9223
37 9281
39 9187
42 9275
42 9278
39 9253
45 9284
40 9253
47 9237
44 9258
45 9341
38 9317
39 9222
41 9314
44 9348
48 9254
47 9211
40 9277
42 9296
47 9337
40 9328
50 9312
40 9298
40 9247
60 9318
40 9293
41 9404
46 9317
49 9344
47 9301
40 9297
63 9300
51 9326
56 9256
45 9203
48 9306
46 9222
43 9181
42 9263
44 9332
44 9283
57 9274
45 9319
43 9289
40 9295
46 9241
40 9371
42 9240
43 9322
46 9306
54 9285
43 9284
43 9332
37 9352
42 9149
48 9210
43 9276
39 9199
40 9272
39 9217
41 9215
45 9264
46 9338
78 9223
43 9267
44 9258
42 9304
53 9305
50 9329
41 9254
45 9376
54 9308
50 9414
44 9309
46 9276
46 9284
47 9318
41 9331
44 9281
55 9336
46 9329
42 9269
46 9302
61 9291
50 9261
46 9349
45 9354
46 9278
45 9261
45 9259
48 9302
52 9257
55 9343
39 9250
40 9302
46 9370
38 9219
41 9230
46 9313
44 9363
44 9348
43 9266
66 9298
59 9302
62 9299
52 9249
49 9259
42 9235
52 9312
0 1
42 9303
46 9307
47 9321
52 9214
46 9222
52 9238
40 9266
44 9224
43 9281
41 9317
45 9264
46 9378
47 9272
40 9348
40 9265
43 9329
42 9209
45 9319
44 9297
40 9224
46 9350
37 9342
49 9260
41 9274
46 9277
40 9331
48 9393
41 9294
54 9231
153 9334
44 9304
48 9314
58 9437
51 9272
48 9328
47 9341
47 9241
45 9262
44 9343
42 9324
42 9387
49 9256
43 9320
50 9305
45 9348
50 9213
40 9247
44 9272
39 9186
42 9287
43 9257
38 9253
40 9312
42 9369
45 9314
43 9229
43 9308
53 9275
44 9247
40 9286
43 9317
43 9297
42 9347
43 9220
44 9252
43 9254
44 9262
41 9216
51 9332
45 9196
41 9364
40 9380
41 9295
48 9378
47 9281
43 9267
46 9253
45 9294
37 9262
40 9331
0 1
47 9342
38 9270
46 9251
54 9294
43 9330
42 9332
45 9250
42 9271
40 9360
45 9345
44 9286
44 9238
47 9253
50 9284
41 9320
52 9263
47 9303
54 9239
44 9264
45 9348
57 9243
44 9314
38 9353
42 9359
47 9284
46 9229
48 9367
52 9345
46 9257
43 9327
42 9358
47 9354
43 9264
55 9396
58 9256
53 9312
51 9405
52 9287
44 9292
55 9287
40 9351
48 9178
51 9318
54 9249
73 9220
50 9203
42 9251
57 9336
100 9394
57 9279
45 9304
63 9330
61 9276
39 9338
47 9328
44 9293
41 9196
44 9373
42 9245
41 9319
39 9279
42 9280
0 1
44 9262
46 9192
39 9166
38 9317
52 9296
0 1
49 9268
42 9324
39 9270
44 9411
44 9369
0 1
43 9245
47 9258
43 9258
42 9339
54 9282
39 9280
0 1
52 9394
46 9271
59 9326
39 9272
50 9328
42 9243
48 9208
46 9300
46 9377
43 9239
39 9196
44 9362
46 9375
58 9328
47 9299
83 9329
45 9245
75 9276
45 9336
0 1
45 9228
41 9329
49 9260
39 9213
44 9249
43 9358
49 9318
45 9278
43 9259
42 9408
42 9288
46 9355
48 9287
36 9284
43 9344
43 9345
45 9294
40 9378
41 9298
43 9274
47 9362
63 9279
48 9327
45 9285
41 9257
51 9355
42 9244
45 9252
44 9316
51 9314
39 9250
42 9331
40 9276
43 9299
38 9245
49 9291
51 9267
43 9271
39 9221
46 9289
42 9323
38 9257
43 9296
0 1
51 9258
79 9278
47 9373
50 9239
40 9335
41 9348
39 9217
37 9376
42 9299
45 9285
43 9263
41 9349
41 9237
38 9322
41 9271
58 9348
47 9299
44 9294
44 9415
45 9322
44 9301
46 9398
41 9314
43 9352
46 9294
43 9273
43 9245
47 9235
41 9267
45 9305
45 9326
41 9335
44 9225
49 9223
43 9307
48 9333
43 9365
41 9326
55 9217
45 9332
60 9265
65 9340
40 9271
38 9316
42 9296
49 9319
42 9269
44 9273
48 9290
36 9246
40 9320
44 9338
53 9170
44 9285
56 9263
39 9291
60 9296
43 9320
41 9280
43 9350
44 9326
50 9230
43 9227
45 9340
42 9255
41 9191
46 9298
41 9319
43 9245
41 9343
44 9329
50 9276
0 1
53 9291
43 9267
0 1
46 9269
56 9254
44 9185
46 9271
41 9291
44 9281
62 9242
47 9261
51 9330
40 9372
57 9340
48 9312
40 9287
40 9306
58 9227
39 9361
48 9262
41 9252
45 9294
45 9272
41 9314
51 9236
43 9278
44 9279
42 9253
41 9344
41 9218
40 9260
43 9259
40 9274
42 9336
38 9315
46 9349
67 9265
53 9373
40 9161
54 9289
52 9272
43 9318
47 9252
41 9326
55 9207
45 9300
45 9311
41 9321
42 9309
43 9244
42 9282
43 9265
44 9247
44 9287
42 9220
44 9316
42 9274
42 9315
49 9277
56 9294
39 9280
45 9309
59 9312
45 9357
47 9283
44 9275
45 9315
45 9352
38 9293
39 9292
45 9343
44 9376
47 9245
0 1
56 9215
39 9351
39 9335
44 9300
61 9263
39 9273
39 9310
43 9294
44 9263
43 9239
41 9249
40 9287
41 9160
62 9317
41 9290
42 9284
47 9301
55 9364
46 9371
49 9362
45 9215
47 9278
48 9296
54 9289
64 9190
50 9289
43 9282
42 9325
39 9305
41 9345
40 9318
40 9287
40 9203
39 9369
47 9304
43 9362
39 9385
54 9328
43 9272
55 9345
43 9275
46 9316
44 9290
39 9224
43 9181
40 9302
41 9312
38 9308
50 9314
47 9269
44 9244
40 9299
60 9268
45 9235
84 9222
60 9238
43 9329
53 9203
40 9306
42 9229
43 9311
37 9281
38 9340
44 9267
49 9386
45 9348
48 9275
40 9222
44 9408
38 9309
45 9275
39 9336
66 9312
40 9261
50 9318
47 9262
44 9311
39 9266
39 9233
42 9335
43 9356
39 9348
44 9292
40 9324
42 9280
42 9292
44 9295
40 9272
39 9189
41 9342
45 9322
40 9325
41 9355
43 9239
40 9266
43 9323
44 9315
43 9270
44 9324
45 9296
41 9338
41 9368
42 9341
45 9273
41 9306
41 9251
41 9290
46 9273
69 9340
51 9148
54 9321
49 9329
60 9374
43 9261
39 9311
46 9325
77 9392
83 9344
42 9317
40 9314
47 9314
38 9259
44 9283
41 9342
47 9309
48 9184
41 9260
38 9338
46 9244
40 9320
44 9282
39 9274
40 9325
43 9281
40 9221
41 9426
62 9276
46 9291
41 9249
48 9290
40 9223
83 9247
39 9326
43 9267
39 9311
39 9240
57 9249
42 9270
41 9302
40 9289
42 9179
41 9315
44 9258
46 9256
42 9254
43 9233
38 9225
45 9299
47 9341
44 9337
42 9305
40 9257
36 9236
43 9243
40 9267
40 9232
39 9190
48 9266
39 9259
41 9299
39 9199
43 9313
44 9345
44 9270
41 9281
48 9257
41 9329
45 9272
36 9282
43 9366
41 9320
41 9233
46 9241
42 9308
47 9357
40 9290
43 9270
40 9313
47 9304
72 9284
59 9279
44 9326
48 9347
47 9342
41 9225
43 9216
48 9332
44 9296
43 9219
42 9253
38 9326
38 9290
42 9234
43 9282
38 9221
37 9247
39 9281
43 9310
43 9236
42 9274
41 9227
41 9262
47 9252
44 9269
39 9260
42 9316
40 9264
43 9229
40 9275
42 9274
43 9247
39 9273
63 9344
60 9182
50 9326
63 9285
68 9272
44 9318
43 9271
41 9270
44 9212
44 9326
63 9320
44 9309
51 9298
40 9277
57 9246
49 9273
53 9246
41 9320
48 9254
44 9291
39 9235
48 9228
58 9248
48 9300
38 9224
42 9260
49 9298
49 9246
46 9244
47 9355
50 9277
0 1
56 9349
52 9218
58 9313
64 9242
0 1
47 9334
56 9208
53 9279
62 9360
61 9188
68 9153
43 9347
45 9310
47 9308
60 9332
49 9268
41 9267
51 9276
42 9283
58 9316
44 9274
47 9250
52 9218
43 9302
49 9290
192 9287
41 9243
46 9274
48 9313
49 9360
50 9337
52 9363
60 9291
53 9368
65 9403
48 9317
46 9328
37 9276
42 9360
42 9368
46 9263
0 1
48 9273
44 9312
43 9324
43 9295
45 9277
49 9307
43 9269
38 9290
39 9264
40 9201
38 9338
56 9289
50 9333
48 9240
48 9315
58 9243
45 9331
40 9261
48 9267
42 9350
42 9290
45 9308
46 9287
47 9274
62 9182
48 9341
47 9341
41 9307
39 9296
45 9271
49 9255
43 9233
46 9258
48 9320
47 9222
39 9287
45 9281
42 9192
49 9180
44 9193
56 9349
39 9236
41 9270
47 9365
38 9258
45 9312
64 9267
40 9320
43 9290
41 9264
41 9301
39 9323
41 9271
45 9215
48 9300
53 9259
43 9377
46 9269
44 9298
37 9281
46 9246
46 9272
44 9331
42 9320
43 9355
43 9297
42 9303
44 9220
58 9309
40 9312
37 9289
42 9340
41 9232
40 9363
53 9263
70 9294
42 9287
44 9256
51 9236
48 9254
62 9228
58 9272
52 9264
44 9284
43 9250
39 9349
38 9311
38 9298
42 9304
38 9231
40 9272
41 9246
59 9341
42 9294
41 9257
42 9300
53 9257
48 9285
50 9356
50 9299
52 9215
51 9288
48 9291
45 9239
51 9309
60 9325
42 9343
46 9278
0 1
47 9248
47 9298
45 9323
38 9224
44 9253
47 9309
42 9267
44 9242
45 9260
43 9294
43 9275
45 9259
53 9272
46 9307
43 9266
45 9234
48 9313
48 9308
47 9261
48 9268
46 9307
43 9244
45 9265
43 9286
45 9311
42 9247
45 9254
43 9197
51 9317
41 9292
39 9289
77 9298
45 9286
46 9354
39 9308
46 9330
44 9295
0 1
47 9264
44 9300
45 9276
44 9268
45 9219
43 9374
49 9269
40 9317
53 9322
46 9306
42 9242
42 9225
41 9310
41 9346
40 9304
58 9219
45 9348
41 9208
44 9199
51 9308
47 9319
89 9276
44 9220
42 9241
38 9323
40 9299
43 9283
42 9321
41 9275
42 9300
44 9304
42 9279
42 9341
41 9272
48 9312
43 9265
66 9307
49 9291
40 9187
44 9233
44 9334
45 9290
41 9318
49 9314
45 9206
46 9267
50 9259
42 9232
0 1
73 9332
61 9324
56 9279
46 9273
53 9185
49 9291
41 9256
64 9293
47 9286
0 1
64 9305
56 9282
57 9275
46 9273
49 9328
48 9271
45 9207
44 9233
47 9272
0 1
47 9283
52 9314
47 9295
45 9277
58 9227
38 9309
51 9277
0 1
42 9287
42 9320
43 9238
59 9325
44 9287
43 9314
47 9278
44 9290
40 9361
40 9351
39 9315
41 9292
0 1
39 9300
41 9270
40 9244
43 9271
53 9214
44 9234
45 9291
41 9235
40 9249
39 9331
47 9294
41 9361
41 9291
43 9321
38 9292
51 9300
42 9310
64 9335
46 9271
48 9248
49 9332
41 9320
43 9239
43 9331
0 1
76 9225
48 9323
61 9291
53 9327
41 9307
40 9412
38 9224
42 9339
45 9246
41 9223
50 9192
60 9208
58 9215
50 9311
61 9332
47 9349
46 9358
49 9305
40 9283
54 9306
49 9330
44 9270
41 9342
49 9272
49 9302
46 9308
56 9305
54 9382
44 9319
44 9240
43 9286
43 9289
72 9258
51 9321
47 9303
50 9320
42 9206
44 9274
42 9337
41 9256
46 9262
60 9268
41 9260
40 9313
44 9228
54 9190
54 9253
42 9257
51 9277
43 9343
46 9267
43 9233
43 9301
41 9335
42 9369
47 9334
57 9308
52 9247
44 9221
38 9383
53 9294
46 9302
52 9280
43 9291
40 9353
48 9263
40 9200
50 9268
0 1
63 9310
45 9264
48 9347
53 9201
55 9252
59 9229
45 9277
43 9244
45 9315
51 9305
41 9292
51 9282
54 9265
50 9274
48 9237
44 9253
44 9239
48 9237
48 9278
50 9280
44 9350
45 9291
52 9241
53 9278
48 9290
43 9293
44 9327
46 9376
46 9362
45 9267
142 9281
74 9349
51 9311
48 9320
53 9251
55 9318
41 9249
55 9306
46 9281
53 9367
54 9309
44 9349
56 9302
48 9284
47 9392
47 9208
48 9301
42 9250
46 9275
47 9334
45 9298
43 9286
45 9357
59 9410
53 9361
49 9396
56 9352
43 9357
58 9293
47 9327
0 1
53 9287
56 9227
47 9316
47 9303
45 9229
44 9375
47 9389
46 9263
42 9266
40 9302
39 9300
42 9242
42 9348
40 9312
39 9285
41 9271
48 9449
39 9307
40 9261
39 9274
41 9317
40 9301
43 9279
37 9285
42 9339
39 9323
39 9272
43 9290
41 9184
43 9314
40 9266
40 9357
43 9241
48 9264
53 9317
47 9307
43 9272
42 9290
52 9243
53 9336
48 9390
45 9351
40 9314
46 9217
40 9222
37 9285
55 9280
41 9327
44 9270
48 9272
54 9248
45 9290
62 9314
104 9264
64 9311
108 9314
71 9286
60 9277
52 9234
38 9262
0 1
47 9291
44 9330
66 9265
46 9217
61 9248
43 9217
53 9287
48 9337
39 9304
48 9331
45 9355
46 9341
46 9235
44 9273
48 9303
68 9234
43 9286
50 9325
63 9268
49 9366
49 9353
57 9220
41 9284
53 9330
43 9238
50 9319
47 9288
46 9267
52 9270
41 9201
36 9256
51 9306
45 9331
44 9332
42 9278
44 9289
53 9246
44 9223
42 9315
60 9342
44 9280
47 9356
0 1
48 9315
49 9237
74 9240
46 9269
50 9301
41 9230
42 9267
46 9335
45 9246
44 9331
50 9343
46 9329
43 9364
39 9286
48 9246
48 9351
40 9301
44 9299
39 9302
41 9227
40 9239
39 9279
38 9279
43 9295
42 9132
45 9303
44 9305
42 9200
43 9272
41 9324
43 9346
69 9290
61 9332
50 9228
45 9301
45 9293
42 9301
42 9222
46 9363
41 9256
45 9273
41 9227
45 9356
39 9237
39 9272
46 9269
46 9288
42 9345
38 9331
45 9277
42 9369
38 9221
38 9323
46 9274
41 9348
42 9306
41 9311
42 9295
41 9259
42 9297
40 9341
41 9313
40 9292
41 9270
43 9242
43 9326
47 9355
41 9241
40 9263
39 9336
48 9274
44 9249
40 9356
44 9223
40 9369
43 9258
42 9212
41 9221
44 9291
42 9266
40 9309
40 9286
40 9366
43 9304
49 9318
42 9287
40 9307
43 9289
43 9246
41 9357
43 9275
40 9340
47 9313
56 9348
43 9319
42 9352
40 9237
44 9285
52 9338
51 9284
61 9291
50 9198
45 9239
41 9244
42 9284
50 9214
44 9364
43 9229
46 9280
39 9319
42 9238
47 9303
40 9322
46 9333
42 9258
44 9334
49 9260
46 9318
49 9323
42 9267
51 9250
42 9266
41 9346
40 9218
55 9191
42 9256
44 9324
45 9358
41 9292
40 9333
45 9384
45 9237
42 9337
41 9208
51 9242
46 9234
56 9233
46 9276
40 9268
42 9267
42 9337
43 9223
52 9301
42 9345
41 9357
42 9200
45 9319
43 9308
41 9319
44 9341
44 9311
47 9262
48 9333
40 9233
48 9304
55 9292
48 9228
45 9284
55 9304
0 1
44 9242
41 9305
42 9281
44 9283
41 9339
48 9295
42 9318
42 9374
67 9315
51 9250
75 9279
48 9393
69 9133
46 9254
44 9238
43 9306
42 9366
43 9252
46 9321
41 9272
38 9276
45 9326
41 9244
43 9226
40 9259
44 9270
46 9211
44 9229
62 9262
44 9259
46 9316
44 9327
45 9236
43 9329
47 9289
51 9347
44 9313
47 9270
47 9301
58 9346
43 9312
49 9291
52 9241
58 9327
44 9292
44 9297
41 9331
46 9221
52 9266
43 9257
43 9286
42 9251
47 9309
46 9270
44 9303
44 9355
49 9300
42 9320
61 9204
63 9344
81 9305
43 9325
48 9265
56 9355
45 9335
43 9253
47 9255
54 9237
47 9355
42 9336
43 9308
40 9293
43 9307
51 9314
46 9306
41 9284
45 9252
43 9278
42 9253
47 9343
44 9256
57 9304
51 9311
67 9339
102 9315
42 9274
56 9297
66 9229
79 9281
47 9246
43 9196
46 9224
41 9215
43 9300
43 9217
49 9313
44 9361
9 3
41 9287
41 9221
41 9252
48 9270
48 9354
43 9312
51 9345
47 9295
45 9290
43 9316
51 9243
67 9215
53 9344
46 9302
43 9302
47 9292
41 9301
41 9297
42 9335
53 9288
49 9204
49 9314
47 9274
41 9280
44 9326
43 9253
53 9222
43 9283
44 9244
75 9252
61 9237
52 9404
51 9303
66 9297
58 9205
44 9288
54 9320
81 9211
5 3
117 9317
53 9295
53 9245
48 9304
46 9366
61 9297
48 9335
39 9240
40 9295
58 9329
46 9331
40 9372
39 9287
41 9300
43 9361
42 9317
46 9379
38 9289
40 9271
43 9315
41 9316
42 9284
40 9228
41 9248
39 9234
42 9268
40 9402
45 9323
43 9320
41 9258
53 9306
53 9335
41 9371
48 9295
56 9280
65 9288
39 9313
63 9265
51 9291
47 9297
44 9273
43 9321
43 9285
54 9332
47 9306
42 9316
46 9313
42 9271
45 9299
44 9268
47 9267
59 9297
111 9326
46 9244
43 9229
48 9327
52 9231
46 9195
54 9231
51 9183
41 9268
40 9220
46 9231
46 9330
70 9377
51 9294
42 9399
54 9221
57 9314
57 9290
47 9297
51 9298
43 9295
42 9322
50 9332
50 9283
42 9310
42 9281
39 9299
41 9366
45 9292
48 9232
39 9324
48 9265
42 9294
47 9343
53 9228
42 9251
43 9242
47 9281
43 9327
42 9347
48 9283
42 9254
43 9414
43 9354
40 9310
48 9285
44 9299
50 9335
38 9241
44 9279
49 9274
41 9299
42 9236
39 9287
46 9326
42 9281
55 9300
63 9328
46 9213
57 9324
52 9298
39 9302
70 9274
89 9309
40 9214
40 9339
44 9243
40 9190
39 9332
39 9305
50 9270
41 9345
43 9205
39 9285
40 9365
46 9253
44 9369
39 9232
40 9423
52 9231
42 9202
43 9251
93 9274
46 9296
42 9328
39 9300
44 9336
45 9320
42 9269
61 9309
40 9346
43 9299
42 9305
53 9395
49 9305
62 9229
45 9290
43 9304
43 9281
42 9204
46 9342
42 9203
50 9343
51 9212
45 9278
43 9256
47 9323
59 9224
0 1
51 9293
44 9283
44 9289
53 9241
40 9325
45 9174
43 9310
42 9209
47 9370
44 9225
47 9355
49 9216
45 9363
42 9295
40 9293
44 9252
43 9336
45 9256
40 9211
42 9314
52 9329
49 9267
46 9335
43 9265
41 9325
42 9246
48 9304
48 9365
57 9357
50 9304
40 9299
44 9235
49 9196
40 9333
46 9229
45 9342
46 9204
44 9264
49 9334
48 9399
52 9254
66 9307
78 9297
43 9358
45 9323
43 9295
41 9263
40 9367
43 9312
41 9259
45 9269
0 1
49 9314
42 9256
49 9251
44 9241
45 9262
50 9308
49 9374
49 9282
40 9347
49 9298
0 1
47 9294
92 9278
47 9240
53 9287
41 9322
44 9326
55 9368
44 9262
43 9286
43 9356
44 9314
44 9330
47 9260
42 9332
41 9299
50 9320
45 9298
48 9258
47 9335
52 9312
47 9325
54 9263
65 9309
44 9263
48 9246
41 9322
56 9302
67 9336
48 9296
41 9251
63 9342
46 9381
58 9310
47 9319
49 9290
45 9294
50 9301
40 9217
56 9301
40 9384
60 9313
69 9237
41 9232
45 9271
51 9312
43 9280
42 9291
45 9344
41 9418
46 9256
39 9261
44 9272
41 9306
46 9283
43 9278
40 9297
41 9259
51 9320
43 9281
51 9295
42 9284
69 9411
92 9328
43 9213
46 9392
47 9268
46 9325
43 9333
43 9274
49 9268
46 9296
42 9310
48 9375
38 9262
50 9244
44 9276
41 9150
39 9283
47 9303
47 9259
49 9359
45 9245
50 9291
39 9301
43 9257
48 9245
52 9292
49 9265
50 9205
44 9232
44 9335
42 9284
54 9325
38 9231
37 9291
41 9274
47 9306
43 9296
49 9330
46 9283
39 9270
43 9301
44 9339
43 9278
0 1
51 9263
44 9331
48 9222
61 9262
44 9267
45 9240
43 9315
44 9354
64 9212
73 9344
56 9238
44 9246
79 9282
40 9308
40 9176
41 9279
45 9316
106 9305
48 9256
42 9211
51 9344
10 2
109 9236
91 9356
87 9401
42 9392
40 9213
40 9378
43 9294
45 9239
38 9272
42 9288
42 9301
49 9277
45 9318
49 9247
46 9314
60 9299
49 9278
45 9290
48 9340
38 9273
45 9316
39 9248
38 9362
41 9323
43 9331
43 9324
42 9283
48 9203
52 9285
41 9393
40 9355
48 9352
38 9298
39 9307
43 9238
49 9304
43 9296
40 9278
56 9286
41 9259
39 9243
41 9280
42 9306
43 9256
50 9304
41 9322
44 9331
42 9323
39 9286
43 9314
41 9337
42 9334
49 9316
55 9278
42 9250
41 9308
39 9359
41 9284
38 9353
43 9316
42 9313
38 9292
44 9293
40 9240
49 9287
43 9352
41 9290
40 9222
61 9247
45 9304
49 9301
43 9285
38 9334
42 9282
40 9314
38 9208
40 9359
45 9296
54 9292
49 9231
42 9262
55 9305
50 9340
46 9253
51 9266
50 9274
58 9256
0 1
53 9273
38 9315
0 1
69 9306
83 9289
67 9307
46 9182
43 9255
47 9380
41 9254
48 9330
40 9233
60 9268
56 9336
40 9286
45 9341
42 9313
46 9341
41 9232
49 9321
42 9292
53 9388
55 9237
56 9333
42 9324
53 9298
41 9211
42 9197
49 9274
42 9224
41 9270
41 9291
45 9278
44 9283
51 9337
53 9285
36 9244
36 9346
45 9313
54 9299
48 9239
50 9324
41 9301
50 9362
41 9276
45 9303
47 9303
47 9355
45 9307
0 1
49 9297
84 9310
41 9262
39 9312
54 9280
102 9302
48 9298
56 9269
39 9356
50 9343
43 9241
42 9231
49 9287
0 1
0 1
51 9312
52 9367
45 9289
47 9331
39 9312
41 9237
45 9273
43 9343
38 9323
41 9276
54 9376
46 9311
44 9333
44 9218
40 9390
42 9232
42 9310
45 9332
42 9322
41 9314
43 9279
43 9394
44 9180
45 9247
41 9335
44 9331
45 9293
39 9351
43 9267
42 9288
43 9273
38 9293
44 9250
39 9302
41 9256
42 9355
47 9340
40 9327
43 9294
43 9334
41 9290
42 9241
48 9259
48 9320
44 9223
46 9261
55 9247
47 9290
43 9343
48 9246
47 9279
41 9307
42 9311
42 9285
43 9219
38 9244
42 9284
44 9289
43 9288
41 9269
42 9354
48 9296
50 9355
59 9321
46 9297
63 9278
52 9239
48 9347
44 9302
52 9345
37 9292
43 9283
40 9217
44 9267
41 9366
11 3
41 9213
42 9244
43 9262
43 9329
37 9254
46 9360
43 9285
39 9293
41 9360
41 9299
40 9230
71 9257
43 9269
56 9343
72 9225
50 9355
63 9256
54 9321
94 9320
44 9267
90 9299
39 9277
46 9267
44 9327
42 9291
54 9286
51 9274
73 9365
46 9269
41 9301
41 9373
44 9266
44 9340
44 9321
45 9362
42 9315
44 9292
42 9333
43 9318
42 9300
48 9273
44 9229
42 9288
42 9297
42 9332
66 9217
55 9259
55 9252
48 9249
40 9282
43 9351
40 9283
48 9367
42 9245
45 9313
45 9165
47 9258
60 9282
46 9258
72 9264
48 9285
42 9284
43 9339
43 9232
49 9300
50 9340
47 9211
44 9417
48 9298
46 9311
86 9321
64 9307
94 9346
50 9337
70 9317
44 9310
40 9255
49 9346
46 9366
46 9333
47 9286
42 9223
48 9327
48 9337
45 9272
43 9253
46 9247
42 9291
46 9311
45 9298
44 9235
56 9303
58 9348
41 9280
44 9243
47 9318
43 9239
51 9305
58 9256
56 9216
52 9302
41 9295
50 9229
43 9245
43 9266
53 9336
54 9228
80 9235
51 9291
39 9304
55 9229
63 9239
49 9244
46 9304
66 9224
45 9365
41 9329
54 9303
44 9322
41 9291
51 9302
42 9310
42 9251
50 9254
42 9292
45 9302
43 9300
43 9229
56 9369
43 9325
90 9272
18 2
51 9249
42 9273
42 9353
43 9271
52 9273
51 9321
90 9256
43 9298
50 9201
55 9270
54 9290
70 9326
63 9347
97 9278
63 9215
45 9338
45 9273
44 9283
45 9251
42 9309
44 9279
36 9321
45 9324
40 9340
43 9279
46 9319
54 9325
41 9352
45 9260
41 9275
47 9365
40 9266
49 9302
0 1
53 9327
47 9345
48 9291
46 9396
43 9298
56 9257
121 9280
69 9190
63 9274
48 9317
41 9290
55 9289
52 9283
47 9256
46 9322
53 9309
64 9222
45 9288
43 9292
42 9332
41 9326
43 9212
40 9311
39 9265
38 9328
49 9266
44 9302
43 9308
42 9224
43 9275
48 9313
46 9274
41 9207
41 9265
43 9375
39 9265
45 9332
63 9211
43 9318
43 9251
45 9323
47 9244
41 9321
47 9250
41 9303
43 9242
41 9324
45 9341
44 9259
44 9308
40 9304
43 9244
45 9314
40 9266
48 9408
41 9322
40 9379
45 9279
47 9289
45 9296
50 9315
48 9293
52 9360
50 9242
44 9210
44 9333
43 9299
42 9262
43 9227
47 9227
44 9361
42 9361
48 9325
41 9316
39 9296
41 9327
39 9280
98 9267
64 9245
39 9245
40 9292
42 9342
48 9293
45 9248
46 9284
44 9342
39 9365
71 9219
69 9289
46 9318
41 9308
77 9303
62 9312
53 9207
41 9278
46 9329
40 9281
41 9355
61 9285
45 9344
60 9329
51 9353
40 9254
50 9261
49 9354
48 9276
39 9303
51 9248
42 9274
44 9276
43 9290
46 9315
48 9265
42 9186
55 9217
45 9251
42 9278
51 9250
48 9289
52 9339
44 9257
40 9262
46 9264
41 9331
58 9357
62 9323
40 9288
42 9334
40 9260
42 9201
67 9275
47 9322
45 9313
44 9278
37 9265
47 9226
47 9291
49 9246
43 9341
37 9251
41 9268
0 1
44 9287
81 9319
43 9294
45 9257
46 9277
56 9332
51 9371
53 9257
56 9222
46 9320
47 9249
46 9249
60 9185
58 9154
52 9289
44 9375
41 9349
45 9277
72 9202
48 9293
45 9238
41 9362
62 9242
44 9325
43 9271
54 9356
41 9273
50 9308
43 9287
60 9227
44 9284
45 9289
40 9286
44 9311
57 9305
59 9222
45 9322
51 9341
42 9303
49 9267
47 9291
94 9370
54 9300
39 9230
43 9234
40 9197
47 9248
43 9353
43 9220
41 9266
45 9328
44 9216
63 9276
74 9294
64 9297
79 9297
90 9254
51 9255
120 9366
59 9249
43 9337
47 9269
51 9300
65 9296
59 9344
51 9210
62 9218
51 9289
55 9263
71 9242
57 9274
53 9331
67 9282
65 9297
57 9314
59 9396
60 9316
44 9262
40 9267
42 9206
81 9287
56 9251
43 9232
48 9274
51 9321
54 9245
61 9305
48 9316
50 9313
46 9319
47 9227
47 9253
48 9309
52 9295
50 9328
46 9255
43 9288
49 9236
76 9241
49 9280
51 9234
46 9265
38 9249
48 9320
47 9264
42 9301
43 9264
43 9318
48 9354
40 9346
46 9267
41 9233
50 9301
47 9326
39 9343
51 9270
45 9182
44 9257
53 9200
54 9249
50 9268
64 9285
43 9353
48 9331
41 9256
51 9303
46 9227
42 9340
43 9334
38 9227
42 9254
39 9372
45 9333
39 9289
46 9279
40 9311
44 9282
42 9356
54 9371
48 9283
41 9373
44 9337
64 9214
61 9248
45 9357
48 9244
51 9305
47 9311
40 9388
42 9261
44 9254
44 9258
41 9197
46 9329
40 9244
42 9182
44 9330
58 9294
56 9298
55 9377
44 9339
46 9328
46 9318
43 9292
50 9262
49 9268
53 9368
56 9348
46 9233
47 9325
41 9216
56 9294
47 9399
50 9256
49 9212
49 9305
0 1
61 9294
77 9307
45 9325
43 9304
41 9374
38 9280
39 9339
70 9268
50 9251
44 9272
40 9266
43 9329
39 9257
43 9318
38 9192
51 9218
47 9281
48 9257
43 9237
46 9299
43 9304
40 9330
44 9337
45 9381
51 9329
64 9342
40 9288
38 9313
0 1
42 9210
46 9240
43 9376
45 9321
46 9297
53 9312
53 9299
56 9290
42 9228
44 9304
52 9265
47 9245
0 1
53 9353
53 9279
40 9204
40 9318
45 9203
48 9265
48 9223
45 9325
42 9333
42 9296
44 9181
53 9334
46 9340
45 9332
52 9320
45 9343
46 9229
40 9257
41 9364
53 9219
46 9374
51 9168
59 9298
44 9292
52 9331
51 9257
45 9297
41 9416
45 9280
48 9329
46 9321
63 9314
44 9287
48 9382
40 9224
42 9293
41 9227
99 9254
55 9269
67 9311
41 9285
49 9338
40 9285
46 9261
42 9281
53 9249
41 9305
47 9350
39 9253
42 9306
43 9276
44 9271
46 9309
38 9294
41 9289
51 9285
41 9306
47 9215
41 9256
44 9381
48 9291
70 9305
46 9261
63 9292
76 9330
43 9281
49 9255
43 9282
43 9292
42 9295
42 9317
42 9211
0 1
41 9226
51 9310
42 9197
43 9267
48 9284
44 9325
42 9247
47 9279
42 9217
41 9219
42 9278
52 9266
54 9348
47 9275
70 9287
45 9236
48 9323
54 9271
55 9359
59 9341
41 9317
54 9263
0 1
42 9321
56 9241
44 9317
68 9312
0 1
40 9254
51 9326
61 9348
51 9282
58 9227
41 9277
42 9334
44 9308
37 9330
49 9339
43 9221
48 9300
49 9273
49 9256
48 9283
50 9299
50 9222
41 9359
39 9311
45 9317
39 9215
44 9334
42 9390
42 9277
37 9240
41 9318
40 9285
73 9254
56 9167
39 9225
37 9251
44 9304
41 9267
49 9222
44 9220
47 9338
47 9264
53 9196
47 9316
41 9319
43 9289
41 9388
46 9326
43 9232
49 9267
53 9293
51 9295
43 9344
49 9231
44 9339
49 9280
44 9373
43 9307
41 9309
41 9362
44 9340
41 9273
42 9279
44 9366
43 9275
40 9258
51 9327
46 9262
45 9248
49 9300
50 9226
55 9351
60 9286
55 9318
48 9291
39 9211
45 9307
46 9323
47 9349
47 9220
45 9258
43 9275
43 9282
54 9231
58 9260
43 9332
45 9342
52 9311
40 9251
51 9205
51 9317
54 9239
42 9257
40 9306
38 9294
39 9281
40 9183
42 9345
42 9290
50 9306
46 9245
61 9281
41 9243
47 9254
39 9320
54 9323
43 9316
39 9343
42 9329
55 9276
42 9355
42 9285
37 9346
47 9300
40 9251
80 9277
47 9208
41 9335
43 9363
57 9255
45 9246
65 9321
67 9308
59 9285
48 9268
42 9305
52 9262
47 9338
57 9322
42 9243
48 9252
45 9147
44 9302
43 9302
48 9258
50 9235
57 9271
43 9277
46 9262
43 9318
48 9260
45 9313
84 9267
53 9401
63 9264
77 9289
69 9198
40 9283
40 9182
45 9259
37 9244
48 9339
45 9256
45 9283
44 9311
46 9323
45 9361
41 9285
53 9316
45 9355
66 9218
82 9198
46 9281
53 9336
44 9282
0 1
44 9174
46 9135
46 9258
40 9327
45 9301
46 9278
48 9321
40 9260
43 9252
41 9254
50 9244
41 9358
45 9228
41 9309
53 9313
38 9276
45 9317
40 9244
48 9402
45 9315
41 9265
59 9377
42 9200
43 9368
51 9307
46 9240
50 9343
45 9283
47 9239
46 9260
54 9293
47 9242
50 9303
47 9296
50 9233
45 9355
44 9279
48 9337
46 9250
46 9241
42 9334
51 9291
60 9338
49 9257
48 9207
46 9368
45 9305
50 9268
40 9268
52 9340
46 9268
44 9313
54 9311
80 9296
55 9306
54 9255
46 9347
68 9317
49 9309
46 9260
40 9273
54 9338
45 9253
43 9277
54 9318
47 9320
54 9435
44 9379
97 9247
56 9305
50 9211
41 9283
41 9271
44 9281
48 9315
49 9299
61 9343
39 9301
46 9231
43 9363
43 9303
47 9312
56 9305
44 9285
51 9285
49 9234
44 9244
0 1
42 9261
41 9288
43 9255
44 9293
66 9342
49 9231
43 9292
51 9301
0 1
52 9228
90 9356
47 9259
53 9244
42 9232
43 9371
42 9435
60 9314
56 9285
61 9287
40 9365
67 9293
41 9332
47 9367
44 9283
80 9284
63 9318
79 9319
43 9322
45 9208
39 9360
42 9202
42 9308
0 1
52 9320
0 1
0 1
47 9301
44 9318
63 9355
51 9304
42 9230
47 9411
46 9285
51 9279
44 9381
44 9245
79 9294
47 9259
40 9284
40 9283
44 9314
48 9298
48 9238
44 9236
43 9243
48 9235
38 9240
41 9329
40 9314
50 9300
43 9274
45 9309
63 9264
70 9303
51 9246
70 9282
48 9273
58 9398
43 9323
53 9332
37 9328
59 9268
50 9320
46 9250
72 9302
43 9203
84 9231
62 9321
66 9326
70 9246
104 9272
49 9340
47 9317
42 9342
49 9251
45 9312
54 9283
62 9329
60 9288
58 9271
56 9267
76 9311
53 9364
49 9339
48 9344
44 9249
46 9250
43 9217
80 9300
52 9312
55 9318
41 9259
60 9236
65 9227
60 9346
43 9193
69 9352
42 9292
59 9231
55 9347
49 9299
60 9321
42 9281
0 1
57 9205
43 9327
62 9288
44 9219
45 9212
49 9261
66 9316
58 9280
45 9315
48 9215
53 9350
76 9365
45 9323
46 9340
41 9310
54 9386
45 9226
43 9357
43 9237
44 9342
42 9321
49 9345
42 9376
0 1
41 9236
51 9312
47 9344
0 1
54 9296
48 9261
53 9293
45 9199
46 9201
46 9345
43 9431
56 9337
51 9207
42 9253
45 9275
52 9280
46 9270
49 9296
56 9280
45 9284
46 9290
41 9198
58 9272
66 9307
41 9239
45 9249
42 9257
43 9254
49 9298
41 9295
47 9255
47 9288
52 9303
52 9364
61 9353
46 9308
43 9278
42 9360
43 9352
63 9225
47 9204
56 9294
53 9290
59 9298
58 9342
55 9161
66 9292
46 9209
45 9225
45 9282
49 9215
57 9310
52 9244
0 1
62 9391
65 9282
0 1
91 9275
48 9210
0 1
44 9290
55 9299
44 9346
51 9217
45 9383
41 9395
41 9271
46 9276
43 9250
43 9322
48 9236
68 9283
40 9277
47 9281
43 9266
55 9321
44 9242
51 9255
65 9324
47 9348
44 9283
45 9297
46 9296
47 9292
41 9272
42 9280
49 9240
0 1
42 9264
72 9377
50 9294
105 9239
44 9360
55 9301
43 9280
42 9340
43 9313
43 9390
50 9271
42 9269
75 9278
42 9259
40 9240
44 9278
47 9218
77 9299
43 9351
43 9245
40 9274
42 9370
42 9279
44 9338
48 9210
45 9283
46 9228
39 9379
41 9375
47 9308
49 9204
47 9325
38 9257
45 9241
40 9353
49 9342
39 9294
46 9232
45 9303
38 9232
41 9258
54 9294
41 9336
42 9267
42 9231
53 9196
44 9211
48 9256
42 9339
40 9293
39 9324
47 9252
43 9299
44 9213
51 9349
45 9248
40 9319
45 9223
47 9187
0 1
49 9296
43 9362
44 9273
37 9323
40 9296
51 9273
40 9282
78 9293
44 9316
48 9284
48 9330
50 9237
47 9233
59 9291
59 9302
57 9242
61 9280
74 9279
41 9224
52 9398
38 9321
41 9302
44 9374
41 9325
45 9323
57 9308
42 9297
49 9359
40 9326
41 9239
42 9261
45 9247
41 9280
44 9282
41 9259
45 9299
49 9325
40 9240
41 9241
42 9325
76 9325
62 9320
57 9332
56 9283
47 9248
95 9298
55 9237
46 9318
43 9300
45 9303
55 9254
41 9334
67 9259
47 9291
48 9279
51 9290
43 9244
43 9320
44 9299
52 9272
43 9348
47 9308
47 9335
0 1
10 2
45 9284
42 9333
41 9331
44 9294
43 9220
55 9277
53 9272
51 9318
45 9279
45 9264
49 9344
49 9381
48 9283
68 9180
40 9261
68 9254
55 9250
39 9255
52 9271
52 9351
49 9290
37 9341
73 9326
43 9329
43 9312
46 9336
44 9256
58 9200
0 1
46 9266
41 9364
43 9268
47 9219
54 9332
43 9273
45 9242
51 9293
49 9343
41 9278
46 9262
48 9288
50 9329
43 9212
48 9277
44 9272
53 9312
51 9335
42 9284
42 9346
43 9278
41 9269
58 9300
46 9283
77 9369
54 9249
60 9264
46 9396
52 9298
41 9290
45 9262
45 9281
46 9328
52 9333
39 9248
41 9213
49 9295
45 9370
44 9376
44 9350
41 9222
41 9294
59 9264
43 9259
45 9276
48 9228
47 9224
47 9267
43 9234
41 9294
44 9218
45 9285
43 9284
46 9311
43 9303
40 9176
41 9236
39 9291
41 9364
40 9262
44 9239
47 9243
43 9274
49 9212
46 9220
0 1
93 9284
97 9205
46 9306
43 9275
44 9220
48 9356
45 9253
51 9240
46 9305
45 9266
46 9319
46 9290
47 9260
44 9303
47 9302
48 9253
45 9258
43 9279
43 9340
48 9340
44 9386
48 9265
42 9283
40 9276
0 1
58 9295
39 9333
44 9285
44 9319
50 9338
44 9247
42 9276
44 9241
58 9216
53 9266
76 9273
68 9323
58 9235
55 9301
45 9300
50 9342
46 9314
0 1
44 9225
42 9278
46 9376
47 9228
40 9356
68 9214
51 9291
54 9263
53 9322
82 9258
61 9299
39 9376
42 9329
46 9314
41 9245
42 9256
43 9301
71 9252
43 9349
48 9343
38 9297
45 9209
45 9196
37 9194
51 9293
65 9309
53 9343
47 9312
41 9280
42 9261
46 9304
49 9255
44 9200
41 9354
47 9252
51 9330
40 9353
40 9247
49 9361
44 9232
76 9310
42 9346
43 9249
44 9218
42 9368
48 9277
53 9319
47 9265
79 9265
75 9376
52 9429
47 9317
46 9331
65 9270
48 9354
46 9273
42 9260
77 9242
67 9285
62 9336
52 9267
49 9269
41 9308
49 9237
49 9376
51 9310
41 9345
45 9252
41 9285
43 9251
46 9258
46 9240
47 9221
43 9210
53 9328
50 9289
54 9206
44 9318
45 9274
51 9322
55 9280
47 9214
45 9389
47 9369
44 9331
43 9296
75 9277
65 9286
46 9357
70 9316
43 9233
48 9336
50 9284
41 9299
47 9238
45 9396
47 9358
44 9324
49 9252
49 9240
43 9337
48 9345
68 9245
53 9315
44 9287
41 9238
40 9292
39 9345
41 9254
40 9303
38 9242
41 9359
44 9328
48 9303
51 9286
50 9341
42 9281
39 9294
48 9272
51 9252
54 9280
41 9302
55 9400
50 9233
0 1
66 9365
59 9194
44 9292
44 9254
42 9322
47 9310
0 1
48 9281
40 9352
45 9249
85 9259
65 9337
40 9238
46 9298
43 9306
40 9244
37 9227
170 9348
44 9314
49 9333
54 9335
43 9355
46 9314
42 9343
38 9293
39 9186
54 9312
54 9321
81 9324
57 9273
65 9311
63 9321
43 9261
47 9241
46 9288
43 9259
45 9317
42 9301
48 9338
68 9296
51 9290
53 9329
42 9246
42 9336
42 9303
46 9216
49 9282
52 9264
49 9340
49 9312
49 9271
49 9253
46 9289
49 9286
46 9258
51 9313
44 9336
47 9282
45 9240
69 9271
43 9273
59 9286
54 9272
68 9373
0 1
0 1
63 9353
68 9304
59 9335
47 9257
51 9261
48 9273
51 9323
44 9316
42 9349
53 9368
38 9295
67 9291
43 9200
46 9209
43 9189
44 9261
75 9332
43 9302
51 9320
47 9284
42 9292
0 1
44 9230
47 9223
42 9229
43 9230
47 9227
45 9272
51 9249
39 9176
40 9311
48 9344
67 9314
128 9280
45 9287
45 9325
50 9292
43 9366
56 9326
44 9324
53 9267
56 9271
56 9223
56 9314
54 9337
51 9241
63 9207
53 9338
46 9201
44 9323
47 9292
47 9260
43 9325
49 9255
43 9230
43 9199
61 9246
48 9337
65 9256
51 9304
65 9333
67 9346
0 1
50 9307
67 9268
51 9291
133 9309
41 9259
40 9336
47 9211
49 9281
42 9318
45 9302
54 9287
65 9296
71 9253
48 9267
64 9300
42 9262
40 9224
40 9243
46 9198
41 9313
42 9240
40 9253
61 9304
55 9258
49 9243
47 9306
39 9223
45 9265
78 9229
59 9210
58 9280
52 9282
68 9287
149 9276
80 9312
109 9367
47 9191
57 9344
0 1
61 9316
70 9282
42 9268
44 9322
49 9355
40 9263
42 9262
45 9340
48 9320
42 9299
52 9308
0 1
63 9354
38 9323
51 9315
43 9249
61 9283
52 9353
0 1
44 9219
49 9391
57 9298
64 9307
83 9262
45 9282
43 9276
58 9331
47 9310
59 9297
40 9324
63 9290
48 9309
47 9339
50 9360
73 9344
70 9271
98 9336
38 9383
87 9258
78 9327
40 9257
53 9340
42 9335
41 9297
44 9361
57 9304
46 9284
44 9271
49 9261
66 9295
50 9300
0 1
55 9317
44 9239
48 9357
45 9274
61 9271
49 9345
50 9281
44 9357
46 9273
55 9359
44 9307
39 9308
47 9333
41 9230
50 9285
52 9200
48 9203
60 9260
44 9285
43 9352
53 9238
11 2
119 9331
44 9300
41 9247
42 9245
44 9225
41 9256
41 9305
45 9228
74 9216
46 9264
45 9275
46 9306
52 9309
50 9333
47 9346
50 9164
63 9290
46 9318
50 9324
51 9209
72 9324
43 9268
38 9310
53 9370
42 9275
38 9288
43 9320
51 9345
50 9266
42 9358
82 9382
48 9278
0 1
44 9329
42 9310
44 9350
43 9349
46 9359
39 9341
43 9308
47 9315
44 9244
42 9238
58 9280
53 9321
61 9280
41 9202
53 9237
46 9240
49 9276
42 9275
48 9313
46 9210
45 9273
56 9224
62 9308
69 9345
53 9260
44 9347
62 9316
77 9304
46 9252
44 9371
50 9278
44 9246
41 9226
71 9305
119 9383
64 9322
43 9280
42 9239
42 9233
47 9339
47 9302
49 9239
44 9221
52 9233
39 9272
44 9269
48 9258
57 9397
56 9236
56 9270
66 9225
71 9274
64 9219
66 9283
61 9264
59 9264
52 9341
65 9221
85 9357
45 9338
76 9216
46 9329
45 9260
37 9326
42 9285
52 9336
40 9318
48 9331
51 9249
42 9321
46 9225
47 9326
52 9354
0 1
70 9257
62 9337
47 9292
43 9298
56 9364
42 9339
46 9286
62 9313
51 9280
54 9256
46 9227
41 9384
44 9270
42 9324
47 9311
45 9353
64 9282
38 9266
54 9261
43 9261
43 9309
42 9223
43 9200
42 9252
44 9286
46 9364
47 9332
45 9267
45 9248
48 9273
48 9267
44 9272
45 9286
39 9239
42 9289
56 9317
51 9310
0 1
55 9286
43 9253
56 9312
45 9324
60 9366
61 9250
50 9259
47 9264
55 9396
43 9303
46 9193
48 9318
45 9286
42 9308
37 9305
42 9294
58 9286
61 9316
65 9323
50 9285
41 9348
43 9290
44 9161
59 9253
42 9251
57 9335
52 9337
41 9290
70 9232
42 9288
42 9203
43 9232
48 9300
40 9274
48 9279
41 9226
43 9262
11 2
42 9237
52 9387
49 9372
45 9162
42 9290
57 9346
45 9215
43 9223
59 9275
43 9264
43 9277
42 9318
55 9299
40 9204
44 9334
66 9310
50 9317
49 9312
40 9278
47 9238
47 9320
45 9331
48 9234
43 9261
45 9364
51 9306
47 9302
93 9364
56 9307
58 9342
53 9253
51 9273
44 9298
41 9307
41 9442
45 9304
50 9310
53 9342
44 9300
48 9244
51 9312
41 9248
0 1
44 9353
53 9349
63 9259
41 9285
51 9298
58 9301
40 9245
45 9250
40 9241
44 9377
53 9296
40 9312
43 9324
43 9354
48 9245
44 9257
0 1
57 9254
98 9229
50 9368
42 9332
56 9249
73 9331
61 9229
56 9348
59 9207
46 9366
41 9218
53 9241
42 9350
41 9293
47 9378
56 9262
43 9255
46 9292
44 9291
47 9316
50 9295
57 9249
47 9273
44 9274
53 9273
45 9274
42 9305
44 9232
54 9358
62 9269
43 9339
56 9293
43 9237
43 9368
43 9224
41 9311
45 9253
46 9300
47 9282
40 9411
41 9317
46 9368
45 9220
42 9262
59 9272
48 9335
45 9240
43 9291
43 9277
42 9287
42 9246
45 9284
44 9393
50 9280
41 9269
39 9283
43 9270
48 9320
39 9228
42 9238
49 9323
48 9319
45 9316
42 9290
0 1
44 9175
51 9271
45 9308
48 9258
44 9350
47 9243
55 9321
49 9330
44 9306
45 9309
73 9306
50 9274
44 9177
43 9343
68 9247
60 9282
44 9352
47 9335
44 9314
54 9213
55 9201
63 9306
47 9348
58 9304
46 9301
53 9277
47 9247
63 9303
59 9246
44 9303
56 9254
44 9373
51 9158
43 9310
42 9282
47 9316
39 9310
40 9355
44 9333
43 9391
42 9280
49 9244
44 9288
47 9406
42 9207
55 9276
41 9256
43 9233
40 9294
41 9289
39 9221
44 9178
45 9337
51 9260
47 9315
45 9247
39 9270
40 9352
52 9261
46 9305
112 9272
45 9309
42 9265
41 9276
0 1
48 9251
63 9340
61 9277
43 9279
54 9337
45 9323
48 9226
52 9250
47 9233
47 9365
50 9275
46 9364
53 9292
54 9186
41 9237
55 9251
56 9369
43 9229
50 9347
46 9307
42 9211
44 9290
55 9249
37 9292
45 9255
41 9255
40 9272
44 9233
39 9307
53 9256
41 9339
56 9240
46 9319
47 9260
45 9241
49 9306
63 9315
53 9355
41 9269
74 9271
43 9260
0 1
43 9266
42 9326
45 9351
0 1
42 9322
42 9348
40 9291
43 9303
42 9233
39 9285
50 9319
42 9197
43 9220
42 9383
41 9270
42 9317
42 9265
47 9354
44 9266
44 9317
47 9301
41 9176
43 9248
62 9365
42 9286
64 9285
41 9334
39 9285
43 9262
85 9318
45 9313
74 9307
0 1
47 9261
51 9252
41 9260
44 9248
40 9335
0 1
47 9332
40 9268
41 9324
44 9251
57 9202
45 9291
45 9303
40 9291
41 9236
43 9278
53 9259
42 9329
46 9295
44 9279
41 9270
42 9276
43 9279
44 9375
40 9317
41 9251
0 1
68 9317
59 9166
45 9327
0 1
46 9308
43 9247
45 9290
45 9354
47 9306
54 9328
43 9262
51 9336
51 9304
57 9206
44 9246
51 9296
44 9350
56 9279
60 9275
42 9312
49 9194
65 9228
55 9313
49 9223
43 9233
48 9265
49 9258
46 9194
57 9247
74 9313
43 9206
56 9264
44 9288
50 9290
47 9328
50 9247
0 1
46 9298
51 9327
65 9364
45 9229
45 9315
48 9243
61 9285
49 9332
41 9279
51 9218
55 9296
57 9252
46 9301
45 9278
41 9337
43 9275
45 9326
50 9284
51 9348
44 9321
53 9359
42 9288
51 9340
47 9276
43 9253
44 9242
39 9289
39 9232
41 9322
42 9191
48 9320
40 9257
44 9143
44 9363
51 9263
46 9323
40 9212
47 9335
40 9248
86 9342
42 9306
46 9290
51 9275
44 9353
41 9264
41 9266
46 9295
57 9319
62 9290
78 9400
44 9296
45 9277
39 9368
42 9347
45 9227
48 9276
53 9226
56 9336
107 9229
137 9304
0 1
43 9268
85 9259
51 9327
46 9319
43 9302
44 9326
46 9254
75 9281
76 9276
67 9371
50 9282
43 9368
55 9295
41 9309
47 9298
43 9242
50 9344
82 9208
45 9239
134 9256
55 9325
68 9347
70 9310
51 9363
47 9244
49 9346
42 9349
51 9318
45 9271
71 9303
52 9260
44 9260
47 9282
40 9280
47 9355
51 9301
49 9274
40 9315
40 9253
48 9305
43 9292
45 9280
47 9327
101 9306
44 9343
42 9388
43 9371
47 9350
50 9311
50 9372
48 9288
64 9264
57 9306
56 9313
51 9333
40 9296
41 9296
48 9313
78 9322
47 9255
42 9228
51 9307
47 9251
44 9382
48 9263
50 9289
49 9289
46 9322
48 9176
107 9246
54 9296
41 9362
46 9331
50 9309
45 9255
59 9297
50 9319
44 9250
51 9319
56 9276
42 9291
40 9359
40 9308
41 9375
73 9339
43 9324
50 9260
64 9268
43 9221
0 1
49 9227
57 9205
61 9266
45 9270
76 9262
47 9272
55 9243
59 9284
40 9336
54 9338
56 9284
41 9270
46 9338
41 9396
48 9316
49 9347
55 9312
45 9274
49 9309
50 9282
43 9280
60 9374
53 9280
62 9291
44 9223
42 9246
43 9249
42 9341
45 9249
43 9319
50 9294
44 9394
48 9366
43 9227
0 1
47 9349
46 9299
46 9292
57 9290
42 9237
43 9250
46 9293
39 9347
48 9298
44 9239
49 9327
46 9228
51 9370
44 9356
45 9349
49 9298
45 9280
81 9274
127 9338
68 9272
74 9360
67 9326
49 9296
39 9359
49 9277
40 9297
48 9291
39 9270
40 9290
50 9284
43 9334
42 9226
42 9302
59 9241
45 9345
41 9326
46 9254
49 9297
47 9245
54 9211
49 9368
49 9317
46 9333
57 9307
47 9279
58 9316
53 9336
47 9326
44 9315
53 9293
44 9271
39 9310
47 9279
50 9314
46 9355
42 9277
74 9336
50 9254
43 9248
48 9277
41 9361
59 9270
45 9406
47 9244
55 9220
48 9225
42 9274
44 9320
59 9278
48 9294
57 9353
67 9333
48 9248
50 9313
49 9319
57 9214
51 9340
36 9317
41 9270
43 9290
45 9355
43 9245
42 9328
41 9304
54 9263
0 1
47 9271
61 9244
49 9337
44 9279
43 9275
54 9319
46 9256
42 9216
42 9222
56 9235
45 9348
38 9270
60 9303
43 9279
68 9274
49 9327
61 9239
43 9282
47 9229
81 9330
75 9287
46 9236
42 9278
38 9276
72 9287
45 9297
48 9286
45 9303
44 9294
42 9229
41 9294
44 9326
39 9384
39 9331
67 9314
0 1
41 9328
44 9254
43 9352
44 9294
47 9281
44 9298
45 9316
59 9299
44 9380
42 9334
44 9350
50 9284
46 9228
38 9281
90 9260
52 9291
40 9268
74 9330
42 9298
42 9308
46 9271
46 9313
55 9374
47 9397
42 9286
56 9387
45 9326
66 9290
47 9399
0 1
48 9308
55 9367
50 9286
43 9268
0 1
76 9220
44 9298
0 1
45 9314
52 9326
43 9278
54 9276
42 9317
47 9294
50 9313
52 9328
43 9208
57 9268
39 9304
0 1
40 9321
38 9357
42 9308
42 9288
41 9288
41 9340
40 9319
44 9326
41 9283
39 9294
40 9399
44 9403
42 9219
42 9278
38 9292
78 9293
51 9210
47 9385
50 9323
47 9267
45 9238
59 9270
0 1
45 9303
49 9290
49 9245
52 9310
96 9342
46 9329
67 9385
50 9241
43 9290
50 9203
48 9374
52 9351
65 9298
59 9244
45 9230
52 9321
46 9347
51 9236
60 9352
58 9252
50 9301
57 9251
50 9256
49 9266
56 9250
67 9188
42 9253
95 9306
77 9325
41 9306
40 9345
40 9320
39 9265
42 9302
44 9311
47 9312
41 9241
42 9365
43 9210
45 9271
57 9318
50 9279
76 9346
43 9195
51 9244
46 9305
53 9309
39 9351
44 9311
43 9174
44 9299
51 9263
45 9292
41 9342
49 9323
48 9336
42 9241
44 9285
44 9255
52 9306
45 9263
44 9273
48 9315
61 9339
44 9252
46 9267
45 9219
42 9325
47 9197
56 9333
45 9335
55 9304
47 9307
89 9235
50 9312
77 9319
53 9242
65 9222
58 9281
51 9301
46 9320
42 9243
54 9277
76 9298
42 9264
41 9290
43 9221
56 9320
44 9268
42 9279
42 9307
52 9334
44 9260
47 9279
41 9344
50 9331
43 9296
42 9223
47 9376
59 9287
50 9310
57 9292
44 9359
82 9289
41 9213
42 9254
47 9267
39 9321
44 9317
43 9322
43 9251
42 9201
51 9277
54 9335
47 9318
81 9236
43 9353
45 9230
45 9356
48 9315
55 9276
42 9351
39 9302
42 9296
45 9274
47 9281
42 9268
47 9255
52 9321
108 9278
44 9320
43 9300
54 9294
47 9330
45 9319
44 9307
41 9298
64 9196
63 9192
46 9208
44 9312
48 9331
42 9274
49 9283
46 9249
54 9315
41 9314
45 9362
52 9271
40 9309
49 9324
41 9243
42 9302
49 9300
51 9356
51 9327
39 9368
41 9223
47 9318
0 1
46 9315
46 9327
45 9202
56 9273
41 9328
83 9277
51 9208
58 9311
55 9305
56 9324
63 9287
50 9285
51 9341
63 9202
57 9274
89 9208
52 9344
48 9274
69 9234
56 9272
41 9266
53 9203
41 9289
47 9322
48 9314
48 9335
41 9278
46 9379
39 9226
47 9267
47 9255
41 9245
50 9264
41 9284
75 9282
45 9305
49 9322
38 9383
56 9315
45 9237
68 9280
51 9323
53 9182
43 9280
43 9183
53 9220
44 9311
44 9237
40 9280
38 9249
36 9315
49 9309
52 9359
72 9248
54 9272
60 9267
52 9331
41 9238
46 9276
63 9313
53 9268
76 9271
56 9282
83 9245
60 9330
71 9377
71 9299
44 9315
46 9298
40 9248
44 9325
51 9249
44 9307
49 9289
42 9243
50 9344
63 9283
42 9307
45 9233
46 9264
48 9305
43 9335
41 9279
71 9266
49 9312
54 9319
39 9301
44 9336
45 9297
50 9279
53 9245
56 9238
39 9271
42 9355
42 9308
46 9237
44 9267
46 9229
47 9260
101 9354
53 9276
63 9370
45 9348
47 9293
46 9298
49 9292
43 9228
49 9367
49 9240
38 9229
53 9271
48 9290
44 9229
57 9299
45 9296
44 9194
44 9243
52 9251
44 9300
57 9362
57 9247
54 9273
46 9357
83 9294
57 9309
46 9213
0 1
61 9258
46 9322
57 9277
70 9298
43 9341
43 9307
44 9263
52 9358
50 9287
43 9269
40 9298
54 9285
59 9298
79 9318
52 9321
43 9197
38 9342
49 9291
61 9280
58 9266
141 9345
52 9224
44 9298
48 9271
47 9344
71 9308
52 9263
64 9279
45 9250
45 9292
62 9474
48 9340
49 9282
73 9322
57 9289
56 9359
59 9370
64 9285
52 9324
51 9337
81 9341
51 9329
53 9263
50 9342
42 9254
49 9284
52 9227
45 9288
50 9346
46 9299
45 9280
61 9315
51 9278
80 9222
58 9293
47 9305
60 9375
43 9263
48 9332
52 9256
45 9264
55 9252
45 9259
43 9333
53 9325
47 9296
51 9395
45 9272
48 9339
79 9297
45 9384
43 9274
51 9238
44 9310
41 9301
42 9254
46 9215
58 9254
39 9244
57 9335
42 9252
43 9337
47 9291
43 9372
56 9222
44 9281
58 9257
42 9347
51 9299
52 9322
67 9337
52 9258
63 9395
52 9298
43 9307
50 9263
50 9343
71 9300
48 9241
44 9270
46 9309
40 9299
38 9240
51 9217
44 9252
52 9339
64 9293
46 9259
45 9328
43 9327
45 9259
41 9230
42 9306
45 9278
47 9247
56 9272
66 9305
50 9288
54 9297
48 9224
46 9346
45 9365
60 9337
65 9253
45 9277
43 9273
45 9355
66 9219
60 9255
70 9323
65 9295
53 9310
55 9270
69 9369
51 9269
48 9115
104 9295
0 1
52 9306
0 1
0 1
53 9271
64 9264
40 9311
50 9250
61 9314
58 9285
0 1
88 9271
44 9295
89 9344
41 9368
41 9250
39 9309
55 9313
49 9255
45 9329
41 9262
43 9330
44 9285
44 9313
42 9257
0 1
69 9192
53 9304
44 9188
49 9330
46 9279
60 9244
49 9297
59 9267
47 9227
40 9285
43 9257
42 9279
43 9335
47 9296
41 9212
40 9209
41 9203
44 9202
46 9225
41 9353
42 9269
49 9269
46 9308
43 9327
44 9336
49 9316
51 9265
44 9319
45 9201
53 9322
54 9295
54 9326
40 9269
49 9340
57 9373
65 9290
80 9276
87 9251
81 9296
53 9343
45 9259
43 9284
51 9294
47 9245
45 9312
48 9233
42 9259
43 9230
57 9266
55 9276
43 9279
51 9238
69 9319
102 9233
50 9326
39 9398
38 9333
48 9256
45 9374
41 9325
65 9300
47 9276
45 9290
45 9359
41 9265
46 9256
39 9252
52 9253
44 9379
0 1
61 9323
106 9328
43 9282
51 9327
43 9199
74 9292
53 9267
40 9332
45 9276
124 9317
69 9310
47 9334
46 9312
45 9311
45 9207
52 9282
46 9321
45 9297
43 9239
43 9246
40 9315
44 9305
41 9375
58 9394
44 9296
42 9271
48 9362
45 9214
43 9310
75 9249
59 9177
57 9302
68 9223
51 9250
48 9361
52 9253
47 9219
1 2
45 9327
49 9218
53 9251
51 9205
37 9337
45 9270
56 9284
46 9301
60 9358
95 9303
44 9261
42 9221
41 9331
40 9329
45 9218
42 9320
64 9282
55 9267
44 9245
41 9244
51 9227
39 9404
43 9290
40 9277
45 9218
46 9304
45 9291
39 9272
45 9305
49 9285
50 9232
55 9318
44 9243
51 9278
55 9305
46 9237
67 9235
55 9308
44 9267
50 9301
64 9351
53 9170
43 9186
49 9272
59 9301
89 9318
12 3
41 9221
45 9238
51 9312
47 9283
41 9305
46 9289
13 3
62 9350
79 9299
47 9268
42 9269
55 9310
43 9276
44 9264
44 9358
42 9297
52 9211
46 9254
52 9265
49 9330
64 9316
43 9230
50 9304
49 9256
44 9318
55 9365
57 9240
53 9301
59 9244
55 9327
49 9325
44 9258
48 9320
53 9348
44 9368
48 9278
47 9191
49 9278
49 9351
46 9322
49 9361
62 9352
57 9296
52 9290
47 9304
0 1
51 9309
48 9287
48 9297
45 9228
47 9219
43 9315
46 9268
52 9277
52 9220
55 9340
47 9227
56 9366
54 9298
98 9287
65 9278
67 9312
47 9296
89 9315
44 9271
47 9279
45 9361
51 9260
45 9301
53 9225
45 9266
47 9341
46 9252
40 9289
52 9252
46 9270
42 9280
57 9314
50 9319
44 9313
41 9353
0 1
75 9237
65 9283
75 9360
92 9343
55 9285
46 9357
45 9338
49 9295
42 9310
44 9352
42 9320
49 9307
50 9289
46 9238
49 9309
42 9260
55 9378
50 9296
50 9315
43 9223
43 9216
41 9306
56 9242
45 9250
46 9324
42 9293
43 9364
84 9326
47 9244
41 9307
47 9277
43 9335
46 9300
43 9312
45 9244
48 9211
63 9272
45 9313
38 9323
59 9230
45 9308
57 9352
49 9295
58 9246
86 9279
64 9386
43 9336
46 9296
63 9323
44 9341
45 9279
74 9286
94 9319
63 9171
42 9267
62 9169
60 9226
47 9321
45 9297
115 9353
46 9346
40 9159
52 9307
71 9307
70 9312
62 9364
48 9318
44 9344
42 9296
10 3
118 9318
72 9195
49 9332
42 9261
53 9270
60 9420
44 9333
112 9276
109 9313
93 9369
48 9376
53 9197
52 9355
46 9205
44 9315
92 9283
55 9300
44 9237
43 9187
50 9297
0 1
118 9250
47 9364
58 9292
48 9306
47 9328
40 9261
45 9398
47 9364
46 9253
46 9370
39 9355
52 9243
42 9253
46 9272
50 9270
52 9276
60 9341
51 9280
43 9277
64 9298
58 9241
50 9309
0 1
46 9274
62 9251
46 9331
40 9239
41 9378
73 9299
44 9264
44 9277
45 9304
65 9213
50 9283
44 9234
47 9295
40 9198
42 9257
52 9268
45 9285
43 9300
44 9282
46 9235
61 9251
60 9330
53 9294
43 9434
114 9289
58 9293
98 9250
46 9325
66 9308
47 9249
55 9350
45 9272
43 9286
48 9279
44 9268
44 9218
50 9323
46 9319
57 9305
45 9254
42 9320
42 9280
60 9267
46 9309
51 9253
64 9316
59 9299
53 9294
42 9374
37 9330
42 9257
46 9258
44 9320
43 9197
43 9255
45 9324
46 9338
38 9267
45 9272
42 9297
44 9363
42 9286
44 9263
40 9251
40 9210
69 9331
43 9237
41 9251
0 1
48 9339
45 9251
41 9294
40 9221
48 9401
41 9286
51 9280
63 9241
65 9345
44 9308
50 9301
49 9340
45 9277
48 9296
40 9127
43 9253
41 9226
46 9259
43 9306
55 9220
47 9323
55 9305
53 9337
38 9361
54 9337
46 9298
27 2
56 9292
92 9349
74 9271
67 9327
45 9327
97 9357
56 9273
41 9279
53 9265
50 9209
42 9174
41 9343
42 9270
42 9230
47 9244
0 1
44 9260
110 9323
107 9214
120 9286
40 9291
40 9326
44 9254
41 9319
45 9255
54 9230
85 9311
44 9355
0 1
46 9304
45 9287
67 9209
79 9275
48 9305
59 9328
47 9289
47 9270
48 9283
59 9298
52 9322
49 9300
51 9213
42 9260
50 9283
50 9261
42 9259
47 9283
45 9266
44 9311
53 9318
48 9284
43 9278
51 9215
43 9311
43 9342
41 9335
41 9269
43 9384
51 9262
59 9246
64 9255
46 9282
47 9356
42 9332
44 9345
39 9275
67 9309
68 9189
63 9316
69 9283
45 9297
40 9231
42 9295
46 9290
55 9312
46 9374
65 9395
51 9273
43 9294
58 9231
57 9349
48 9279
42 9378
97 9354
46 9287
46 9351
59 9317
49 9335
42 9244
39 9312
45 9251
42 9243
40 9262
46 9292
45 9373
45 9273
49 9317
59 9275
43 9310
42 9251
46 9237
43 9257
98 9251
47 9289
68 9318
52 9302
51 9312
45 9277
53 9241
51 9356
45 9284
0 1
49 9165
44 9367
50 9230
72 9299
58 9287
39 9291
50 9319
46 9180
61 9240
65 9271
41 9277
49 9265
42 9235
92 9367
45 9267
46 9225
56 9246
62 9300
42 9294
41 9310
63 9271
44 9310
43 9258
45 9371
46 9227
42 9326
46 9371
50 9296
55 9395
40 9371
54 9283
0 1
42 9309
108 9287
60 9205
51 9305
152 9340
56 9307
77 9229
57 9222
53 9224
43 9340
45 9205
61 9259
55 9334
46 9325
44 9292
88 9285
43 9289
44 9332
50 9281
46 9276
48 9272
56 9297
53 9271
57 9285
80 9317
63 9301
50 9256
69 9287
46 9306
60 9251
41 9205
51 9316
40 9311
55 9277
69 9362
65 9293
48 9224
58 9269
49 9256
51 9245
106 9348
94 9198
67 9291
44 9229
54 9276
44 9232
43 9278
54 9320
44 9308
48 9313
74 9314
47 9274
0 1
48 9297
51 9282
45 9259
45 9338
54 9305
47 9283
56 9314
47 9251
49 9279
52 9285
48 9330
45 9269
44 9358
49 9300
45 9237
52 9288
42 9287
61 9253
45 9274
45 9250
49 9254
49 9293
40 9357
70 9282
46 9259
41 9278
42 9311
50 9302
42 9301
46 9302
89 9312
60 9221
39 9236
59 9361
43 9296
47 9345
45 9298
47 9345
46 9314
43 9203
60 9288
50 9303
46 9245
45 9338
0 1
40 9320
41 9275
55 9281
56 9279
42 9328
59 9260
50 9226
47 9272
55 9340
52 9323
43 9280
41 9282
59 9256
55 9298
43 9338
51 9308
48 9278
42 9219
49 9292
47 9244
56 9280
41 9320
58 9184
83 9173
44 9316
62 9316
40 9269
46 9306
46 9241
44 9321
48 9227
45 9317
47 9212
49 9301
59 9238
41 9401
62 9303
45 9232
46 9332
45 9317
45 9323
44 9199
44 9230
61 9316
44 9322
52 9189
43 9262
50 9303
43 9244
66 9294
49 9252
49 9336
52 9288
50 9360
43 9284
44 9279
54 9290
47 9304
5 2
75 9314
54 9395
96 9232
56 9255
44 9287
46 9222
81 9291
47 9324
51 9283
0 1
42 9286
45 9344
51 9270
39 9308
44 9274
39 9313
47 9249
61 9238
56 9317
66 9255
93 9299
64 9327
53 9242
55 9298
59 9150
66 9324
47 9342
65 9256
41 9339
63 9318
60 9309
50 9233
58 9305
43 9266
60 9295
50 9345
49 9315
52 9282
42 9280
44 9288
42 9242
48 9307
109 9293
45 9291
62 9252
54 9275
65 9218
54 9244
45 9361
69 9262
54 9337
56 9197
102 9269
48 9276
59 9263
40 9299
63 9350
59 9289
48 9251
44 9264
52 9294
78 9296
58 9292
50 9349
51 9186
42 9300
42 9349
41 9294
43 9280
50 9316
40 9304
48 9368
38 9322
42 9336
120 9266
104 9297
73 9262
66 9373
42 9212
54 9303
49 9316
94 9265
0 1
47 9314
50 9276
46 9259
86 9259
71 9368
79 9366
47 9263
47 9280
46 9286
47 9249
51 9282
51 9334
61 9347
63 9255
48 9320
65 9299
87 9321
127 9311
43 9285
76 9378
46 9295
43 9351
81 9257
66 9351
92 9250
61 9261
53 9337
43 9315
47 9345
57 9227
41 9280
67 9274
57 9315
53 9272
52 9335
85 9337
43 9278
41 9297
55 9257
48 9260
52 9222
86 9366
65 9271
80 9330
68 9223
1 2
45 9290
42 9272
43 9254
41 9299
43 9239
74 9335
72 9291
66 9334
47 9298
115 9270
56 9238
93 9289
4 2
41 9256
71 9310
53 9261
50 9287
65 9262
51 9303
43 9314
47 9333
65 9248
45 9307
54 9320
50 9282
83 9263
47 9252
60 9258
48 9338
45 9249
59 9296
44 9305
51 9296
48 9315
73 9287
44 9227
65 9323
47 9298
76 9319
49 9320
52 9327
51 9226
58 9265
51 9298
46 9255
50 9248
47 9362
67 9283
48 9346
62 9306
67 9222
0 1
43 9264
44 9268
54 9194
52 9312
45 9305
88 9364
49 9358
97 9248
73 9286
41 9392
59 9244
56 9266
0 1
50 9321
48 9266
75 9244
47 9258
49 9377
40 15
62 9302
89 9357
55 9290
42 9242
53 9296
50 9235
41 9299
67 9324
44 9229
50 9339
53 9349
62 9243
98 9281
46 9305
49 9271
43 9347
53 9265
47 9339
48 9247
42 9351
46 9258
43 9286
49 9301
0 1
76 9336
61 9223
52 9322
42 9342
66 9256
46 9294
47 9250
66 9384
64 9358
61 9340
31 3
57 9223
45 9216
0 1
56 9257
49 9229
44 9297
46 9280
45 9200
39 9268
51 9269
50 9352
42 9358
61 9293
43 9319
43 9365
58 9293
43 9366
48 9291
43 9277
54 9182
44 9346
69 9243
7 2
43 9233
60 9279
47 9329
54 9304
50 9311
48 9298
52 9306
42 9346
48 9268
0 1
47 9321
42 9225
43 9232
41 9183
57 9294
108 9330
62 9402
90 9332
52 9265
49 9363
53 9296
42 9386
47 9270
73 9318
114 9205
39 9232
43 9350
42 9248
52 9219
49 9329
44 9268
43 9307
45 9268
45 9293
58 9298
61 9375
44 9229
63 9299
49 9239
52 9286
43 9353
44 9330
48 9268
0 1
68 9363
39 9272
83 9297
55 9271
40 9294
51 9284
42 9255
39 9313
41 9236
45 9334
0 1
42 9253
56 9286
53 9205
60 9373
57 9304
63 9343
89 9286
49 9303
47 9226
44 9347
42 9333
42 9351
51 9315
57 9330
86 9264
7 2
60 9296
45 9259
47 9327
50 9268
66 9226
0 1
48 9259
51 9282
48 9252
65 9300
48 9275
48 9226
45 9225
49 9302
49 9251
68 9306
41 9277
66 9262
39 9252
60 9316
51 9367
191 9392
56 9250
78 9359
45 9192
80 9316
85 2
73 9253
0 1
54 9254
49 9258
58 9328
58 9355
44 9316
65 9373
47 9335
50 9222
48 9307
41 9359
42 9345
44 9343
56 9350
43 9252
43 9263
49 9238
61 9311
44 9256
42 9208
46 9250
41 9301
39 9351
46 9272
52 9253
64 9374
78 9197
52 9318
84 9302
78 9267
109 9291
62 9331
116 9296
50 9287
0 1
45 9330
53 9282
51 9381
198 9215
52 10
44 9245
54 9269
70 9365
53 9264
47 9237
46 9248
68 9298
75 9282
46 9345
53 9229
49 9262
47 9220
41 9244
47 9378
44 9265
44 9265
0 1
49 9336
41 9240
50 9342
41 9251
0 1
58 9290
57 9280
49 9303
45 9189
58 9282
40 9280
50 9275
46 9255
54 9384
43 9297
53 9270
57 9324
41 9270
47 9333
40 9320
40 9215
77 9294
51 9354
77 9281
62 9321
47 9295
58 9300
53 9339
46 9316
61 9361
70 9288
45 9258
47 9427
45 9231
46 9293
48 9296
46 9251
45 9277
61 9310
44 9316
44 9253
53 9251
72 9320
73 9232
50 9315
129 9345
88 9327
49 9321
42 9314
44 9396
36 9207
44 9269
57 9333
45 9278
102 9250
71 9215
54 9353
40 9398
48 9326
51 9313
60 9241
54 9295
48 9328
49 9211
42 9254
54 9319
45 9319
45 9278
41 9304
48 9314
44 9305
51 9305
42 9233
41 9323
42 9261
44 9257
47 9349
47 9279
49 9298
57 9310
42 9275
56 9190
40 9211
41 9269
53 9310
71 9258
55 9272
47 9334
55 9345
0 1
44 9317
52 9197
41 9293
86 9316
42 9213
48 9283
0 1
45 9229
43 9279
45 9338
39 9266
40 9336
42 9282
46 9330
41 9290
47 9229
45 9327
51 9342
44 9336
46 9338
48 9231
72 9314
64 9288
54 9274
56 9222
49 9208
43 9318
63 9342
42 9256
46 9349
61 9295
59 9300
49 9216
39 9248
54 9246
60 9408
52 9322
47 9337
0 1
47 9257
42 9319
40 9353
50 9236
47 9302
53 9344
42 9272
51 9221
48 9249
44 9377
48 9258
52 9294
41 9256
48 9278
44 9306
37 9328
44 9310
58 9292
95 9307
54 9338
49 9255
45 9273
70 9186
54 9175
35 9375
49 9294
54 9219
53 9348
52 9369
67 9239
42 9221
54 9308
52 9295
99 9334
35 9304
56 9281
45 9192
44 9296
44 9316
43 9305
40 9343
48 9319
41 9318
45 9190
47 9292
47 9229
43 9364
44 9295
51 9274
95 9282
40 9314
47 9263
44 9234
49 9180
42 9286
47 9253
94 9377
67 9392
42 9307
55 9253
46 9274
79 9340
48 9332
65 9409
45 9286
46 9351
57 9366
46 9329
50 9298
69 9285
54 9334
65 9339
40 9292
46 9293
48 9307
50 9324
51 9293
49 9256
62 9311
40 9347
79 9328
41 9340
44 9259
80 9306
44 9324
44 9279
43 9385
41 9253
82 9255
40 9255
45 9313
57 9349
44 9232
45 9322
53 9259
52 9289
42 9288
56 9262
50 9298
102 9330
45 9245
57 9274
72 9233
0 1
49 9230
54 9328
79 9297
49 9266
49 9358
48 9342
55 9343
45 9321
70 9319
57 9287
64 9200
58 9221
79 9335
45 9341
55 9328
41 9352
46 9353
47 9276
52 9356
47 9293
46 9257
41 9252
52 9306
49 9350
72 9350
56 9271
45 9319
46 9261
46 9338
0 1
44 9337
40 9291
44 9301
45 9314
49 9303
49 9350
63 9198
58 9312
55 9263
51 9333
48 9312
38 9255
42 9331
61 9254
45 9352
55 9308
45 9259
49 9343
54 9357
73 9318
60 9211
0 1
67 9255
58 9325
47 9307
43 9321
52 9254
0 1
41 9320
46 9340
49 9380
39 9300
69 9230
50 9344
74 9336
45 9327
50 9207
48 9295
45 9258
52 9199
44 9310
50 9275
53 9303
56 9255
76 9343
46 9224
49 9296
41 9294
48 9366
49 9231
63 9253
71 9315
44 9332
54 9224
48 9309
50 9263
53 9310
49 9316
51 9282
132 9288
55 9344
44 9360
81 9297
40 9301
49 9296
55 9282
79 9299
0 1
65 9292
42 9250
44 9252
43 9263
42 9233
48 9330
51 9345
64 9296
79 9313
69 9333
60 9277
51 9287
47 9291
61 9252
50 9274
50 9287
56 9348
57 9287
41 9260
0 1
63 9339
58 9321
59 9317
51 9288
62 9326
67 9205
50 9239
66 9219
40 9270
45 9361
50 9310
55 9287
45 9296
46 9373
0 1
83 9282
49 9292
43 9242
42 9224
47 9382
52 9251
50 9237
68 9216
46 9247
41 9204
47 9290
43 9290
77 9272
106 9236
54 9363
51 9325
50 9340
68 9295
102 9266
55 9281
51 9348
48 9286
46 9204
60 9324
48 9341
49 9205
39 9259
50 9325
45 9269
56 9262
51 9210
50 9235
41 9307
60 9218
81 9263
55 9317
73 9286
54 9274
63 9263
50 9373
54 9358
84 9260
53 9277
90 9345
62 9329
42 9300
41 9252
49 9360
46 9377
56 9327
40 9351
41 9278
62 9278
60 4
51 9188
53 9354
52 9332
45 9253
44 9250
54 9265
59 9281
51 9288
65 9130
65 9255
50 9323
45 9347
69 9216
57 9334
44 9303
82 9329
77 9356
45 9272
51 9256
78 9249
60 9239
92 9215
64 9369
0 1
47 9281
0 1
60 9236
47 9323
40 9208
60 9319
40 9277
47 9283
47 9244
43 9265
40 9318
0 1
83 9299
41 9232
64 9297
47 9345
58 9362
51 9299
58 9259
66 9296
53 9329
43 9325
56 9337
50 9314
56 9228
40 9297
63 9323
41 9285
54 9239
48 9339
43 9319
46 9315
44 9265
51 9244
74 9198
94 9281
0 1
46 9263
48 9223
57 9252
50 9372
42 9319
43 9230
41 9273
46 9238
53 9249
61 9428
26 2
42 9238
50 9277
45 9319
50 9294
112 9193
47 9307
54 9311
54 9332
43 9301
49 9365
48 9243
93 19
123 9274
43 9268
48 9213
80 9307
44 9312
47 9203
43 9311
44 9272
41 9308
103 9306
77 9349
51 9294
46 9298
62 9266
62 9276
44 9297
51 9324
96 9290
43 9313
41 9253
53 9257
49 9305
52 9329
79 9274
105 9311
114 9353
59 9329
96 9271
94 9275
74 9302
41 9307
83 9324
63 9230
58 9198
52 9346
43 9306
41 9282
2 2
53 9272
50 9266
54 9310
48 9366
44 9310
52 9210
55 9291
43 9250
53 9245
65 9318
48 9304
48 9309
51 9293
0 1
97 9318
69 9303
41 9301
52 9338
0 1
47 9344
52 9294
62 9163
48 9225
50 9282
46 9314
41 9325
57 9259
43 9237
43 9380
41 9331
43 9234
82 9277
75 9330
39 9294
42 9271
42 9365
56 9330
43 9224
48 9304
46 9268
46 9308
54 9209
65 9283
41 9200
72 9260
51 9224
64 9285
47 9309
72 9265
53 9317
52 9259
49 9210
42 9277
48 9219
48 9326
51 9336
48 9309
38 9244
45 9260
46 9300
58 9223
0 1
49 9327
51 9300
60 9358
39 9220
0 1
72 9313
48 9251
53 9292
0 1
41 9272
47 9340
41 9332
45 9330
53 9282
48 9314
44 9310
70 9276
58 9301
56 9317
47 9280
63 9220
91 9208
74 9298
49 9333
44 9370
36 9270
42 9275
65 9363
64 9333
67 9286
51 9302
54 9316
49 9326
42 9267
54 9289
41 9331
53 9299
55 9257
44 9290
44 9324
46 9288
44 9393
41 9248
44 9314
46 9335
95 9258
57 9309
43 9279
52 9202
0 1
77 9274
43 9172
44 9283
54 9269
50 9296
64 9288
47 9287
79 9332
93 9330
51 9258
67 9214
66 9353
59 9324
32 6
84 9381
51 9385
60 9366
20 5
8 2
58 9272
75 9263
70 9244
62 9328
55 9322
94 9260
46 9375
50 9265
48 9266
53 9257
57 9235
49 9254
43 9336
36 9277
42 9301
41 9386
63 9327
72 9305
38 4
60 9266
51 9419
49 9218
51 9270
50 9268
44 9315
44 9361
47 9315
45 9355
44 9249
51 9246
43 9368
51 9324
50 9307
97 9278
49 9309
47 9212
54 9319
77 9313
72 9264
51 9332
51 9252
0 1
45 9270
47 9232
43 9356
47 9298
0 1
59 9330
54 9272
42 9330
76 9344
61 9287
44 9328
77 9247
75 9298
61 9192
46 9252
44 9285
60 9358
54 9243
97 9338
69 9295
48 9230
37 9289
46 9259
0 1
52 9315
57 9364
57 9329
109 9220
56 9221
55 9288
48 9387
43 9293
67 9230
47 9395
48 9326
116 9339
44 9302
47 9304
54 9348
58 9302
0 1
76 9352
47 9207
67 9376
66 9272
86 9354
49 9262
97 9270
43 9360
43 9265
0 1
70 9271
63 9292
48 9267
48 9251
74 9215
56 9286
65 9299
62 9219
48 9303
49 9266
42 9203
49 9350
47 9342
49 9256
51 9338
68 9305
146 9314
37 2
60 9322
59 9281
62 9344
51 9254
50 9331
44 9384
52 9351
75 9197
56 9312
57 9253
0 1
38 9297
120 9271
67 9391
51 9368
55 9226
44 9331
64 9305
71 9255
59 9321
56 9329
69 9269
42 9232
50 9242
71 9392
55 9233
43 9294
38 9328
39 9189
50 9222
48 9350
64 9303
80 9318
44 9200
45 9265
73 9307
71 9264
46 9345
41 9416
42 9309
48 9278
43 9253
62 9243
74 9289
0 1
48 9292
42 9286
53 9285
53 9281
81 9290
41 9268
49 9272
41 9245
47 9239
41 9203
43 9359
44 9132
48 9281
50 9342
40 9247
46 9350
45 9243
96 9318
43 9318
57 9261
0 1
42 9325
45 9170
60 9298
46 9223
50 9288
0 1
95 9265
39 9201
74 9219
43 9244
41 9293
59 9250
43 9252
49 9291
45 9261
41 9280
47 9209
49 9301
56 9233
60 9292
64 9199
56 9225
53 9249
49 9392
55 9249
50 9314
44 9260
51 9371
46 9261
44 9273
60 9220
59 9223
40 9236
49 9281
57 9284
55 9320
46 9300
63 9254
58 9330
87 9310
43 9322
136 9277
51 9374
58 9266
51 9308
45 9264
43 9242
70 9366
59 9420
118 9271
96 9368
50 9263
65 9375
54 9430
38 9343
49 9351
68 9319
74 9384
44 9294
65 9311
71 9279
77 9274
58 9371
47 9388
0 1
43 9289
52 9281
63 9302
61 9170
55 9200
48 9254
40 9220
54 9257
51 9303
50 9310
91 9289
70 9258
50 9333
54 9383
56 9162
46 9313
44 9229
76 9267
48 9235
0 1
43 9204
44 9328
47 9234
42 9299
43 9296
46 9302
51 9280
50 9364
49 9319
47 9345
41 9283
40 9267
39 9351
43 9285
53 9398
53 9363
62 9264
55 9300
55 9322
49 9186
47 9264
74 9322
51 9246
44 9351
52 9307
40 9357
126 9381
39 9278
56 9329
59 9283
45 9283
0 1
51 9290
55 9285
50 9289
45 9321
55 9320
66 9232
50 9263
47 9275
71 9312
73 9376
30 11
0 1
81 9342
50 9246
48 9259
41 9275
47 9272
49 9235
84 9317
48 9372
41 9211
58 9337
52 9283
51 9279
57 9247
44 9247
68 9307
64 9289
55 9334
74 9283
62 9344
60 9301
46 9194
45 9309
43 9331
43 9263
44 9253
79 9313
75 9319
41 9208
57 9313
60 9325
46 9336
59 9292
50 9242
50 9294
42 9301
44 9199
45 9276
48 9321
56 9250
64 9308
51 9314
0 1
0 1
44 9230
59 9273
55 9231
47 9266
48 9275
53 9273
77 9331
45 9279
45 9236
46 9324
68 9382
46 9184
49 9256
0 1
61 9255
41 9274
0 1
46 9240
50 9297
43 9300
61 9254
57 9254
61 9226
75 9326
79 9244
0 1
45 9311
44 9317
42 9284
54 9293
45 9270
58 9323
0 1
47 9363
72 9303
57 9292
56 9302
47 9304
57 9269
62 9296
53 9330
50 9257
51 9235
57 9278
45 9265
58 9369
45 9302
85 9281
65 9344
48 9323
46 9255
0 1
46 9202
0 1
47 9251
60 9289
41 9320
61 9269
44 9335
56 9261
66 9291
51 9238
0 1
42 9310
48 9297
65 9267
58 9225
58 9287
47 9265
48 9282
48 9229
48 9394
41 9309
55 9270
55 9263
61 9410
45 9323
118 9333
67 9206
57 9203
53 9220
73 9319
58 9288
47 9278
76 9316
51 9269
61 9364
45 9264
71 9342
0 1
56 9299
48 9285
55 9212
46 9243
90 9319
45 9272
67 9215
78 9232
51 9358
89 9347
42 9243
54 9290
49 9359
65 9363
51 9320
50 9259
40 9281
45 9368
43 9308
43 9266
47 9278
64 9276
46 9344
56 9298
40 9287
41 9350
46 9319
46 9274
94 9357
58 9384
65 9278
93 9270
45 9200
44 9354
42 9238
43 9244
58 9316
49 9272
47 9218
75 9294
0 1
51 9345
46 9300
40 9382
43 9361
44 9319
60 9267
40 9314
71 9186
70 9280
58 9375
73 9273
52 9329
48 9298
66 9350
1 2
48 9303
41 9266
40 9274
48 9331
49 9335
58 9301
42 9362
52 9248
42 9246
77 9276
54 9300
51 9261
42 9294
40 9319
49 9279
46 9241
89 9357
101 9318
61 9307
46 9312
49 9296
68 9242
0 1
70 9286
58 9306
64 9276
52 9256
59 9248
57 9312
63 9244
44 9285
58 9302
52 9298
79 9189
45 9275
54 9294
50 9229
69 9293
55 9248
94 9322
50 9304
59 9294
71 9257
97 9226
82 9354
68 9254
62 9300
60 9272
48 9318
51 9257
57 9301
40 9285
39 9268
53 9350
46 9267
62 9315
45 9332
42 9316
42 9284
44 9263
39 9229
66 9363
45 9281
47 9271
44 9271
104 9308
44 9274
47 9378
89 9255
58 9224
49 9274
60 9286
54 9307
46 9342
43 9307
43 9318
40 9278
44 9346
39 9275
45 9311
89 9237
62 9235
54 9239
65 9326
56 9328
56 9324
104 9336
66 9340
40 9277
54 9295
43 9355
53 9404
83 9431
63 9312
45 9253
47 9274
44 9168
44 9303
43 9267
98 9295
43 9249
86 9212
123 9300
54 9305
45 9289
45 9310
58 9167
44 9287
43 9285
42 9364
44 9321
89 9253
72 9334
52 9215
46 9270
48 9262
49 9200
62 9257
67 9293
44 9307
56 9283
55 9267
46 9313
46 9364
45 9298
41 9300
77 9255
42 9246
45 9305
58 9267
60 9398
49 9188
60 9304
56 9255
101 9318
46 9348
50 9271
60 9313
55 9248
56 9293
49 9336
55 9232
62 9216
110 9267
49 9169
48 9362
48 9292
76 9263
46 9341
55 9430
49 9303
51 9367
42 9318
53 9357
66 9283
53 9260
50 9289
59 9373
0 1
150 9322
81 9308
51 9180
50 9238
46 9341
50 9186
0 1
47 9279
47 9335
48 9369
48 9281
52 9336
59 9311
2 2
65 9225
0 1
43 9292
49 9262
48 9285
0 1
64 9412
51 9305
72 9345
62 9376
60 9267
96 9264
47 9308
50 9185
53 9318
0 1
45 9272
50 9310
52 9302
55 9333
50 9305
55 9310
39 9275
50 9262
107 9317
61 9331
52 9300
55 9270
48 9384
44 9349
48 9214
56 9299
55 9301
67 9328
48 9218
78 9217
42 9306
48 9338
68 9354
42 9368
59 9217
47 9260
45 9364
59 9284
60 9351
44 9263
72 9261
63 9379
50 9254
43 9325
42 9223
42 9316
45 9237
46 9237
38 9260
43 9348
49 9314
47 9302
43 9261
43 9225
54 9311
53 9303
48 9301
89 9288
42 9324
68 9315
66 9311
75 9344
68 9227
47 9290
80 9261
44 9365
47 9288
44 9340
49 9324
0 1
46 9301
78 9296
51 9310
72 9282
87 9261
66 9268
54 9251
48 9327
46 9286
43 9289
49 9339
39 9244
47 9297
40 9257
47 9283
45 9237
53 9350
49 9274
46 9249
44 9264
43 9286
53 9261
56 9330
54 9337
52 9265
41 9201
41 9347
44 9275
46 9300
46 9302
53 9332
70 9308
53 9311
42 9333
42 9193
45 9244
50 9260
52 9233
56 9294
45 9290
49 9332
48 9384
43 9297
52 9219
79 9204
57 9235
47 9314
45 9291
69 9232
48 9218
56 9265
51 9295
53 9282
58 9338
49 9345
60 9272
16 3
81 9367
45 9291
45 9292
51 9321
72 9254
46 9384
47 9303
48 9293
55 9273
43 9279
43 9191
51 9326
45 9324
41 9353
41 9169
53 9275
60 9302
70 9329
59 9342
51 9379
45 9329
0 1
46 9272
47 9213
44 9248
47 9314
39 9224
50 9308
64 9269
66 9262
45 9293
49 9233
43 9273
50 9285
55 9296
48 9348
56 9353
94 9278
71 9407
70 9327
46 9239
70 9312
64 9281
56 9380
51 9363
45 9295
60 9290
57 9269
56 9271
51 9294
69 9325
53 9324
66 9350
92 9334
53 9267
45 9330
52 9297
72 9253
70 9276
0 1
50 9320
59 9355
0 1
77 9286
91 9237
52 9357
44 9241
62 9325
89 9333
44 9234
62 9286
45 9302
40 9304
73 9281
53 9267
0 1
51 9318
60 9227
66 9336
48 9330
55 9301
40 9300
64 9326
84 9288
46 9281
0 1
56 9269
55 9314
71 9258
53 9258
52 9352
46 9268
40 9341
61 9286
51 9284
73 9295
65 9374
41 9209
63 9208
75 9287
52 9451
77 9256
65 9361
67 9298
49 9293
41 9201
0 1
66 9232
57 9325
60 9326
67 9340
42 9293
51 9186
41 9275
52 9370
53 9315
69 9221
67 9284
53 9318
0 1
47 9263
58 9339
51 9300
41 9383
45 9357
48 9340
50 9242
45 9250
51 9306
42 9337
42 9339
57 9271
44 9266
48 9365
53 9262
61 9223
45 9419
63 9320
50 9322
69 9255
44 9417
49 9241
46 9242
59 9328
44 9338
44 9299
49 9261
50 9265
49 9343
69 9325
76 9345
46 9324
79 9260
44 9225
43 9299
50 9307
47 9271
65 9251
41 9187
53 9283
47 9283
42 9295
60 9328
59 9209
39 9208
0 1
71 9330
52 9346
75 9257
70 9277
51 9135
77 9224
47 9299
46 9261
54 9306
47 9266
46 9286
51 9292
41 9340
7 3
53 9366
61 9361
47 9280
90 9265
45 9295
48 9310
59 9250
64 9217
85 9356
48 9298
39 9386
66 9299
0 1
52 9359
65 9261
54 9266
44 9262
82 9347
58 9291
49 9356
42 9254
42 9309
67 9247
41 9201
70 9309
45 9345
44 9281
48 9285
113 9312
82 9316
46 9274
61 9280
42 9282
45 9268
48 9319
61 9333
45 9232
56 9314
52 9286
42 9311
52 9246
55 9324
46 9362
44 9228
50 9237
107 9269
64 9302
46 9325
47 9269
57 9259
44 9197
67 9302
40 9362
49 9247
86 9240
52 9418
48 9310
53 9304
54 9236
85 9268
57 4
49 9305
52 9283
44 9282
41 9240
51 9304
60 9282
49 9233
53 9275
61 9348
74 9382
44 9273
65 9249
0 1
42 9270
74 9331
68 9258
45 9291
63 9277
53 9364
48 9343
47 9373
50 9303
76 9290
62 9236
62 9236
64 9365
62 9295
48 9221
46 9244
57 9266
65 9280
82 9276
59 9303
0 1
54 9342
53 9255
53 9307
52 9248
51 9272
72 9380
66 9242
67 9291
77 9245
0 1
44 9291
81 9320
47 9281
45 9272
46 9349
53 9262
42 9334
45 9283
49 9360
48 9287
42 9192
51 9283
52 9206
58 9283
78 9362
44 9233
73 9314
79 9266
58 9332
53 9332
53 9314
43 9295
51 9247
62 9283
49 9302
58 9301
25 2
76 9248
74 9310
43 9250
124 9271
42 9344
79 9350
46 9287
42 9224
45 9302
43 9322
26 3
76 9385
48 9240
52 9272
45 9246
38 9325
45 9289
44 9312
42 9251
71 9290
48 9358
49 9395
55 9261
122 9351
43 9382
60 9266
43 9307
61 9292
61 9303
72 9253
65 9387
52 9236
49 9336
29 4
110 9268
39 9267
44 9293
47 9265
46 9199
50 9236
53 9376
62 9184
42 9306
41 9240
45 9296
46 9294
0 1
53 9217
54 9299
0 1
48 9377
50 9281
56 9319
45 9340
50 9295
47 9212
51 9238
65 9270
54 9305
52 9330
58 9293
43 9294
0 1
72 9273
48 9305
70 9213
48 9343
41 9245
47 9334
76 9257
48 9320
49 9233
46 9359
74 9265
69 9278
72 9239
54 9317
76 9297
45 9285
55 9277
47 9300
71 9276
61 9295
59 3
43 9185
53 9350
5 2
78 9286
0 1
187 9321
105 9253
57 9304
43 9308
67 9236
44 9239
71 9270
47 9274
56 9296
84 9206
83 9293
78 9297
65 9306
75 9337
62 9305
42 9298
55 9304
43 9234
73 9392
51 9305
49 9276
44 9272
46 9285
56 9314
48 9291
48 9239
56 9233
86 9242
47 9304
78 9334
58 9330
45 9179
53 9321
46 9319
45 9294
55 9325
62 9396
41 9303
59 9323
78 9258
49 9261
45 9213
74 9304
122 9262
51 9242
57 9257
44 9300
55 9320
56 9329
41 9309
50 9299
115 9292
93 9335
43 9385
78 9288
47 9249
51 9251
104 9369
58 9256
133 9313
0 1
65 9307
79 9341
43 9285
79 9301
44 9341
42 9289
44 9361
51 9303
56 9331
66 9313
83 9259
69 9391
43 9250
63 9319
46 9285
43 9315
62 9374
51 9255
55 9366
48 9319
54 9309
55 9280
51 9338
69 9169
51 9334
90 9286
44 9282
63 9276
0 1
83 9291
55 9323
49 9302
54 9307
70 9260
57 9255
0 1
68 9302
104 9372
46 9269
70 9278
101 9300
52 9236
43 9319
47 9249
48 9324
45 9313
44 9267
47 9276
114 9402
69 9324
47 9339
42 9298
53 9303
42 9292
101 9296
45 9390
95 9350
60 9267
52 9236
0 1
51 9295
52 9329
50 9336
48 9250
81 9267
53 9200
57 9270
94 9312
52 9256
51 9249
50 9284
63 9366
48 9354
91 9375
0 1
48 9322
44 9363
49 9250
99 9310
163 9353
2 2
52 9335
43 9303
41 9337
51 9237
76 9337
41 9298
55 9284
37 9283
60 9252
39 9316
42 9280
0 1
60 9318
0 1
69 9242
54 9234
65 9294
72 9313
59 9272
56 9267
41 9333
48 9327
41 9366
55 9302
42 9278
0 1
48 9281
46 9182
69 9244
68 9297
63 9241
57 9340
57 9251
67 9292
83 9314
43 9211
82 9302
62 9320
59 9345
60 9282
59 9318
46 9300
50 9356
66 9289
56 9325
72 9288
48 9166
53 9315
52 9300
58 9317
51 9339
56 9281
72 9313
75 9332
41 9350
59 9334
42 9330
75 9322
55 9284
46 9323
76 9339
71 9299
48 9241
42 9319
60 9305
54 9197
93 9233
61 9320
51 9225
43 9282
88 9268
42 9232
0 1
47 9230
47 9230
73 9311
76 9359
50 9384
43 9261
45 9291
71 9339
102 9260
58 9282
48 9345
45 9319
96 9316
47 9361
48 9270
51 9305
0 1
51 9299
47 9271
43 9234
45 9291
47 9251
48 9321
50 9149
53 9257
49 9223
57 9152
49 9314
40 9315
43 9318
40 9341
133 9349
62 9426
0 1
58 9270
46 9270
46 9308
53 9217
64 9404
53 9297
51 9296
55 9263
54 9327
59 9327
48 9332
47 9344
50 9264
67 9348
71 9362
50 9278
47 9333
48 9267
50 9174
44 9276
42 9295
71 9338
82 9258
68 9260
46 9277
82 9284
60 9324
66 9301
49 9263
128 9287
41 9343
55 9260
47 9263
53 9344
57 9259
81 9266
57 9247
45 9332
70 9310
47 9326
56 9304
65 9256
38 9357
77 9257
51 9229
107 9313
41 9341
58 9326
39 9318
70 9297
43 9203
76 9273
52 9316
76 9300
45 9312
80 9267
64 9289
66 9282
49 9239
73 9235
80 9270
75 9343
67 9281
57 9316
44 9230
52 9305
54 9246
58 9281
0 1
52 9367
49 9269
92 9261
71 9352
58 9301
44 9267
68 9280
54 9296
55 9241
83 9250
61 9240
62 9331
49 9337
15 2
42 9241
0 1
57 9288
48 9279
71 9272
42 9312
53 9246
45 9277
56 9290
98 9242
49 9292
64 9275
62 9351
65 9314
52 9334
49 9319
52 9346
55 9362
43 9347
42 9361
100 9317
56 9292
0 1
76 9244
46 9277
61 9259
57 9277
49 9173
96 9303
65 9293
64 9273
48 9361
51 9328
57 9380
55 9253
0 1
49 9336
88 9347
62 9252
50 9238
53 9317
46 9218
62 9238
50 9299
64 9188
65 9344
51 9282
55 9193
42 9241
60 9291
54 9252
67 9305
43 9250
52 9196
51 9329
73 9307
90 9308
42 9379
45 9224
42 9301
54 9266
75 9285
78 9275
8 2
0 1
55 9262
48 9322
57 9277
54 9366
67 9287
53 9369
55 9267
52 9256
57 9346
49 9270
38 9219
44 9235
44 9280
48 9236
0 1
64 9327
130 9262
92 9275
48 9305
0 1
43 9282
44 9311
0 1
43 9286
53 9342
59 9288
77 9298
0 1
82 9220
57 9352
52 9330
49 9143
0 1
55 9212
89 9267
45 9278
45 9270
51 9349
41 9298
47 9272
66 9303
52 9279
52 9222
42 9268
48 9232
51 9257
63 9283
44 9302
49 9330
64 9281
0 1
50 9281
47 9292
48 9293
47 9330
57 9333
45 9376
46 9288
56 9262
46 9360
65 9317
45 9281
46 9273
43 9242
42 9331
41 9276
49 9281
83 9237
63 9300
66 9267
44 9266
58 9290
57 9295
52 9346
54 9274
88 9283
82 9268
46 9319
56 9288
52 9361
47 9307
65 9218
0 1
54 9245
72 9237
43 9314
54 9221
54 9296
41 9357
61 9316
72 9328
51 9336
49 9271
82 9328
51 9331
45 9226
51 9228
44 9306
83 9370
55 9340
45 9371
47 9265
57 9309
43 9220
43 9255
44 9368
65 9326
46 9269
50 9357
46 9274
55 9286
41 9382
43 9277
45 9305
52 9283
56 9278
55 9316
76 9292
50 9318
51 9344
55 9219
111 9344
59 9413
0 1
66 9315
44 9254
55 9315
57 9218
44 9269
92 9394
42 9318
56 9301
80 9391
57 3
58 9259
53 9273
4 3
86 9246
52 9245
46 9370
0 1
90 9341
43 9321
76 9295
58 9279
43 9361
47 9325
45 9342
49 9348
104 9269
65 9382
59 9361
42 9274
71 9240
48 9307
45 9296
45 9254
72 9298
87 9310
78 9349
150 9324
52 9350
61 9239
45 9239
43 9274
84 9286
89 9388
196 9
62 9273
57 9296
75 9270
60 9287
67 9317
46 9332
66 9280
0 1
69 9342
64 9317
47 9404
59 9337
45 9287
53 9298
47 9263
96 9386
74 9285
39 9432
53 9312
64 9286
91 9337
79 9328
63 9286
53 9227
60 9288
50 9241
55 9277
46 9387
60 9324
46 9399
64 9313
53 9202
65 9275
49 9268
48 9354
108 9383
50 9252
76 9229
72 9215
44 9275
0 1
17 2
63 9268
53 9276
73 9276
46 9307
63 9352
44 9169
45 9243
43 9263
119 9243
41 9292
39 9303
58 9276
108 9290
51 9254
51 9281
48 9272
74 9261
50 9219
67 9258
64 9379
139 9311
52 9325
46 9374
53 9357
52 9214
0 1
59 9336
54 9289
65 9217
56 9339
75 9298
107 9321
84 9279
103 9209
92 9385
54 9150
83 9263
80 9246
56 9311
62 9243
51 9259
61 9327
46 9349
88 9221
91 9315
0 1
48 9248
90 9283
116 9247
58 9309
50 9180
47 9258
44 9324
69 9280
42 9277
0 1
43 9201
0 1
44 9240
54 9203
46 9270
49 9311
44 9350
53 9321
54 9276
53 9285
66 9246
69 9320
58 9326
100 9259
57 9324
58 9292
44 9330
58 9339
84 9336
59 9339
62 9312
41 9253
61 9415
49 9233
96 9245
0 1
57 9316
43 9246
40 9325
48 9345
44 9260
48 9297
50 9352
64 9209
51 9307
45 9357
77 9213
52 9263
44 9285
44 9307
73 9285
45 9248
63 9301
47 9361
81 9368
70 9217
84 9212
53 9270
85 9346
1 2
72 9226
56 9283
71 9291
50 9237
61 9215
68 9246
40 9409
44 9327
62 9228
53 9302
82 9226
46 9277
160 9188
54 9260
66 9316
93 9317
142 9291
99 9324
65 9294
65 9274
0 1
51 9386
47 9272
69 9262
0 1
48 9187
60 9361
47 9371
57 9324
60 9248
63 9208
42 9262
97 9289
40 9196
43 9264
10 2
68 9279
46 9394
47 9319
63 9272
49 9327
112 9307
48 9289
73 9265
69 9270
47 9349
95 9357
77 9337
59 9329
55 9341
42 9336
44 9290
55 9298
62 9357
46 9287
48 9272
56 9361
60 9304
144 9309
43 9206
41 9323
46 9334
53 9303
59 9255
47 9249
46 9287
56 9251
60 9382
48 9275
57 9291
50 9300
46 9187
75 9273
103 9234
49 9253
51 9286
73 9328
50 9246
97 9369
48 9240
65 9203
55 9245
46 9245
61 9335
52 9254
71 9296
46 9322
53 9202
65 9235
47 9352
79 9274
87 9349
58 9271
47 9233
71 9260
55 9273
83 9342
97 9287
44 9253
53 9210
49 9283
55 9322
53 9361
38 9287
52 9
53 9290
43 9288
86 9329
56 9357
50 9179
40 9128
45 9361
47 9344
57 9315
57 9283
62 9350
65 9321
0 1
68 9388
57 9238
39 9201
72 9256
48 9323
0 1
44 9352
50 9331
44 9293
48 9240
86 9341
54 9350
49 9243
0 1
96 9341
44 9312
10 2
49 9283
84 9273
40 9335
61 9269
70 9246
48 9370
45 9324
80 9281
66 9310
56 9296
79 9233
76 9270
94 9196
41 9283
42 9305
45 9304
40 9240
43 9270
74 9347
50 9342
50 9234
44 9242
0 1
78 9317
57 9234
58 9290
56 9303
51 9274
92 9193
0 1
51 9339
42 9295
46 9295
83 9291
57 9259
62 9261
53 9195
75 9384
13 3
97 9321
76 9284
62 9312
48 9283
73 9254
88 9310
55 9385
59 9178
58 9415
53 9290
45 9372
55 9289
41 9268
63 9347
73 9288
51 9312
55 9308
65 9269
60 9352
52 9206
49 9272
52 9312
42 9275
50 9335
67 9330
58 9360
48 9276
105 9289
52 9352
41 9275
0 1
87 9200
68 9334
101 9210
60 9290
73 9338
83 9254
53 9289
43 9265
55 9320
55 9329
49 9237
42 9260
50 9227
42 9195
69 9281
54 9301
47 9215
62 9269
65 9333
60 9284
39 9283
63 9269
44 9265
48 9301
41 9262
51 9339
55 9214
0 1
51 9272
51 9326
73 9355
65 9312
73 9261
74 9289
64 9309
48 9302
47 9207
114 9300
57 9263
84 9300
76 9255
0 1
55 9350
70 9323
69 9317
69 9195
7 2
178 9251
53 9225
43 9336
44 9224
61 9252
95 9330
63 9280
61 9251
101 9328
49 9238
0 1
49 9300
54 9323
54 9291
51 9310
0 1
58 9198
63 9293
38 9292
62 9256
58 9240
97 9332
63 9315
0 1
49 9315
57 9249
0 1
86 9339
61 9249
42 9270
48 9279
61 9337
65 9303
114 9339
72 9260
53 9353
47 9270
121 9309
66 9234
90 9344
61 9243
93 9357
48 9242
45 9267
51 9354
55 9291
54 9264
51 9371
42 9304
44 9322
40 9220
43 9325
0 1
49 9310
52 9330
0 1
46 9307
45 9309
48 9295
67 9253
58 9272
56 9322
64 9317
40 9288
53 9255
89 9252
72 9241
70 9345
54 9257
43 9243
74 9288
93 9307
130 9192
48 9223
53 9223
64 9304
43 9243
84 9278
82 9258
46 9302
58 9330
60 9272
60 9268
49 9321
63 9309
61 9209
62 9288
69 9367
50 9263
86 9318
110 9329
60 9352
54 9244
77 9287
47 9306
64 9243
60 9338
74 9285
79 9366
0 1
91 9334
0 1
42 9284
44 9288
114 9280
65 9302
50 9367
72 9254
0 1
50 9265
47 9313
50 9325
50 9242
45 9285
44 9269
49 9324
50 9273
67 9310
90 9323
46 9293
52 9263
47 9350
54 9350
49 9293
58 9234
0 1
63 9274
57 9226
59 9260
39 9219
45 9210
66 9251
0 1
46 9189
41 9330
46 9250
44 9370
62 9224
46 9338
48 9276
43 9263
73 9365
71 9272
51 9284
86 9367
0 1
67 9274
56 9274
53 9289
44 9363
63 9363
47 9229
0 1
94 9304
58 9208
59 9250
45 9284
51 9323
49 9233
38 9332
59 9337
46 9275
62 9296
48 9242
62 9256
97 4
54 9339
68 9293
55 9242
38 3
58 9182
76 9309
81 9252
120 9303
0 1
52 9310
45 9382
52 9332
50 9333
54 9315
71 9265
52 9288
61 9178
51 9194
63 9354
0 1
66 9334
48 9267
41 9268
43 9298
0 1
55 9249
47 9279
45 9281
43 9253
78 9274
90 9394
72 9224
44 9268
66 9285
113 9325
54 9262
51 9218
98 9308
50 9297
64 9264
65 9372
69 9357
53 9378
60 9344
56 9307
45 9378
70 9289
0 1
54 9196
4 2
20 2
60 9318
52 9233
54 9316
0 1
59 9237
71 9254
75 9282
70 9283
45 9286
51 9347
66 9273
66 9292
61 9254
117 9350
77 9273
68 9254
82 9333
76 9281
71 9216
80 9296
62 9327
48 9328
76 9273
0 1
50 9261
56 9355
51 9257
57 9326
56 9275
45 9307
44 9197
96 9196
46 9263
98 9290
47 9280
0 1
52 9400
55 9274
53 9348
87 9224
51 9323
58 9230
43 9345
51 9374
81 9226
44 9325
50 9306
69 9227
48 9290
86 9342
1 2
44 9291
43 9338
72 9311
62 9266
50 9328
51 9225
123 9272
47 9241
54 9349
0 1
68 9230
60 9272
113 9353
46 9186
43 9204
60 9204
51 9285
48 9250
96 9250
52 9331
71 9293
76 9268
0 1
55 9319
47 9311
44 9219
51 9352
70 9158
63 9183
64 9281
88 9310
50 9278
0 1
0 1
47 9325
49 9327
57 9274
91 9218
44 9333
46 9228
56 9310
55 9232
59 9312
51 9220
54 9317
82 9364
89 9333
62 9260
92 9305
58 9340
45 9316
41 9366
44 9336
66 9308
54 9403
71 9384
71 9304
110 9256
0 1
63 9418
47 9273
58 9305
69 9312
56 9192
56 9324
47 9251
56 9284
42 9404
0 1
95 9318
62 9184
89 9286
72 9296
46 9296
97 9240
56 9301
98 9205
0 1
83 9255
59 9258
55 9268
51 9286
59 9313
68 9245
51 9326
70 9303
56 9289
53 9286
47 9279
69 9378
52 9317
53 9331
59 9262
45 9310
50 9306
38 2
97 9224
62 9228
79 9379
41 9253
50 9329
49 9339
0 1
57 9296
44 9294
44 9262
63 9351
75 9368
70 9333
58 9283
88 9356
0 1
50 9337
53 9214
58 9301
44 9218
69 9299
44 9320
52 9221
51 9274
45 9310
43 9204
54 9321
49 9259
76 9362
60 9238
52 9383
53 9307
102 9282
78 9303
86 9259
92 9302
53 9292
48 9285
79 9218
95 9293
47 9350
45 9338
0 1
54 9355
63 9362
44 9352
87 9253
91 9328
42 9333
68 9279
157 9334
52 9266
98 9278
40 9256
1 2
52 9225
84 9303
46 9331
55 9310
73 9212
52 9305
56 9264
41 9358
51 9199
51 9309
55 9313
46 9246
50 9377
51 9266
79 9250
83 9345
0 1
59 9380
58 9353
74 9286
55 9238
46 9306
53 9227
55 9300
101 9289
51 9280
57 9306
82 9278
77 9324
50 9213
77 9330
115 9312
50 9228
44 9305
43 9328
43 9328
67 9283
47 9337
0 1
65 9282
78 9344
72 9250
91 9270
49 9245
42 9273
50 9279
0 1
88 9239
48 9309
49 9284
139 9255
59 9371
55 9288
116 9275
55 9214
52 9293
91 9322
52 9358
0 1
84 9213
57 9313
44 9328
57 9281
53 9376
44 9347
52 9283
74 9233
44 9330
58 9281
60 9253
42 9133
76 9219
108 9266
46 9327
45 9294
61 9373
51 9287
56 9250
43 9288
80 9273
54 9251
110 9317
48 9325
0 1
49 9357
123 9318
55 9308
46 9253
49 9206
148 9196
65 9204
90 9304
61 9309
54 9311
50 9256
51 9162
42 9256
113 9181
51 9270
62 9273
137 9239
61 9314
71 9327
44 9280
65 9222
70 9281
39 9305
75 9288
45 9260
68 9229
45 9248
50 9336
70 9287
46 9367
111 9355
71 9334
0 1
65 9293
40 9301
0 1
150 9249
72 9329
80 9342
101 9283
52 9303
62 9306
50 9345
40 9246
50 9339
76 9303
79 9293
59 9320
0 1
71 9265
49 9292
47 9316
0 1
62 9298
56 9335
63 9255
73 9331
50 9310
70 9230
122 9266
0 1
70 9248
53 9352
100 9301
46 9229
14 4
47 9330
99 9245
57 9251
57 9237
42 9263
61 9243
67 9309
45 9245
43 9309
56 9341
75 9256
58 9271
75 9343
45 9228
42 9328
63 9356
71 9258
81 9330
48 9247
59 9261
46 9343
54 9373
63 9301
48 9280
99 9326
0 1
0 1
45 9279
76 9317
0 1
108 9210
0 1
82 9231
69 9282
91 9283
60 9307
0 1
42 9220
58 9374
52 9323
67 9268
73 9294
110 9302
0 1
87 9302
76 9263
53 9296
0 1
58 9273
106 9375
84 9296
98 9279
0 1
47 9284
66 9337
64 9358
64 9310
153 9217
48 9253
82 9234
86 9300
61 9245
70 9211
91 9338
46 9328
67 9205
62 9341
64 9318
64 9278
47 9277
46 9380
51 9251
6 2
53 9306
54 9366
80 9324
52 9254
85 9300
68 9283
72 9293
56 9336
138 9343
107 9231
46 9272
68 9316
0 1
0 1
51 9216
59 9291
55 9298
55 9328
64 9363
0 1
72 9247
58 9262
55 9316
0 1
65 9376
45 9295
73 9359
65 9350
47 9289
57 9223
40 9386
20 2
52 9280
88 9356
55 9294
57 9160
58 9219
65 9346
47 9402
67 9308
0 1
56 9290
46 9310
53 9283
58 9370
58 9231
48 9294
51 9317
66 9256
86 9252
48 9262
115 9191
47 9351
47 9296
92 9339
44 9210
50 9295
92 9295
87 9213
105 9372
88 9295
61 9282
112 9236
44 9261
52 9295
0 1
71 9254
93 9308
57 9268
61 9306
63 9303
41 9308
92 9251
62 9278
51 9312
67 9295
67 9236
0 1
49 9242
48 9384
83 9301
44 9290
57 9256
63 9305
70 9242
61 9270
95 9243
66 9346
84 9322
45 9301
41 2
0 1
47 9265
53 9316
56 9259
130 9362
55 9250
76 9223
68 9300
0 1
48 9315
49 9226
38 3
64 9318
62 9255
86 9334
97 9192
47 9309
116 9281
47 9277
138 9219
52 9307
44 9220
58 9249
51 9338
0 1
103 9369
76 9274
67 9310
127 9360
31 3
61 9243
107 9177
90 9304
61 9311
66 9227
52 9283
49 9324
52 9364
69 9274
85 9331
82 9390
48 9262
56 9282
40 9258
8 2
66 9281
90 9313
46 9280
73 9378
54 9342
0 1
44 9269
46 9266
128 9342
54 9246
41 9377
0 1
53 9303
