43 9366
49 9328
103 9351
42 9280
41 9321
54 9242
43 9234
42 9272
43 9227
41 9434
53 9289
46 9276
47 9393
46 9222
45 9282
48 9257
40 9329
53 9348
41 9295
0 1
45 9200
40 9286
41 9319
43 9315
48 9314
39 9253
39 9239
46 9464
43 9271
44 9369
40 9251
44 9254
42 9356
41 9308
45 9303
48 9286
65 9205
45 9234
42 9396
52 9253
42 9372
52 9345
38 9292
47 9323
41 9345
40 9216
40 9265
43 9300
39 9329
38 9266
40 9260
39 9265
43 9235
40 9285
43 9178
36 9287
41 9259
40 9236
42 9316
41 9259
44 9184
39 9263
43 9338
40 9271
41 9275
42 9294
40 9358
37 9361
40 9343
43 9256
39 9274
40 9295
41 9276
41 9258
37 9246
40 9338
39 9269
39 9327
42 9308
40 9267
40 9296
43 9339
43 9299
39 9271
38 9249
40 9172
43 9332
39 9243
41 9295
38 9327
44 9304
40 9240
42 9278
41 9279
38 9343
40 9266
41 9269
40 9237
45 9321
39 9361
50 9283
45 9254
44 9232
36 9289
42 9253
39 9339
41 9304
47 9287
39 9217
40 9288
39 9295
39 9341
41 9297
42 9310
40 9283
39 9289
39 9286
41 9248
40 9258
37 9331
41 9289
41 9307
46 9340
44 9223
52 9272
43 9335
40 9292
42 9282
40 9288
40 9252
39 9312
42 9347
38 9248
42 9329
41 9234
37 9268
37 9334
39 9281
39 9223
39 9293
41 9313
42 9214
42 9322
40 9345
40 9252
41 9330
40 9265
37 9231
40 9329
40 9353
38 9224
44 9335
41 9314
40 9242
43 9283
41 9228
42 9261
38 9341
42 9282
37 9344
35 9315
39 9326
40 9268
42 9249
58 9255
42 9278
39 9292
41 9312
41 9354
38 9278
38 9336
42 9213
42 9289
39 9283
43 9292
40 9292
39 9270
41 9240
42 9336
40 9334
37 9223
43 9345
44 9260
40 9340
41 9271
48 9377
44 9294
39 9351
43 9293
45 9274
42 9311
39 9401
38 9388
41 9146
41 9274
42 9279
38 9341
43 9299
37 9223
36 9279
36 9303
39 9424
39 9263
44 9312
40 9268
40 9371
40 9339
39 9264
40 9305
38 9378
37 9372
44 9333
43 9409
49 9270
40 9208
43 9322
39 9306
44 9209
39 9242
40 9278
43 9349
41 9299
39 9273
39 9265
39 9358
43 9337
40 9283
40 9390
44 9260
44 9294
41 9207
41 9284
42 9211
44 9310
44 9291
40 9259
40 9334
40 9292
39 9286
42 9260
42 9290
43 9283
40 9238
39 9298
39 9268
40 9352
39 9247
41 9311
41 9254
43 9339
39 9245
39 9259
44 9268
52 9339
54 9412
49 9262
41 9250
50 9220
54 9321
43 9352
43 9281
43 9260
46 9177
46 9229
42 9265
49 9203
40 9256
43 9332
48 9310
46 9221
45 9220
43 9288
48 9230
51 9302
45 9306
46 9375
47 9260
45 9273
47 9327
40 9297
50 9296
50 9272
47 9313
45 9238
37 9211
38 9309
45 9286
43 9270
41 9255
39 9333
41 9351
43 9322
49 9415
42 9306
43 9292
65 9250
48 9192
56 9275
41 9219
41 9305
41 9275
40 9329
39 9312
38 9285
42 9302
42 9283
37 9309
42 9258
37 9236
42 9321
38 9281
41 9201
43 9309
38 9273
36 9305
44 9168
40 9204
39 9287
49 9286
38 9173
40 9306
43 9233
42 9332
41 9297
39 9268
42 9239
49 9269
39 9380
40 9358
44 9249
50 9312
42 9325
47 9350
37 9354
63 9249
54 9269
43 9249
45 9249
44 9247
45 9279
48 9261
49 9314
43 9213
70 9248
52 9291
50 9289
40 9277
46 9286
56 9187
68 9265
54 9201
47 9305
44 9346
47 9224
40 9275
62 9302
41 9368
40 9282
41 9250
44 9227
38 9303
47 9265
40 9226
40 9320
45 9290
41 9303
43 9329
37 9279
41 9357
39 9252
40 9291
41 9247
44 9308
41 9269
46 9277
39 9246
43 9237
44 9272
41 9312
42 9235
39 9264
39 9267
39 9216
39 9310
42 9272
38 9221
43 9300
44 9294
47 9263
43 9295
37 9266
37 9283
37 9249
42 9303
40 9308
37 9281
41 9278
41 9182
39 9242
39 9351
41 9302
38 9120
40 9302
40 9309
42 9268
42 9300
39 9257
37 9296
40 9422
42 9262
42 9345
41 9232
37 9229
41 9276
42 9257
55 9314
47 9298
48 9329
45 9241
47 9270
57 9277
50 9225
61 9342
65 9258
46 9240
59 9171
75 9280
47 9276
41 9235
49 9313
44 9335
45 9245
97 9278
49 9316
73 9321
55 9277
44 9245
43 9323
49 9294
39 9307
41 9320
58 9267
41 9268
43 9308
57 9315
42 9299
38 9221
46 9308
41 9244
39 9195
39 9312
42 9294
43 9251
45 9272
39 9316
47 9244
40 9333
42 9275
38 9286
41 9263
40 9317
38 9239
39 9168
41 9226
38 9255
41 9334
41 9299
41 9211
40 9234
42 9268
38 9297
57 9271
41 9308
38 9238
43 9280
41 9302
39 9301
42 9369
39 9344
41 9310
96 9340
71 9357
89 9413
74 9324
46 9229
51 9227
59 9386
53 9261
72 9270
54 9324
0 1
56 9250
51 9413
57 9286
53 9334
47 9317
39 9231
47 9306
43 9264
44 9376
44 9296
43 9294
49 9369
44 9369
40 9331
43 9324
38 9306
46 9358
45 9274
50 9277
38 9239
44 9331
43 9335
40 9235
38 9287
39 9335
43 9279
39 9331
42 9306
43 9334
43 9243
45 9302
42 9272
44 9265
41 9349
42 9266
37 9270
51 9261
42 9291
43 9269
43 9310
42 9369
40 9340
41 9321
44 9360
46 9341
44 9303
39 9403
44 9290
46 9358
41 9317
47 9297
46 9290
39 9239
43 9316
44 9355
44 9277
45 9267
37 9355
43 9197
41 9287
42 9357
43 9274
43 9234
47 9192
41 9191
43 9289
47 9381
43 9295
39 9179
43 9306
38 9287
49 9179
45 9295
59 9194
39 9324
49 9284
46 9254
41 9287
54 9325
41 9261
43 9250
54 9224
57 9268
44 9208
39 9271
43 9262
40 9325
42 9234
41 9261
38 9407
42 9371
40 9320
42 9256
39 9283
40 9293
39 9233
42 9311
43 9240
39 9278
42 9256
42 9229
41 9341
45 9237
42 9281
44 9278
43 9357
36 9276
39 9252
43 9299
41 9267
39 9352
39 9305
42 9324
41 9282
44 9262
40 9334
40 9351
42 9286
39 9264
38 9262
41 9267
37 9234
44 9370
48 9247
70 9291
56 9325
57 9278
55 9331
56 9224
77 9272
42 9338
42 9302
40 9195
46 9282
38 9317
42 9233
48 9216
40 9280
41 9360
43 9266
38 9280
0 1
56 9245
52 9256
39 9323
41 9310
37 9335
46 9245
40 9368
49 9269
38 9307
43 9222
43 9216
41 9251
41 9327
39 9340
44 9295
42 9294
44 9354
41 9251
40 9274
42 9301
43 9281
40 9308
55 9291
40 9268
45 9317
48 9234
38 9231
46 9346
45 9313
52 9255
72 9315
39 9274
43 9280
42 9284
38 9373
39 9249
46 9239
41 9246
42 9235
41 9251
40 9261
42 9299
43 9275
38 9221
43 9226
44 9265
47 9369
44 9221
39 9293
46 9248
35 9296
46 9238
50 9259
42 9217
48 9378
47 9258
50 9313
40 9303
0 1
53 9278
50 9289
49 9280
44 9290
0 1
42 9253
39 9309
45 9262
47 9254
48 9256
43 9269
41 9317
40 9338
38 9270
42 9328
43 9200
43 9273
42 9313
41 9319
42 9314
39 9312
45 9359
38 9307
43 9300
44 9266
40 9312
44 9300
41 9291
45 9292
48 9313
41 9285
49 9249
41 9282
41 9272
41 9380
39 9265
40 9333
42 9330
38 9304
42 9302
41 9333
39 9191
38 9256
41 9354
40 9187
47 9249
46 9278
43 9277
63 9307
48 9356
43 9360
64 9281
37 9326
44 9264
55 9247
45 9347
46 9315
52 9338
48 9191
46 9335
45 9342
39 9296
39 9360
40 9287
44 9259
41 9325
41 9299
40 9268
37 9200
40 9359
39 9359
43 9321
40 9312
42 9257
42 9258
42 9323
42 9316
43 9335
42 9287
0 1
40 9202
51 9287
42 9253
38 9210
41 9274
46 9211
42 9354
49 9398
41 9194
46 9311
45 9304
44 9295
39 9324
41 9299
40 9314
47 9338
44 9310
44 9261
41 9334
46 9370
41 9352
39 9250
43 9320
41 9223
43 9294
45 9264
38 9243
41 9312
41 9239
42 9327
38 9264
42 9287
46 9273
43 9226
37 9227
44 9338
38 9264
38 9298
44 9274
45 9280
67 9278
41 9218
44 9252
41 9284
48 9276
40 9237
40 9262
42 9322
60 9317
43 9283
40 9219
40 9245
0 1
42 9366
39 9304
43 9232
50 9362
46 9302
44 9338
47 9276
39 9241
41 9248
39 9384
45 9274
87 9308
46 9291
42 9237
41 9254
42 9294
40 9232
43 9300
38 9292
42 9280
37 9260
40 9284
37 9303
39 9281
46 9277
43 9339
41 9298
40 9211
40 9300
36 9272
39 9261
42 9401
65 9248
41 9171
40 9269
44 9248
42 9375
45 9337
47 9288
40 9323
44 9246
37 9229
42 9260
35 9325
44 9329
38 9328
36 9259
48 9403
41 9324
50 9283
43 9320
40 9366
39 9310
37 9338
44 9328
39 9278
41 9339
42 9378
41 9275
46 9376
45 9263
43 9307
42 9328
41 9279
40 9262
44 9278
42 9310
52 9304
47 9261
42 9333
41 9329
40 9319
39 9354
40 9277
38 9249
39 9295
44 9354
38 9331
41 9267
44 9404
48 9361
43 9242
43 9310
42 9227
39 9341
0 1
39 9330
43 9356
42 9305
46 9230
38 9211
38 9299
40 9275
45 9262
43 9380
53 9286
41 9308
37 9291
44 9279
39 9356
39 9306
0 1
46 9306
44 9392
49 9315
40 9269
42 9205
60 9258
66 9266
41 9324
41 9321
37 9241
40 9426
45 9392
43 9283
45 9290
38 9242
43 9266
44 9287
40 9251
44 9332
42 9398
38 9228
40 9212
39 9316
40 9309
40 9277
44 9341
41 9323
40 9342
43 9264
45 9262
44 9261
40 9285
64 9227
46 9303
47 9338
45 9235
46 9317
42 9147
46 9328
44 9277
46 9284
44 9262
59 9260
47 9246
41 9258
42 9326
37 9240
42 9236
41 9248
39 9311
42 9234
39 9300
45 9251
38 9319
40 9265
44 9286
44 9353
48 9312
45 9146
65 9273
54 9272
44 9297
50 9278
73 9235
47 9237
42 9273
42 9321
39 9272
43 9253
42 9258
42 9279
40 9281
41 9182
39 9255
42 9302
42 9298
38 9265
41 9264
41 9227
39 9299
36 9291
41 9349
44 9173
43 9306
43 9311
41 9265
40 9240
41 9311
42 9212
40 9298
43 9226
60 9303
42 9261
50 9279
42 9273
47 9282
54 9231
50 9248
40 9272
43 9321
42 9301
38 9251
50 9219
80 9314
44 9288
67 9354
45 9247
43 9280
46 9310
68 9332
61 9341
52 9322
51 9294
39 9316
72 9336
65 9176
49 9292
46 9290
42 9281
61 9349
38 9331
58 9249
54 9240
51 9259
58 9316
53 9338
53 9299
47 9318
49 9299
57 9288
53 9226
99 9283
66 9314
52 9326
52 9249
48 9318
47 9317
56 9250
49 9314
47 9279
47 9222
40 9328
58 9230
49 9346
47 9273
45 9306
51 9130
43 9367
56 9315
53 9310
0 1
39 9329
43 9265
48 9287
36 9208
40 9249
50 9304
39 9332
39 9295
41 9276
41 9367
41 9261
40 9222
39 9364
43 9375
45 9272
41 9321
36 9197
40 9333
38 9244
38 9232
41 9272
43 9360
40 9280
46 9142
43 9270
40 9304
42 9350
37 9248
42 9270
41 9280
39 9285
40 9307
41 9241
40 9324
41 9250
39 9268
46 9206
40 9240
42 9190
47 9260
40 9327
48 9284
46 9251
47 9143
45 9313
40 9372
41 9298
43 9326
44 9196
45 9313
42 9232
43 9223
50 9268
44 9326
47 9234
46 9251
49 9271
43 9306
43 9225
42 9359
42 9266
44 9243
45 9246
46 9297
49 9299
45 9289
49 9296
43 9288
44 9263
43 9235
45 9278
44 9304
46 9269
41 9232
49 9307
49 9296
46 9293
48 9279
47 9215
48 9363
47 9295
45 9235
45 9271
43 9338
45 9312
48 9264
48 9343
45 9295
51 9329
46 9295
38 9221
44 9211
44 9253
43 9285
45 9256
47 9295
43 9339
41 9252
45 9253
43 9249
55 9228
46 9219
41 9328
43 9284
49 9328
45 9272
48 9221
44 9285
45 9288
43 9227
50 9328
44 9318
45 9219
49 9243
47 9217
44 9319
44 9312
49 9304
55 9258
44 9305
57 9311
41 9312
47 9337
41 9351
49 9258
41 9252
41 9279
47 9350
41 9309
41 9296
38 9241
40 9335
40 9319
45 9273
41 9267
48 9271
45 9311
39 9238
41 9358
55 9285
46 9338
45 9270
49 9264
42 9278
38 9318
0 1
40 9326
38 9371
41 9374
46 9278
44 9302
40 9280
40 9334
41 9305
38 9288
39 9394
65 9274
40 9317
43 9322
43 9320
42 9333
42 9315
40 9320
37 9264
46 9273
46 9291
41 9363
42 9281
44 9241
41 9307
45 9297
41 9265
51 9358
42 9293
44 9251
41 9337
44 9344
40 9301
35 9269
44 9323
42 9354
50 9333
39 9328
44 9309
46 9223
46 9375
48 9301
42 9320
41 9376
43 9189
40 9310
46 9365
43 9264
54 9272
44 9341
46 9347
36 9221
49 9321
43 9258
40 9216
71 9275
42 9333
49 9321
40 9320
44 9218
40 9289
52 9332
41 9245
38 9348
41 9292
42 9244
36 9176
40 9238
41 9230
46 9307
41 9296
41 9264
41 9378
43 9265
46 9284
40 9284
42 9288
44 9381
42 9301
39 9316
38 9323
44 9350
45 9250
41 9312
47 9252
40 9305
42 9250
41 9326
41 9351
46 9344
40 9315
42 9268
42 9260
39 9347
44 9294
44 9278
44 9247
0 1
42 9284
43 9254
42 9289
39 9344
42 9263
39 9309
43 9379
41 9265
42 9232
45 9367
42 9303
39 9249
43 9263
42 9278
40 9169
42 9289
40 9229
44 9299
43 9265
41 9353
45 9344
40 9244
43 9295
41 9262
42 9287
44 9312
42 9283
42 9287
41 9375
37 9239
38 9287
42 9345
42 9269
40 9218
40 9366
43 9352
42 9353
42 9242
45 9226
36 9297
39 9282
41 9218
39 9249
42 9293
40 9302
38 9286
42 9269
39 9311
43 9248
44 9248
0 1
50 9305
42 9311
43 9325
44 9338
45 9310
46 9356
42 9298
47 9275
39 9243
42 9265
39 9282
40 9275
42 9310
45 9335
40 9305
50 9282
39 9272
43 9318
43 9324
46 9252
56 9284
47 9332
45 9234
50 9286
42 9242
47 9274
44 9359
37 9321
40 9319
41 9297
42 9327
37 9385
40 9292
40 9332
46 9328
40 9345
45 9268
43 9306
42 9243
43 9323
38 9310
41 9353
44 9214
51 9258
48 9362
48 9321
40 9336
41 9280
40 9269
47 9218
41 9246
41 9244
39 9338
40 9328
41 9289
42 9319
42 9263
40 9331
55 9306
39 9316
40 9354
41 9309
0 1
48 9303
42 9348
42 9262
42 9261
41 9317
44 9279
41 9285
39 9236
42 9330
48 9335
36 9219
41 9263
38 9326
40 9289
44 9246
42 9238
39 9271
39 9214
58 9220
39 9322
51 9272
42 9214
40 9230
49 9298
38 9368
40 9274
45 9216
38 9276
49 9351
39 9236
42 9405
43 9304
41 9322
41 9225
38 9344
37 9306
38 9241
39 9349
42 9241
40 9290
42 9254
41 9227
44 9276
43 9240
40 9286
40 9305
39 9305
44 9319
44 9264
56 9206
44 9242
41 9374
42 9292
39 9271
41 9211
49 9266
45 9263
43 9295
48 9236
44 9313
41 9305
42 9231
39 9267
40 9311
41 9340
41 9293
52 9211
46 9292
45 9250
44 9306
44 9358
48 9253
41 9311
40 9205
43 9226
42 9245
41 9357
39 9283
44 9146
40 9298
42 9309
43 9222
41 9230
43 9379
50 9317
38 9277
44 9260
42 9233
43 9204
44 9253
39 9299
43 9181
38 9284
43 9292
39 9284
42 9249
39 9275
44 9318
40 9227
42 9286
44 9221
42 9250
43 9314
46 9258
42 9224
41 9298
44 9377
50 9247
45 9318
42 9269
43 9243
42 9339
49 9234
46 9269
43 9236
41 9265
41 9285
47 9212
44 9246
41 9324
38 9234
40 9224
41 9205
81 9337
42 9373
40 9380
45 9284
47 9232
42 9320
49 9231
45 9240
44 9391
48 9295
42 9282
51 9289
44 9299
46 9301
46 9337
40 9281
50 9293
44 9338
48 9282
40 9267
51 9331
56 9301
44 9324
39 9263
41 9335
43 9396
50 9189
47 9303
43 9303
39 9303
50 9288
47 9287
44 9286
38 9349
45 9339
68 9311
42 9338
47 9341
40 9314
42 9252
70 9268
42 9342
41 9276
41 9267
42 9285
38 9148
39 9253
57 9312
101 9243
44 9347
53 9322
61 9301
49 9257
48 9276
41 9307
39 9309
51 9335
45 9326
42 9331
38 9337
40 9224
43 9327
40 9231
42 9224
49 9192
46 9317
42 9443
48 9316
43 9316
46 9256
47 9258
44 9300
46 9369
47 9379
46 9316
51 9206
45 9336
38 9242
61 9280
41 9320
46 9285
36 9204
44 9281
40 9261
51 9246
44 9299
42 9284
59 9251
52 9345
53 9307
54 9245
52 9279
42 9385
46 9270
52 9217
47 9291
54 9282
44 9291
50 9279
50 9284
47 9307
40 9291
42 9309
44 9223
39 9236
45 9245
40 9337
44 9274
43 9236
40 9259
45 9251
39 9302
47 9315
42 9265
44 9271
46 9226
42 9244
55 9275
43 9321
39 9373
53 9279
41 9322
44 9356
63 9344
0 1
0 1
50 9321
57 9249
46 9346
55 9305
45 9309
50 9298
45 9339
38 9346
38 9281
44 9283
41 9287
0 1
48 9278
47 9324
61 9221
41 9202
49 9298
41 9267
41 9261
43 9263
44 9268
41 9239
40 9429
46 9303
44 9266
42 9215
52 9350
43 9311
40 9329
49 9342
42 9128
39 9271
43 9255
43 9238
46 9291
51 9301
40 9295
41 9159
40 9320
40 9289
42 9238
40 9270
45 9252
41 9313
42 9234
42 9236
43 9270
49 9304
41 9251
53 9356
47 9270
40 9237
46 9237
51 9249
43 9266
42 9260
64 9312
45 9319
44 9207
45 9269
46 9337
44 9296
50 9364
43 9265
41 9320
43 9274
54 9336
49 9299
39 9382
42 9278
46 9305
44 9279
42 9266
44 9313
44 9312
38 9228
54 9282
52 9270
38 9267
50 9222
44 9324
45 9326
45 9375
56 9380
60 9281
57 9189
51 9259
45 9300
49 9383
50 9286
38 9358
44 9315
39 9257
55 9349
0 1
44 9308
46 9235
49 9395
80 9227
49 9295
52 9248
0 1
54 9286
39 9329
52 9298
44 9232
42 9377
43 9288
39 9281
38 9297
43 9283
41 9308
42 9265
44 9298
43 9218
43 9265
50 9306
43 9309
37 9206
36 9239
40 9255
44 9299
45 9229
49 9354
61 9251
45 9223
46 9219
40 9340
42 9292
61 9284
41 9221
82 9260
47 9385
59 9223
59 9324
44 9325
53 9385
45 9309
48 9210
48 9362
44 9246
0 1
39 9262
51 9362
46 9234
46 9271
48 9330
44 9245
52 9262
52 9269
38 9301
50 9280
44 9318
46 9213
47 9295
40 9331
49 9333
40 9341
50 9304
50 9337
39 9293
44 9388
46 9339
41 9298
46 9312
44 9296
43 9251
40 9339
46 9285
38 9254
39 9352
48 9265
39 9247
62 9286
40 9369
40 9270
39 9294
48 9278
44 9280
47 9292
39 9289
43 9382
40 9317
38 9257
43 9221
43 9230
41 9353
52 9188
58 9272
43 9376
39 9276
42 9281
44 9232
35 9254
44 9228
51 9300
42 9281
111 9260
83 9336
48 9277
43 9314
55 9291
41 9247
39 9288
45 9289
46 9305
43 9363
45 9278
43 9335
37 9161
43 9314
60 9303
42 9318
41 9248
39 9255
60 9254
72 9203
47 9290
42 9272
48 9322
45 9339
50 9298
46 9304
52 9343
40 9214
47 9255
43 9254
44 9328
41 9302
47 9343
43 9255
39 9292
46 9266
43 9279
44 9285
40 9247
94 9311
1 2
41 9349
43 9283
47 9288
49 9299
101 9244
39 9307
42 9323
52 9261
39 9301
43 9369
43 9289
41 9244
40 9262
43 9347
47 9241
41 9293
44 9301
53 9290
51 9289
41 9148
43 9215
54 9284
44 9272
40 9281
44 9338
45 9322
43 9267
42 9243
44 9278
49 9274
41 9350
47 9274
46 9250
49 9279
43 9238
48 9336
46 9307
41 9332
41 9315
47 9284
47 9313
49 9318
58 9311
44 9354
48 9306
46 9312
54 9248
38 9280
47 9292
49 9266
43 9254
43 9281
51 9252
48 9266
42 9267
51 9322
40 9290
42 9357
43 9261
44 9325
39 9251
46 9271
46 9282
41 9272
43 9216
43 9276
57 9257
78 9288
0 1
41 9280
52 9299
45 9285
43 9325
42 9322
42 9323
0 1
50 9353
42 9295
41 9247
37 9243
42 9265
41 9288
42 9308
49 9266
42 9295
41 9313
49 9297
40 9326
70 9391
49 9251
59 9282
41 9342
38 9297
49 9328
44 9241
59 9246
40 9305
47 9367
43 9315
38 9252
41 9368
40 9223
45 9286
50 9246
44 9281
75 9227
46 9316
46 9318
62 9315
51 9198
41 9241
41 9227
44 9287
41 9369
44 9313
50 9185
40 9268
42 9314
110 9183
58 9238
38 9267
46 9235
42 9325
58 9227
52 9275
47 9334
48 9293
57 9303
54 9278
72 9295
52 9258
40 9314
60 9259
41 9303
43 9362
48 9262
41 9221
39 9319
39 9317
45 9265
43 9328
40 9318
51 9293
41 9359
41 9278
40 9317
43 9279
40 9306
44 9340
40 9298
36 9337
36 9304
39 9242
46 9204
43 9322
45 9323
68 9294
52 9312
43 9266
44 9318
54 9342
41 9207
46 9305
45 9204
48 9267
44 9366
44 9291
39 9298
42 9246
49 9328
42 9273
41 9323
41 9390
51 9319
41 9310
43 9267
39 9242
61 9285
45 9292
45 9287
47 9255
47 9365
42 9221
39 9271
41 9284
37 9311
46 9261
42 9225
46 9312
39 9338
38 9327
43 9276
41 9261
42 9294
45 9288
41 9353
36 9278
45 9254
43 9251
44 9336
37 9344
44 9309
44 9368
44 9296
41 9312
44 9283
41 9264
38 9337
39 9347
41 9281
41 9332
41 9316
44 9346
142 9314
0 1
107 9355
52 9214
51 9335
41 9325
45 9357
41 9238
5 2
88 9280
42 9318
42 9243
75 9321
45 9340
42 9312
37 9210
42 9307
47 9278
42 9250
49 9308
41 9281
42 9342
40 9348
42 9285
46 9337
39 9198
42 9191
42 9359
49 9297
46 9227
41 9250
53 9352
40 9245
53 9323
43 9259
41 9318
41 9207
40 9182
40 9276
38 9264
43 9280
42 9315
42 9296
41 9263
43 9255
43 9308
43 9259
42 9259
39 9288
48 9318
41 9250
42 9329
43 9248
42 9242
43 9368
41 9195
42 9348
42 9278
41 9251
44 9264
38 9318
43 9288
41 9321
41 9312
39 9270
46 9282
40 9331
42 9246
39 9313
48 9275
37 9246
43 9249
40 9286
42 9248
39 9297
43 9188
50 9207
43 9266
45 9301
42 9210
46 9304
45 9223
59 9293
53 9282
45 9274
42 9288
44 9257
39 9278
39 9327
42 9290
40 9375
39 9201
39 9245
40 9269
41 9374
42 9289
39 9318
42 9339
43 9262
45 9323
43 9278
40 9271
41 9256
41 9337
41 9299
42 9300
42 9245
44 9249
40 9229
41 9281
41 9348
39 9280
42 9341
46 9326
46 9265
39 9309
44 9276
63 9300
64 9345
47 9301
51 9312
45 9331
41 9207
48 9230
47 9175
44 9252
61 9290
48 9285
0 1
53 9290
56 9272
45 9373
50 9287
49 9289
46 9353
43 9343
51 9309
42 9301
40 9337
43 9259
49 9358
38 9226
45 9295
45 9274
108 9294
42 9258
0 1
74 9285
46 9230
55 9242
44 9236
42 9318
57 9329
52 9251
57 9232
57 9302
45 9292
69 9251
42 9300
47 9268
45 9275
48 9350
41 9281
42 9243
45 9223
46 9301
44 9385
45 9291
49 9293
55 9266
54 9274
74 9394
44 9297
42 9289
46 9326
49 9301
46 9241
54 9230
61 9244
60 9312
57 9285
55 9288
40 9288
42 9323
45 9302
41 9380
41 9296
41 9226
104 9270
48 9275
46 9260
53 9234
51 9340
50 9315
42 9315
41 9306
42 9319
50 9320
40 9340
45 9329
41 9189
50 9322
54 9251
47 9272
40 9296
46 9267
43 9316
39 9265
50 9370
41 9312
65 9315
43 9297
45 9382
57 9340
0 1
40 9280
40 9244
90 9262
49 9242
0 1
44 9273
43 9239
47 9263
46 9269
45 9241
40 9398
43 9329
44 9208
52 9287
39 9334
39 9204
41 9372
38 9298
52 9295
46 9299
41 9256
39 9340
39 9290
63 9250
43 9264
40 9246
40 9253
49 9431
73 9324
45 9235
41 9309
41 9284
41 9236
41 9267
40 9291
54 9306
45 9256
42 9260
50 9306
46 9193
41 9359
53 9261
53 9380
40 9309
41 9268
43 9280
38 9341
45 9251
52 9268
44 9223
52 9285
52 9374
47 9299
47 9333
51 9220
83 9292
48 9344
43 9366
41 9292
51 9301
39 9302
40 9289
43 9306
41 9294
37 9220
54 9288
40 9334
45 9298
45 9335
62 9272
0 1
48 9331
45 9400
47 9304
47 9289
54 9255
51 9325
54 9265
69 9392
52 9314
43 9414
47 9292
45 9255
45 9270
43 9312
47 9346
45 9192
42 9285
42 9284
46 9286
47 9236
42 9324
50 9353
48 9291
44 9198
51 9297
48 9244
45 9348
44 9270
44 9302
48 9127
45 9270
50 9320
45 9247
47 9251
56 9252
45 9334
44 9283
54 9265
43 9371
44 9258
39 9332
41 9210
52 9280
41 9305
46 9353
42 9311
47 9301
40 9306
50 9359
46 9286
40 9277
40 9332
44 9263
59 9298
44 9279
41 9219
41 9231
42 9323
48 9315
40 9341
43 9338
39 9308
42 9436
46 9303
64 9327
61 9228
45 9299
47 9279
47 9264
50 9282
45 9300
38 9251
39 9426
38 9281
40 9252
45 9258
43 9408
42 9294
39 9347
42 9343
41 9289
41 9202
40 9302
58 9335
52 9268
61 9257
50 9318
37 9302
51 9234
43 9305
47 9310
52 9199
49 9255
46 9328
57 9283
48 9320
45 9413
50 9378
62 9271
51 9318
55 9361
60 9290
69 9324
69 9256
52 9249
51 9175
48 9284
76 9265
50 9261
55 9316
0 1
45 9291
47 9258
48 9376
52 9229
43 9257
41 9237
46 9292
45 9301
8 2
45 9292
50 9258
54 9253
44 9263
14 2
51 9227
37 9269
50 9248
41 9173
45 9274
42 9300
46 9318
42 9255
40 9230
43 9316
41 9299
42 9399
46 9307
42 9323
45 9294
45 9294
44 9276
42 9292
41 9229
42 9200
49 9336
41 9233
41 9334
38 9234
45 9325
39 9397
45 9255
43 9235
42 9359
50 9355
46 9334
45 9284
56 9213
50 9238
44 9308
42 9249
40 9321
40 9282
65 9244
58 9312
59 9253
71 9242
60 9254
0 1
39 9301
48 9193
46 9259
45 9317
43 9333
53 9263
48 9299
59 9287
61 9313
67 9295
58 9280
50 9227
47 9246
42 9306
46 9334
44 9382
47 9264
41 9271
48 9327
45 9324
40 9273
0 1
45 9299
58 9274
57 9243
50 9367
43 9276
60 9281
0 1
48 9316
48 9313
40 9289
50 9210
44 9351
44 9283
46 9337
66 9263
42 9252
49 9337
41 9267
50 9241
46 9298
49 9328
46 9345
43 9304
39 9284
46 9304
46 9244
61 9273
41 9260
47 9308
55 9245
52 9278
42 9323
43 9243
42 9253
44 9354
49 9282
52 9400
41 9291
70 9319
43 9271
55 9299
50 9321
44 9304
41 9356
48 9279
49 9276
50 9288
51 9304
39 9292
49 9251
50 9314
48 9358
37 9242
58 9205
59 9373
47 9265
64 9223
47 9298
43 9299
49 9396
48 9242
46 9313
46 9347
45 9258
53 9389
45 9275
46 9311
48 9231
54 9374
43 9287
51 9298
48 9349
130 9367
67 9349
52 9268
56 9300
49 9331
65 9342
45 9275
61 9264
0 1
64 9354
48 9345
48 9318
59 9299
58 9331
43 9255
48 9250
48 9274
42 9242
48 9288
39 9253
55 9238
40 9397
41 9324
46 9274
47 9274
44 9304
50 9360
43 9240
42 9302
42 9311
44 9328
49 9306
52 9246
55 9290
44 9318
45 9268
41 9220
48 9359
41 9341
43 9290
49 9344
50 9343
41 9226
44 9272
43 9248
44 9264
40 9331
43 9287
40 9249
38 9322
46 9349
39 9308
37 9283
40 9300
41 9222
39 9390
41 9304
42 9290
41 9288
0 1
37 9203
42 9238
39 9223
43 9242
39 9285
43 9334
42 9199
42 9315
39 9257
47 9274
43 9239
43 9277
55 9291
58 9252
46 9294
47 9367
42 9262
45 9315
44 9207
47 9347
50 9341
57 9325
46 9268
46 9289
67 9370
47 9244
88 9314
122 9288
47 9366
52 9318
42 9301
68 9304
43 9276
46 9315
44 9351
48 9280
65 9353
41 9333
67 9272
47 9228
43 9251
37 9372
43 9298
49 9231
45 9307
46 9239
48 9282
87 9242
49 9251
44 9281
48 9305
48 9362
45 9336
43 9328
44 9201
43 9385
43 9272
48 9279
53 9303
42 9303
60 9341
41 9230
42 9279
50 9243
40 9206
41 9283
41 9241
51 9301
52 9301
42 9324
39 9310
66 9246
47 9272
48 9259
58 9250
73 9337
49 9260
42 9365
54 9210
42 9374
61 9288
39 9194
43 9338
45 9250
45 9374
40 9297
45 9264
40 9232
42 9283
41 9315
42 9274
43 9380
44 9318
38 9237
39 9314
39 9266
40 9214
40 9269
46 9295
42 9278
46 9263
40 9219
45 9300
42 9294
47 9279
40 9329
51 9359
47 9275
43 9320
43 9342
45 9291
40 9272
41 9338
39 9296
39 9252
46 9269
46 9315
36 9306
46 9318
42 9370
42 9375
49 9250
37 9296
39 9312
41 9250
42 9328
43 9310
42 9307
43 9327
38 9311
49 9214
49 9212
40 9246
39 9244
42 9286
42 9359
44 9294
39 9320
44 9313
39 9326
46 9288
42 9288
43 9223
44 9334
38 9296
44 9188
42 9291
41 9267
43 9317
46 9251
43 9297
41 9335
41 9280
44 9315
35 9219
35 9264
44 9293
40 9281
50 9236
43 9223
77 9294
41 9346
43 9202
43 9354
42 9239
40 9256
43 9263
52 9261
56 9241
44 9293
46 9326
47 9337
42 9265
44 9302
53 9250
80 9235
61 9268
68 9263
39 9393
48 9308
61 9239
50 9280
46 9277
44 9246
49 9310
46 9281
47 9316
48 9207
57 9397
48 9316
54 9345
58 9305
51 9351
50 9335
39 9267
44 9347
45 9267
44 9285
46 9305
45 9266
40 9281
38 9339
39 9278
41 9352
47 9310
51 9320
45 9312
50 9361
43 9318
44 9310
41 9289
58 9383
43 9342
47 9317
43 9293
42 9278
43 9129
53 9349
47 9292
40 9249
49 9297
41 9354
45 9237
45 9346
47 9257
48 9310
46 9336
45 9296
50 9274
50 9324
62 9290
45 9353
48 9219
45 9288
41 9365
43 9211
41 9232
39 9277
53 9280
38 9254
46 9240
44 9251
41 9228
45 9285
51 9303
59 9265
48 9251
0 1
48 9332
41 9216
44 9245
43 9276
41 9285
41 9223
47 9337
50 9257
44 9261
40 9266
39 9265
44 9234
39 9339
41 9313
41 9180
50 9277
44 9270
44 9229
44 9283
48 9228
40 9225
48 9323
45 9374
49 9248
46 9252
49 9306
44 9359
42 9287
45 9190
47 9335
43 9221
47 9274
44 9299
42 9273
42 9191
49 9252
42 9312
47 9313
42 9275
42 9325
43 9418
41 9291
44 9299
49 9248
44 9205
76 9326
50 9268
85 9304
43 9344
44 9333
49 9295
42 9294
41 9278
45 9304
44 9323
53 9268
46 9256
39 9288
50 9337
50 9234
42 9237
47 9370
48 9272
47 9191
54 9223
41 9291
51 9279
45 9369
0 1
44 9273
51 9284
50 9300
106 9271
69 9230
93 9217
64 9285
46 9328
46 9201
42 9274
48 9281
43 9292
45 9354
47 9264
46 9253
52 9336
49 9326
45 9177
42 9328
51 9329
53 9182
46 9281
49 9332
45 9268
46 9323
61 9379
47 9231
67 9286
47 9236
42 9362
40 9275
49 9315
42 9253
41 9306
44 9300
44 9284
46 9375
44 9339
51 9303
48 9336
41 9246
48 9233
48 9351
46 9248
43 9186
53 9259
71 9334
69 9263
43 9232
76 9237
43 9280
49 9299
52 9312
66 9290
47 9297
95 9217
45 9357
85 9292
44 9264
44 9332
47 9288
42 9246
39 9333
47 9359
46 9300
45 9241
39 9245
45 9318
42 9230
39 9286
41 9279
45 9297
43 9252
41 9333
47 9322
36 9077
43 9358
42 9310
41 9320
44 9254
44 9243
39 9308
42 9291
39 9318
44 9285
49 9296
44 9262
42 9279
45 9163
56 9300
43 9335
47 9218
46 9363
55 9182
43 9278
47 9329
47 9337
44 9291
49 9284
0 1
46 9295
50 9265
46 9269
48 9218
45 9356
59 9281
120 9290
153 9321
59 9316
51 9338
48 9263
48 9300
58 9210
42 9203
56 9323
43 9223
45 9281
42 9223
43 9276
48 9215
51 9313
40 9265
0 1
81 9240
43 9352
42 9364
51 9308
45 9380
40 9315
43 9230
76 9323
43 9259
56 9302
42 9212
43 9327
42 9345
44 9313
42 9314
42 9315
40 9302
50 9227
53 9283
43 9305
42 9297
46 9288
44 9348
44 9257
43 9291
40 9302
45 9318
46 9269
44 9281
50 9347
46 9214
46 9315
42 9328
40 9315
44 9414
47 9272
41 9313
41 9272
43 9331
43 9227
46 9218
45 9315
52 9314
61 9298
39 9293
42 9327
44 9349
62 9177
42 9263
41 9245
41 9239
43 9361
43 9282
39 9366
43 9199
47 9274
50 9297
40 9294
38 9257
46 9304
42 9270
45 9253
38 9285
54 9237
39 9223
39 9308
53 9226
41 9306
41 9332
35 9238
44 9227
41 9379
40 9288
71 9238
39 9307
41 9333
49 9198
46 9314
41 9283
50 9330
44 9273
43 9238
59 9351
45 9214
45 9315
43 9351
58 9269
37 9236
46 9295
44 9292
43 9342
56 9278
46 9257
47 9308
41 9337
44 9259
47 9305
37 9219
42 9246
41 9281
42 9350
44 9222
41 9297
51 9318
47 9278
45 9308
41 9242
46 9250
45 9291
44 9278
51 9286
38 9317
40 9296
49 9263
39 9306
45 9336
48 9270
39 9273
50 9286
42 9326
53 9325
44 9359
48 9215
0 1
38 9358
41 9257
61 9256
43 9314
41 9298
47 9211
0 1
0 1
37 9250
55 9326
61 9298
54 9299
43 9282
50 9247
48 9313
42 9292
43 9308
38 9295
45 9299
45 9328
43 9190
43 9327
49 9306
47 9189
46 9305
43 9268
51 9284
48 9310
65 9347
42 9329
72 9313
52 9340
44 9237
92 9401
46 9267
45 9346
47 9316
40 9296
57 9274
51 9315
46 9318
44 9306
42 9282
46 9264
41 9308
44 9223
46 9213
43 9357
45 9275
50 9304
0 1
40 9333
43 9345
69 9295
60 9293
44 9320
44 9251
39 9285
48 9322
72 9400
52 9294
67 9298
48 9285
47 9252
52 9297
59 9295
45 9301
67 9349
54 9242
52 9357
41 9330
38 9344
45 9300
84 9315
53 9309
46 9274
48 9311
42 9308
46 9311
44 9317
40 9300
42 9176
41 9202
44 9323
42 9182
42 9280
54 9298
46 9280
38 9335
45 9285
49 9269
56 9236
45 9204
53 9241
51 9303
44 9282
45 9281
40 9340
44 9354
46 9206
40 9275
47 9301
42 9200
46 9255
46 9332
40 9328
38 9256
46 9213
42 9304
43 9326
41 9344
44 9270
44 9345
43 9248
54 9233
42 9263
43 9257
46 9227
50 9357
47 9249
47 9237
61 9407
48 9312
46 9408
0 1
51 9273
42 9197
44 9329
43 9342
41 9245
48 9276
42 9330
41 9262
42 9326
49 9309
50 9188
46 9306
40 9281
49 9187
46 9356
53 9289
40 9305
47 9248
42 9237
55 9269
63 9288
68 9250
60 9198
52 9308
46 9233
44 9243
50 9346
44 9259
50 9335
57 9334
45 9298
47 9368
60 9206
70 9320
4 2
144 9267
93 9288
42 9343
51 9248
39 9300
61 9225
42 9275
41 9266
42 9351
42 9306
62 9335
59 9243
130 9385
45 9269
45 9336
43 9339
51 9317
47 9297
42 9291
43 9289
40 9300
43 9285
39 9339
43 9251
47 9270
41 9259
43 9306
42 9255
39 9320
43 9317
36 9261
43 9392
55 9336
41 9304
41 9322
42 9281
37 9184
40 9307
41 9271
40 9332
45 9358
39 9353
41 9272
45 9292
41 9318
48 9226
44 9317
40 9243
40 9296
41 9220
53 9341
42 9292
45 9319
38 9373
42 9193
42 9360
41 9379
40 9235
44 9365
44 9292
41 9218
44 9310
42 9266
41 9277
44 9329
38 9306
41 9300
39 9281
46 9288
55 9351
39 9364
40 9279
45 9381
40 9336
43 9356
47 9253
40 9223
55 9344
40 9278
40 9328
44 9290
49 9311
40 9278
51 9304
52 9458
50 9261
41 9377
77 9268
40 9256
40 9232
57 9313
50 9346
44 9239
56 9241
42 9296
43 9247
44 9269
47 9181
43 9217
0 1
50 9309
41 9314
49 9275
43 9289
39 9344
42 9264
49 9312
43 9341
46 9312
46 9311
41 9358
46 9266
72 9352
43 9297
48 9313
39 9280
46 9331
43 9309
47 9267
45 9295
41 9270
47 9359
48 9333
43 9191
50 9241
37 9233
59 9194
53 9265
45 9229
43 9239
45 9285
46 9318
45 9290
47 9239
42 9210
41 9290
51 9243
49 9278
96 9291
43 9276
39 9293
49 9255
54 9259
43 9281
40 9323
41 9196
42 9239
40 9347
45 9290
42 9341
41 9288
45 9318
41 9186
41 9278
43 9252
42 9275
39 9306
43 9359
40 9364
39 9330
39 9229
42 9245
43 9314
46 9381
46 9325
40 9256
47 9273
40 9351
42 9264
41 9333
45 9312
43 9330
45 9272
41 9327
43 9283
43 9317
40 9308
47 9422
50 9324
41 9238
44 9227
41 9368
46 9397
39 9212
41 9427
42 9236
46 9335
39 9234
48 9249
40 9311
49 9277
47 9260
41 9335
45 9183
65 9287
48 9255
53 9294
43 9308
53 9221
45 9266
41 9259
65 9336
48 9262
41 9308
72 9315
42 9326
38 9227
40 9293
41 9333
39 9315
45 9323
42 9258
41 9318
48 9361
42 9234
62 9233
56 9286
120 9242
43 9322
49 9189
48 9364
47 9293
43 9373
42 9289
37 9286
45 9269
40 9331
48 9328
40 9400
42 9271
46 9281
40 9220
43 9298
44 9306
41 9300
46 9254
44 9236
39 9283
43 9258
52 9235
50 9312
65 9341
109 9348
59 9255
74 9329
56 9300
47 9305
53 9276
57 9326
40 9274
41 9305
43 9242
43 9312
60 9305
47 9304
56 9297
48 9386
40 9320
42 9208
40 9280
41 9296
46 9304
47 9316
43 9202
46 9254
46 9380
43 9342
57 9219
38 9295
48 9277
44 9235
47 9233
42 9255
49 9325
56 9290
52 9238
41 9353
40 9266
41 9276
44 9237
54 9336
38 9194
49 9267
45 9258
45 9337
63 9268
0 1
48 9330
52 9410
76 9338
48 9342
52 9286
46 9289
64 9264
47 9303
45 9326
44 9265
43 9285
14 3
150 9339
115 9277
57 9328
45 9278
41 9217
69 9210
46 9366
44 9265
44 9330
0 1
43 9290
52 9297
45 9324
50 9436
48 9313
44 9296
42 9299
50 9310
52 9348
50 9271
44 9323
49 9228
45 9308
48 9256
42 9278
54 9330
64 9325
52 9332
46 9242
52 9293
43 9257
45 9244
39 9329
49 9283
43 9261
42 9258
75 9207
43 9271
44 9325
99 9309
0 1
52 9135
64 9267
46 9313
77 9331
40 9251
54 9261
42 9230
51 9278
0 1
41 9257
39 9270
44 9259
42 9292
43 9272
47 9254
42 9279
49 9284
72 9206
10 4
94 9367
52 9277
48 9315
55 9358
40 9285
43 9266
43 9348
55 9290
45 9191
47 9256
50 9276
72 9207
110 9307
47 9267
72 9209
50 9335
41 9226
38 9338
42 9308
43 9343
42 9276
42 9365
41 9208
54 9341
52 9344
42 9291
41 9270
46 9229
44 9244
0 1
41 9346
46 9318
43 9282
45 9315
55 9282
53 9314
40 9216
45 9278
43 9321
64 9312
57 9363
84 9331
79 9334
63 9289
46 9238
38 9301
44 9284
42 9237
42 9283
49 9199
50 9298
47 9274
45 9313
42 9348
43 9295
40 9254
55 9228
42 9282
38 9269
43 9318
46 9309
43 9277
47 9295
38 9276
42 9233
47 9328
47 9298
41 9289
44 9367
40 9232
38 9337
41 9380
60 9325
57 9347
44 9227
50 9380
52 9200
39 9381
49 9346
50 9279
50 9266
52 9347
45 9324
40 9283
43 9276
45 9381
47 9271
44 9247
38 9320
40 9275
39 9270
40 9266
57 9345
48 9316
39 9311
41 9229
0 1
46 9259
46 9352
43 9312
43 9213
40 9328
48 9276
42 9251
44 9275
45 9251
44 9318
52 9235
42 9361
53 9261
44 9226
41 9164
57 9305
76 9242
40 9255
44 9226
47 9306
46 9192
46 9296
44 9324
40 9292
40 9372
50 9316
42 9335
43 9328
43 9319
51 9266
0 1
43 9334
39 9321
44 9363
41 9335
43 9365
41 9279
39 9328
0 1
57 9311
47 9313
44 9263
54 9381
45 9266
40 9284
45 9283
48 9220
38 9270
41 9357
43 9285
52 9342
35 9238
38 9246
46 9277
40 9313
43 9317
40 9323
64 9287
43 9334
43 9269
36 9213
47 9224
67 9368
52 9308
41 9318
41 9232
42 9303
38 9343
50 9381
40 9266
45 9247
46 9334
44 9269
42 9287
41 9310
42 9305
41 9282
42 9283
45 9228
45 9314
38 9321
50 9350
49 9284
44 9284
51 9350
62 9338
50 9256
43 9281
41 9237
47 9373
46 9203
0 1
63 9341
76 9351
49 9336
39 9256
46 9252
45 9226
44 9267
41 9247
45 9295
42 9330
46 9280
42 9318
56 9281
44 9301
40 9248
47 9263
43 9230
47 9303
41 9222
44 9286
43 9336
46 9331
43 9294
44 9365
43 9298
47 9262
58 9213
45 9329
47 9228
73 9228
51 9209
43 9294
51 9249
42 9309
48 9258
42 9312
44 9346
52 9265
41 9303
59 9320
102 9322
52 9231
104 9288
48 9375
43 9281
45 9288
90 9286
91 9203
43 9298
37 9258
42 9234
48 9222
0 1
51 9263
42 9194
56 9247
55 9242
53 9239
71 9294
53 9294
91 9263
56 9279
51 9287
55 9297
61 9315
41 9332
41 9309
57 9263
42 9272
50 9230
45 9252
52 9286
49 9192
94 9313
43 9263
46 9188
55 9272
51 9183
46 9361
72 9319
43 9290
49 9281
42 9345
46 9219
48 9253
56 9406
49 9202
45 9335
47 9321
40 9348
42 9339
42 9263
42 9212
47 9269
42 9270
41 9289
41 9250
51 9291
41 9333
42 9294
44 9326
40 9308
47 9339
47 9351
47 9309
0 1
40 9309
57 9309
44 9319
53 9318
39 9345
62 9363
50 9326
47 9348
44 9323
45 9359
41 9339
41 9304
43 9297
46 9230
41 9239
42 9293
44 9266
46 9287
44 9412
43 9299
51 9337
44 9241
39 9222
45 9246
62 9250
55 9208
46 9239
47 9299
48 9345
47 9315
37 9202
39 9252
43 9331
41 9259
43 9325
42 9262
43 9299
45 9291
40 9287
46 9278
53 9257
50 9302
45 9305
71 9365
41 9305
69 9443
55 9347
46 9400
52 9270
62 9174
47 9277
39 9363
43 9347
46 9217
51 9286
51 9374
44 9284
53 9283
55 9338
64 9300
49 9261
43 9366
49 9269
49 9366
44 9293
38 9258
62 9258
29 2
41 9290
38 9287
44 9363
39 9269
38 9269
40 9324
52 9271
50 9374
87 9316
42 9338
39 9384
44 9287
45 9228
46 9322
48 9330
48 9337
47 9244
46 9260
41 9307
46 9305
47 9269
44 9182
42 9266
49 9282
47 9346
52 9336
53 9201
44 9338
43 9322
46 9266
55 9286
45 9220
41 9279
50 9243
46 9292
45 9275
45 9315
50 9256
45 9185
43 9273
40 9313
48 9231
44 9299
44 9281
92 9339
56 9358
48 9269
45 9289
39 9291
0 1
46 9419
44 9339
50 9228
46 9296
49 9249
58 9236
49 9323
42 9249
49 9253
47 9350
43 9249
44 9273
47 9252
42 9329
50 9335
46 9249
42 9262
47 9373
46 9240
41 9240
74 9269
48 9259
63 9254
47 9240
64 9289
49 9251
41 9282
45 9344
51 9303
53 9227
45 9291
49 9276
40 9201
47 9278
42 9248
48 9371
78 9272
42 9278
49 9292
41 9319
45 9353
51 9274
46 9242
51 9277
51 9289
45 9296
89 9356
54 9352
44 9329
42 9277
43 9309
39 9283
40 9319
41 9317
36 9309
55 9281
41 9332
46 9236
43 9325
46 9267
48 9289
42 9263
39 9328
55 9238
45 9264
41 9316
67 9298
57 9247
43 9419
49 9347
55 9305
47 9208
59 9331
50 9326
55 9243
47 9272
50 9250
60 9321
43 9299
39 9282
47 9239
53 9333
50 9296
58 9207
48 9329
53 9252
53 9282
40 9261
44 9320
40 9296
42 9284
46 9213
40 9323
47 9322
59 9290
48 9242
52 9328
56 9338
47 9273
62 9300
47 9274
39 9312
42 9327
48 9252
42 9362
43 9197
48 9168
40 9274
40 9238
40 9335
38 9258
0 1
71 9261
40 9262
42 9297
43 9321
41 9327
41 9280
44 9259
57 9314
44 9309
44 9292
46 9291
47 9218
45 9293
44 9284
43 9254
42 9232
52 9235
58 9325
53 9277
44 9269
53 9350
41 9302
46 9275
40 9320
42 9227
47 9321
39 9219
43 9272
40 9338
50 9313
40 9331
48 9357
50 9299
56 9305
50 9235
49 9254
53 9190
46 9364
45 9311
50 9290
55 9344
43 9284
43 9447
41 9324
47 9310
45 9392
48 9337
52 9255
41 9326
46 9204
51 9341
62 9266
41 9339
43 9233
45 9301
45 9297
40 9254
55 9315
68 9285
43 9376
43 9271
40 9365
41 9171
71 9324
48 9213
42 9265
43 9357
56 9290
61 9319
41 9350
47 9317
39 9276
42 9335
42 9278
43 9338
48 9249
0 1
44 9296
42 9311
42 9330
54 9311
89 9250
0 1
40 9214
38 9335
40 9231
44 9252
40 9234
53 9223
55 9342
46 9324
47 9414
42 9341
43 9297
46 9250
47 9271
44 9258
49 9310
42 9290
48 9259
43 9226
48 9317
50 9272
50 9281
45 9302
45 9305
55 9302
47 9292
44 9352
74 9273
64 9334
48 9300
51 9396
54 9318
41 9259
41 9300
42 9282
39 9307
47 9255
48 9260
42 9267
47 9315
43 9195
51 9333
57 9204
68 9296
43 9350
43 9403
43 9325
46 9306
45 9348
42 9239
81 9298
52 9306
75 9291
43 9262
38 9332
42 9194
44 9247
45 9335
44 9267
39 9329
40 9250
41 9219
45 9233
52 9291
44 9294
59 9283
41 9233
41 9335
45 9299
49 9249
49 9270
46 9320
79 9328
43 9290
41 9292
41 9234
41 9361
48 9278
44 9299
42 9294
40 9357
78 9267
46 9295
48 9258
45 9321
45 9288
47 9309
46 9209
47 9326
45 9292
49 9476
44 9243
45 9349
53 9274
45 9275
48 9261
47 9305
62 9217
49 9242
41 9342
49 9254
40 9234
48 9324
46 9295
73 9265
42 9251
44 9232
49 9309
49 9306
48 9309
44 9275
42 9342
45 9282
50 9332
42 9236
0 1
0 1
51 9282
47 9426
70 9227
42 9235
44 9151
48 9307
53 9233
39 9372
42 9301
50 9276
53 9251
46 9306
51 9368
56 9367
48 9292
53 9236
46 9315
47 9302
57 9251
66 9296
0 1
52 9238
40 9198
43 9290
44 9337
48 9280
44 9340
47 9285
48 9277
72 9417
57 9305
42 9316
49 9259
43 9360
47 9296
42 9292
43 9182
41 9183
47 9286
47 9235
55 9288
43 9238
55 9282
46 9277
44 9315
48 9357
62 9383
56 9211
0 1
43 9255
43 9350
43 9274
46 9265
50 9270
46 9308
44 9309
64 9283
59 9266
44 9227
46 9210
51 9320
49 9306
42 9248
44 9323
47 9220
45 9231
53 9251
50 9313
54 9223
0 1
42 9266
53 9223
50 9310
45 9364
42 9375
44 9360
45 9291
42 9313
39 9295
42 9260
46 9340
47 9300
52 9275
98 9272
17 3
57 9257
63 9249
70 9243
58 9350
52 9245
40 9358
50 9298
41 9308
67 9299
52 9313
47 9331
44 2
39 9265
55 9212
60 9220
43 9317
51 9219
59 9288
49 9216
45 9277
44 9270
52 9234
44 9373
49 9280
57 9345
83 9202
49 9383
55 9326
65 9299
68 9274
55 9307
55 9193
42 9352
47 9255
48 9234
46 9297
56 9365
42 9288
45 9251
65 9268
43 9294
63 9361
43 9245
47 9303
53 9378
55 9267
43 9419
50 9282
49 9323
41 9249
67 9289
45 9281
44 9374
46 9292
52 9377
49 9268
61 9254
62 9385
57 9284
70 9296
47 9304
52 9262
63 9308
55 9278
77 9311
67 9283
62 9241
46 9290
49 9288
42 9340
42 9297
44 9278
40 9300
43 9296
97 9222
41 9327
54 9305
51 9338
38 9305
44 9351
43 9251
54 9248
51 9304
43 9330
46 9241
83 9276
53 9304
44 9332
48 9285
50 9345
65 9231
51 9303
46 9255
56 9297
49 9301
46 9255
44 9298
108 9303
48 9345
45 9271
44 9215
45 9270
38 9256
48 9342
46 9287
46 9297
70 9320
48 9322
63 9178
48 9355
54 9338
46 9323
41 9273
81 9275
59 9288
53 9372
55 9293
63 9268
61 9283
57 9338
58 9312
60 9295
52 9260
81 9269
42 9345
64 9214
50 9382
50 9326
76 9342
61 9298
67 9349
63 9297
45 9291
45 9265
64 9279
47 9247
48 9236
60 9397
49 9307
39 9268
44 9257
41 9225
42 9324
39 9268
44 9227
104 9354
89 9370
44 9299
47 9248
45 9344
45 9306
52 9273
45 9260
47 9260
44 9248
74 9330
48 9294
41 9258
44 9225
36 9320
45 9311
68 9311
56 9346
42 9325
0 1
39 9277
42 9414
47 9285
47 9194
43 9247
51 9233
41 9286
44 9274
44 9208
42 9262
46 9362
50 9314
40 9300
52 9268
42 9344
65 9357
41 9246
48 9301
40 9435
46 9292
41 9366
36 9263
42 9323
42 9255
41 9236
40 9268
43 9343
47 9287
41 9281
45 9267
66 9204
47 9322
51 9296
40 9250
37 9356
46 9343
43 9343
40 9319
42 9278
47 9299
42 9212
43 9354
43 9287
65 9289
48 9337
36 9302
41 9275
41 9317
38 9322
42 9234
44 9307
45 9247
45 9123
43 9293
43 9333
46 9358
45 9308
39 9249
0 1
43 9296
41 9245
43 9301
44 9329
46 9373
40 9384
44 9280
43 9243
47 9285
65 9301
44 9285
48 9187
78 9188
44 9261
70 9298
62 9340
43 9290
46 9238
47 9273
41 9322
38 9253
43 9313
48 9405
47 9272
47 9251
42 9312
43 9384
46 9372
46 9396
45 9288
42 9345
42 9320
42 9276
40 9266
42 9315
44 9251
45 9258
39 9344
39 9239
50 9285
0 1
0 1
51 9267
45 9296
74 9255
52 9269
41 9282
41 9271
42 9345
48 9269
49 9336
58 9310
44 9277
49 9342
45 9288
47 9258
49 9264
50 9180
56 9322
49 9289
53 9330
76 9317
67 9370
56 9229
70 9334
48 9253
39 9330
41 9277
43 9267
56 9280
46 9286
51 9243
48 9347
44 9338
54 9278
52 9329
51 9304
68 9417
40 9287
48 9320
56 9276
41 9238
82 9314
104 9276
44 9329
40 9324
52 9387
48 9276
45 9341
47 9302
43 9245
52 9265
52 9223
43 9346
62 9259
46 9279
43 9289
46 9313
53 9297
45 9241
61 9296
49 9233
41 9283
56 9241
46 9239
44 9315
44 9269
52 9298
43 9265
43 9313
45 9227
44 9330
43 9294
49 9270
48 9299
58 9361
47 9253
59 9359
40 9300
55 9247
45 9393
50 9248
40 9257
43 9314
40 9194
45 9325
45 9301
44 9247
41 9245
44 9245
40 9243
47 9275
43 9316
42 9195
46 9263
40 9247
40 9295
43 9372
40 9225
46 9310
43 9218
41 9347
40 9283
49 9327
49 9304
42 9275
42 9306
41 9297
39 9243
44 9300
42 9267
47 9319
43 9293
39 9286
42 9199
45 9188
48 9244
42 9245
54 2
49 9321
90 9181
47 9264
44 9306
46 9359
44 9195
44 9295
45 9269
47 9206
46 9209
43 9243
45 9243
48 9263
47 9309
44 9322
45 9338
41 9277
46 9225
48 9266
46 9349
46 9225
45 9249
43 9200
54 9312
58 9274
62 9241
52 9250
43 9356
47 9304
38 9272
41 9238
44 9219
45 9352
47 9250
47 9394
62 9243
0 1
48 9249
47 9211
49 9192
45 9209
47 9395
44 9243
39 9267
41 9289
40 9251
47 9331
43 9284
44 9267
50 9222
44 9246
38 9308
63 9363
55 9380
43 9226
38 9266
37 9317
43 9251
46 9292
40 9253
51 9291
50 9308
45 9370
45 9270
50 9311
49 9229
0 1
46 9353
1 2
46 9293
47 9265
0 1
50 9319
47 9245
54 9267
42 9252
41 9247
43 9264
0 1
45 9235
40 9370
42 9291
54 9262
45 9268
49 9334
53 9320
50 9312
40 9343
46 9307
51 9298
73 9238
89 9273
84 9345
0 1
46 9265
48 9226
51 9275
45 9279
53 9319
53 9354
53 9312
82 9276
62 9278
46 9330
68 9283
47 9281
47 9268
47 9289
46 9266
41 9201
40 9295
39 9246
44 9375
0 1
45 9180
43 9365
46 9304
52 9317
45 9385
45 9233
43 9387
48 9281
39 9292
47 9213
49 9291
46 9198
52 9297
44 9325
44 9353
49 9335
65 9353
52 9232
69 9311
45 9365
59 9285
48 9386
44 9267
44 9195
39 9348
49 9211
44 9353
45 9164
52 9307
49 9365
48 9212
63 9274
52 9267
41 9321
42 9253
38 9253
43 9322
58 9339
45 9341
48 9257
39 9269
48 9306
43 9252
53 9236
45 9272
38 9280
37 9282
48 9301
90 9227
53 9383
56 9259
56 9356
52 9258
51 9311
0 1
47 9332
42 9269
43 9218
43 9289
48 9215
65 9259
47 9295
48 9209
40 9266
62 3
64 9291
42 9308
44 9326
38 9227
40 9273
3 2
173 9260
55 9261
47 9276
46 9330
47 9247
51 9236
50 9260
42 9296
38 9284
66 9354
82 9279
47 9333
70 9236
67 9323
65 9321
38 9277
42 9268
41 9283
43 9277
43 9311
43 9359
51 9306
47 9280
55 9285
46 9261
39 9313
38 9244
50 9299
57 9248
44 9249
48 9303
58 9308
54 9298
47 9254
49 9281
45 9318
43 9299
55 9240
40 9144
42 9311
51 9222
43 9298
49 9274
42 9340
0 1
48 9296
41 9263
43 9341
66 9254
66 9340
61 9284
60 9324
56 9269
50 9291
48 9321
63 9303
50 9266
48 9365
48 9246
41 9343
47 9244
55 9387
43 9339
49 9402
44 9279
48 9243
45 9286
44 9332
42 9336
42 9309
39 9292
44 9248
44 9318
41 9351
43 9245
47 9254
44 9228
48 9366
45 9324
48 9282
56 9314
57 9344
56 9274
46 9244
47 9230
42 9287
48 9325
55 9330
39 9339
41 9218
45 9258
45 9201
70 9270
72 9293
45 9285
71 9383
47 9313
42 9287
46 9234
47 9277
46 9243
44 9335
43 9334
44 9210
49 9299
0 1
44 9287
49 9303
54 9351
52 9301
0 1
63 9273
41 9302
56 9304
55 9257
71 9274
44 9306
44 9254
46 9283
49 9370
38 9393
43 9375
77 9262
72 9270
82 9322
48 9282
50 9291
44 9321
44 9317
41 9225
39 9217
40 9295
39 9263
53 9332
0 1
80 9302
58 9210
42 9266
46 9278
43 9297
72 9337
64 9373
53 9292
57 9392
65 9293
75 9308
63 9311
75 9232
81 9287
55 9293
60 9287
59 9257
54 9339
73 9278
43 9389
49 9328
42 9291
44 9293
40 9359
60 9260
44 9227
45 9298
43 9249
52 9301
43 9253
40 9312
49 9372
47 9301
47 9253
41 9327
63 9371
55 9321
44 9329
56 9238
53 9235
44 9311
46 9342
46 9319
44 9337
56 9376
42 9275
47 9344
48 9230
47 9397
40 9317
71 9227
44 9313
0 1
42 9326
50 9261
54 9324
51 9259
52 9224
54 9346
41 9305
44 9317
56 9252
43 9319
45 9309
47 9345
60 9294
40 9347
0 1
44 9238
47 9264
42 9259
44 9323
48 9219
54 9248
46 9292
50 9340
48 9318
52 9223
50 9281
48 9279
50 9241
45 9255
56 9273
46 9275
47 9306
52 9358
49 9357
59 9264
58 9318
49 9268
81 9312
43 9221
42 9250
40 9289
61 9253
41 9239
46 9288
41 9285
47 9290
42 9168
43 9306
44 9339
59 9309
43 9297
42 9255
53 9301
56 9345
45 9304
44 9313
44 9289
57 9299
47 9307
40 9210
44 9329
45 9186
44 9201
44 9373
45 9271
43 9359
46 9388
59 9262
75 9332
50 9348
44 9282
41 9342
58 9322
43 9295
37 9326
44 9280
43 9268
52 9302
42 9239
60 9253
63 9273
56 9282
47 9212
45 9229
51 9256
53 9295
54 9310
43 9260
41 9256
45 9302
54 9288
52 9207
51 9331
51 9215
57 9374
54 9367
66 9330
72 9325
43 9343
45 9289
45 9304
44 9307
42 9277
73 9290
0 1
41 9289
49 9334
45 9223
41 9290
56 9264
42 9276
54 9250
45 9253
44 9355
39 9203
71 9265
44 9249
42 9276
55 9339
45 9189
53 9254
87 9252
56 9305
65 9287
51 9271
50 9256
67 9274
66 9333
54 9264
41 9176
7 2
48 9307
44 9319
39 9267
64 9411
49 9212
39 9295
49 9328
43 9324
44 9302
47 9180
48 9319
63 9386
57 9273
59 9233
48 9350
42 9220
48 9284
56 9323
42 9291
41 9270
49 9346
53 9247
80 9331
0 1
43 9167
54 9289
44 9370
41 9376
41 9375
48 9223
43 9438
52 9258
42 9290
42 9357
40 9252
40 9261
41 9217
58 9257
45 9279
47 9324
50 9243
39 9308
45 9263
43 9351
41 9260
40 9308
41 9211
42 9344
62 9387
44 9313
51 9277
44 9241
44 9269
71 9269
46 9309
55 9269
78 9273
54 9305
62 9281
50 9301
45 9272
53 9254
63 9332
45 9345
46 9307
39 9230
59 9281
45 9320
56 9343
46 9387
57 9307
39 9259
36 9238
45 9318
42 9318
39 9328
39 9302
42 9327
45 9339
43 9250
47 9273
43 9248
43 9335
48 9336
40 9256
40 9290
47 9318
44 9376
41 9299
44 9301
41 9264
45 9268
41 9288
38 9246
57 9269
46 9177
41 9384
57 9302
46 9320
47 9224
43 9231
46 9288
40 9255
41 9339
40 9323
63 9353
43 9309
42 9286
44 9313
45 9259
51 9253
55 9221
46 9250
42 9265
45 9299
46 9279
104 9309
38 9334
53 9177
55 9371
44 9189
47 9325
45 9303
40 9288
46 9313
47 9201
57 9333
46 9213
48 9273
0 1
39 9197
43 9336
41 9267
51 9222
48 9326
48 9334
45 9276
67 9316
55 9208
42 9370
41 9277
46 9318
43 9308
42 9301
42 9288
49 9372
37 9313
44 9277
41 9260
51 9222
45 9283
55 9301
46 9284
50 9224
56 9282
86 9289
77 9381
45 9217
41 9252
42 9316
47 9358
71 9308
40 9340
41 9338
44 9275
47 9258
50 9250
52 9350
48 9303
46 9355
51 9255
41 9318
49 9287
55 9208
40 9342
43 9263
46 9265
53 9221
56 9274
42 9297
45 9292
44 9268
44 9341
42 9228
43 9299
49 9257
42 9274
51 9335
44 9334
69 9279
47 9259
42 9267
42 9272
45 9348
43 9303
48 9367
43 9331
48 9343
43 9272
48 9311
55 9273
44 9310
39 9326
42 9387
49 9312
44 9318
45 9349
44 9269
39 9223
72 9381
44 9322
45 9242
41 9345
69 9339
46 9273
59 9244
39 9305
39 9271
38 9361
42 9234
41 9254
52 9296
47 9226
42 9271
60 9283
46 9363
39 9353
40 9402
113 9356
57 9344
40 9304
49 9243
52 9335
46 9316
57 9256
82 9334
59 9301
54 9274
58 9346
47 9295
48 9308
43 9299
64 9339
44 9254
44 9285
42 9263
53 9358
58 9197
41 9283
45 9328
43 9309
39 9341
0 1
40 9278
45 9396
40 9295
54 9255
46 9348
41 9293
52 9290
46 9335
42 9400
38 9266
41 9315
41 9217
43 9353
49 9305
44 9308
50 9297
44 9271
76 9274
45 9268
44 9329
50 9270
61 9266
45 9357
42 9253
41 9273
71 9304
74 9201
47 9263
50 9272
44 9226
50 9245
47 9263
48 9258
50 9352
53 9333
44 9244
52 9247
46 9312
82 9363
74 9327
43 9303
49 9291
44 9267
38 9308
0 1
69 9376
42 9344
45 9287
40 9281
0 1
49 9231
43 9242
43 9293
40 9298
44 9314
64 9275
44 9329
49 9263
43 9286
44 9280
39 9338
67 9270
38 9246
46 9286
39 9245
46 9345
50 9200
0 1
41 9346
45 9300
41 9360
40 9226
42 9227
40 9331
44 9232
43 9314
51 9292
43 9257
44 9272
48 9328
43 9386
45 9310
0 1
40 9283
42 9286
49 9272
41 9232
46 9280
41 9193
38 9267
47 9362
70 9204
40 9209
51 9331
39 9216
41 9231
37 9242
50 9286
51 9218
48 9259
49 9294
43 9265
43 9320
45 9264
44 9236
42 9320
45 9322
49 9198
39 9285
42 9270
43 9297
0 1
3 2
41 9284
47 9266
41 9308
40 9153
55 9296
44 9240
47 9396
41 9173
44 9307
0 1
51 9238
41 9297
46 9301
41 9263
49 9319
57 9252
75 9276
39 9348
48 9289
40 9302
49 9307
43 9246
45 9282
48 9252
47 9332
63 9290
44 9285
49 9252
44 9295
47 9254
46 9252
38 9209
52 9280
96 9305
40 9237
56 9348
0 1
56 9269
48 9294
48 9283
47 9292
54 9296
52 9258
60 9318
49 9331
44 9360
53 9272
45 9292
42 9368
50 9373
46 9312
54 9307
50 9299
46 9335
89 9280
42 9294
47 9295
47 9376
51 9316
60 9287
43 9276
57 9323
49 9203
82 9206
44 9272
46 9274
40 9252
39 9306
43 9261
40 9230
43 9198
50 9289
0 1
53 9300
42 9324
61 9323
43 9316
44 9295
41 9278
43 9320
38 9289
56 9256
48 9281
41 9324
47 9298
39 9276
73 9218
44 9277
44 9324
49 9264
39 9284
47 9310
46 9364
48 9280
48 9266
59 9242
48 9354
49 9255
48 9209
49 9299
52 9312
45 9372
45 9246
42 9285
52 9315
47 9275
0 1
64 9280
48 9339
43 9335
84 9243
99 9285
48 9280
47 9327
47 9224
0 1
48 9281
44 9317
53 9307
41 9209
52 9284
59 9318
76 9318
45 9256
40 9305
83 9340
42 9278
40 9244
47 9262
48 9313
65 9250
63 9306
62 9321
42 9297
87 9386
54 9334
0 1
57 9288
47 9288
45 9262
47 9295
48 9229
48 9253
44 9216
49 9220
43 9305
42 9237
50 9303
42 9261
50 9308
44 9314
43 9283
45 9245
51 9286
42 9251
53 9273
41 9337
44 9269
43 9336
41 9297
43 9327
54 9367
40 9290
69 9323
40 9267
68 9244
50 9209
51 9312
43 9260
43 9313
44 9260
54 9277
50 9290
46 9269
42 9351
44 9186
43 9290
45 9291
49 9278
43 9300
56 9231
0 1
63 9355
43 9340
47 9247
45 9323
50 9324
45 9308
60 9259
45 9310
41 9303
46 9226
43 9272
52 9226
49 9251
38 9263
40 9394
73 9291
51 9218
66 9260
42 9380
48 9393
57 9316
48 9393
38 9349
53 9334
47 9211
49 9216
52 9347
60 9303
50 9270
0 1
0 1
56 9301
52 9337
42 9213
46 9294
51 9264
46 9267
107 9323
49 9273
55 9379
54 9291
58 9268
55 9289
70 9324
51 9319
42 9317
45 9373
48 9362
44 9352
47 9303
42 9230
50 9245
41 9256
44 9190
41 9306
66 9279
42 9343
41 9274
40 9337
64 9355
42 9306
42 9276
51 9292
46 9224
44 9289
39 9223
49 9264
42 9193
41 9300
42 9244
41 9377
44 9293
42 9307
46 9227
40 3
93 9261
2 3
59 9297
50 9256
43 9277
75 9346
45 9259
55 9201
47 9219
40 9298
54 9349
47 9291
42 9244
45 9351
74 9336
46 9339
47 9243
46 9257
57 9249
46 9222
40 9288
42 9314
46 9295
48 9321
44 9349
48 9224
62 9239
47 9217
40 9334
38 9284
53 9277
48 9327
40 9285
43 9290
47 9303
43 9258
40 9291
56 9304
44 9309
52 9271
53 9195
42 9325
52 9263
40 9376
47 9359
54 9222
58 9234
54 9256
85 9351
51 9269
43 9291
56 9320
49 9240
49 9250
48 9280
47 9269
46 9344
41 9367
42 9322
43 9315
43 9332
40 9307
46 9282
52 9336
41 9388
48 9232
51 9286
41 9285
67 9288
42 9276
47 9262
59 9313
60 9311
46 9314
45 9249
57 9256
47 9305
0 1
38 9290
50 9262
52 9312
43 9238
56 9195
45 9267
46 9261
47 9292
81 9295
123 9287
37 9314
51 9245
38 9256
48 9341
42 9358
51 9278
46 9244
43 9344
45 9328
47 9287
41 9335
47 9243
40 9299
70 9255
41 9219
40 9339
53 9292
48 9350
56 9296
42 9284
67 9250
42 9368
48 9298
48 9305
44 9282
43 9366
43 9298
44 9281
41 9267
0 1
49 9242
48 9280
60 9303
48 9290
38 9219
57 9241
61 9275
55 9192
44 9335
41 9337
104 9327
47 9256
67 9361
50 9343
62 9225
45 9234
49 9323
56 9258
45 9242
73 9288
55 9263
42 9308
43 9274
62 9322
0 1
56 9314
0 1
52 9257
51 9287
58 9338
65 9238
45 9271
51 9273
58 9261
75 9288
43 9310
45 9385
39 9393
37 9267
39 9269
46 9312
46 9212
42 9323
42 9281
42 9277
43 9330
40 9261
42 9258
39 9323
42 9334
59 9341
50 9251
44 9292
57 9316
48 9312
60 9271
94 9323
48 9274
41 9340
44 9350
44 9257
64 9312
46 9337
42 9244
44 9254
43 9242
47 9289
62 9323
49 9297
50 9320
63 9293
54 9242
45 9262
46 9274
59 9255
53 9306
51 9230
45 9372
52 9342
45 9331
53 9264
53 9289
48 9230
70 9214
43 9267
164 9246
67 9312
49 9251
43 9272
41 9335
45 9277
37 9279
42 9281
46 9310
0 1
44 9244
46 9267
44 9249
42 9283
45 9396
48 9224
45 9387
47 9294
43 9399
46 9230
51 9193
56 9250
43 9262
46 9306
0 1
44 9253
41 9217
56 9321
44 9268
43 9315
45 9250
53 9359
54 9240
44 9214
47 9353
40 9266
72 9330
47 9255
45 9368
44 9387
47 9206
50 9361
63 9262
51 9340
50 9277
54 9229
54 9274
70 9285
58 9323
69 9392
76 9349
49 9283
41 9221
49 9345
50 9208
44 9277
54 9249
43 9257
54 9234
45 9346
68 9329
40 9299
43 9285
43 9246
46 9256
43 9290
44 9302
44 9270
48 9260
41 9296
47 9284
40 9266
0 1
48 9296
56 9279
45 9255
64 9305
41 9314
47 9299
46 9260
42 9328
47 9219
45 9289
44 9394
39 9239
62 9274
52 9340
44 9317
47 9284
46 9228
47 9283
48 9324
57 9270
46 9196
43 9284
47 9321
39 9323
39 9378
46 9320
44 9280
49 9328
47 9233
44 9312
45 9281
42 9363
64 9264
45 9293
45 9282
58 9328
44 9257
47 9254
60 9282
40 9328
46 9288
54 9267
41 9310
52 9313
46 9293
50 9296
48 9273
43 9308
49 9333
41 9258
41 9254
43 9263
43 9336
61 9346
43 9201
60 9318
42 9301
56 9327
45 9295
46 9261
47 9261
45 9237
46 9293
61 9294
83 9338
104 9249
49 9187
72 9223
0 1
45 9306
56 9349
65 9266
46 9284
43 9305
46 9367
55 9329
42 9374
51 9258
64 9343
66 9286
37 9325
49 9347
43 9311
54 9324
41 9355
47 9318
39 9214
46 9250
41 9364
46 9283
42 9330
38 9188
54 9332
43 9333
54 9184
44 9303
46 9236
53 9261
49 9276
62 9273
57 9219
61 9324
59 9220
54 9328
41 9284
55 9428
37 9325
39 9263
41 9265
43 9333
41 9324
58 9248
50 9250
51 9298
47 9359
46 9361
47 9271
41 9262
48 9302
49 9321
47 9282
50 9252
58 9304
50 9245
78 9360
58 9273
0 1
69 9249
68 9192
43 9271
41 9320
47 9218
43 9387
46 9227
43 9256
41 9233
42 9196
41 9272
40 9282
47 9237
40 9247
49 9331
37 9248
43 9300
0 1
48 9299
39 9244
42 9274
42 9301
52 9312
41 9292
41 9312
42 9301
46 9343
45 9274
47 9337
45 9255
41 9229
47 9290
82 9305
55 9300
49 9255
50 9292
49 9316
54 9339
55 9437
50 9238
48 9302
61 9246
46 9298
51 9224
46 9349
45 9296
42 9229
40 9226
47 9280
43 9350
40 9233
49 9289
45 9319
53 9307
45 9303
54 9300
136 9253
38 9360
46 9313
44 9316
47 9217
69 9280
104 9287
0 1
43 9245
39 9326
44 9310
52 9250
58 9256
48 9324
46 9314
2 2
50 9299
77 9240
53 9316
42 9353
49 9309
69 9255
45 9220
0 1
11 2
47 9232
49 9335
50 9238
43 9315
66 9291
41 9327
67 9296
43 9294
48 9288
55 9228
47 9301
45 9263
56 9281
44 9325
55 9304
54 9295
50 9278
67 9290
46 9264
52 9367
42 9324
42 9316
46 9274
56 9359
42 9351
43 9356
45 9385
50 9270
55 9324
44 9280
50 9265
47 9258
62 9302
52 9265
54 9305
95 9293
45 9316
41 9286
62 9316
46 9287
45 9306
51 9227
41 9363
50 9282
46 9315
54 9273
43 9199
43 9270
19 3
46 9284
43 9244
66 9324
42 9252
43 9271
65 9274
61 9329
49 9361
43 9287
0 1
51 9276
41 9268
44 9354
42 9342
46 9316
50 9223
40 9278
45 9277
43 9219
48 9166
52 9306
49 9319
56 9346
46 9238
39 9331
43 9175
59 9288
57 9239
44 9248
47 9237
53 9308
53 9350
45 9287
53 9290
69 9308
72 9330
77 9296
43 9209
41 9281
42 9309
41 9266
41 9349
41 9263
48 9356
38 9349
44 9247
45 9285
48 9313
58 9293
45 9322
49 9253
48 9302
72 9336
56 9294
50 9232
50 9230
49 9308
49 9312
144 9340
6 2
77 9383
49 9328
64 9238
50 9228
48 9257
49 9269
92 9351
49 9254
69 9289
58 9314
41 9282
49 9336
48 9303
73 9310
62 9247
59 9313
72 9223
81 9342
60 9341
57 9260
3 2
52 9266
46 9300
41 9279
46 9322
48 9336
47 9344
45 9224
56 9287
44 9288
46 9287
46 9323
50 9288
50 9411
53 9241
42 9282
50 9320
52 9270
54 9374
47 9305
42 9308
47 9277
41 9303
43 9255
43 9333
38 9285
76 9345
42 9316
42 9288
42 9327
43 9214
39 9333
52 9281
43 9302
45 9218
43 9313
40 9284
42 9319
0 1
60 9144
42 9370
41 9358
45 9336
63 9285
45 9306
45 9267
44 9290
116 9317
0 1
75 9273
58 9320
52 9251
53 9339
51 9315
53 9240
59 9264
42 9300
46 9322
44 9296
42 9287
47 9319
44 9205
58 9256
42 9416
48 9305
98 9325
103 9279
48 9287
44 9260
53 9352
42 9303
40 9247
45 9228
45 9434
45 9253
0 1
47 9245
42 9261
41 9259
42 9249
40 9202
44 9322
50 9291
54 9227
59 9345
50 9333
46 9381
46 9260
59 9282
43 9357
43 9273
48 9361
121 9347
0 1
45 9208
40 9360
46 9349
46 9269
59 9266
44 9364
45 9339
44 9295
40 9289
43 9316
48 9389
42 9323
70 9327
48 9307
43 9250
39 9248
52 9308
48 9290
96 9326
49 9276
47 9423
49 9195
79 9303
50 9267
52 9277
53 9214
17 4
45 9247
42 9315
92 9271
53 9271
47 9360
44 9392
49 9294
43 9313
45 9387
58 9389
40 9287
50 9308
42 9300
40 9252
56 9298
52 9232
54 9335
48 9297
40 9316
46 9386
52 9226
57 9219
50 9201
43 9278
46 9262
44 9264
45 9239
46 9269
42 9325
60 9275
51 9276
45 9361
45 9220
44 9362
53 9316
42 9266
63 9249
50 9244
54 9384
61 9272
73 9229
64 9279
53 9352
67 9182
45 9264
1 2
48 9343
46 9342
45 9168
52 9261
43 9268
46 9178
58 9283
51 9249
12 3
51 9352
47 9203
49 9315
71 9311
47 9368
43 9319
43 9264
45 9376
49 9374
49 9307
44 9203
53 9273
44 9244
73 9272
62 9370
50 9311
59 9255
49 9171
55 9329
43 9258
58 9410
54 9269
55 9345
46 9271
44 9305
51 9268
51 9168
50 9368
47 9305
52 9388
50 9225
48 9292
50 9291
58 9192
59 9263
51 9298
45 9167
45 9261
64 9275
48 9279
59 9256
42 9234
51 9156
53 9407
48 9261
52 9375
49 9211
56 9236
57 9211
51 9229
58 9246
70 9210
59 9270
79 9295
67 9263
72 9250
50 9303
40 9247
46 9303
0 1
56 9319
44 9276
40 9286
51 9299
47 9234
47 9224
48 9277
43 9278
45 9365
119 9318
77 9273
42 9269
49 9286
30 3
61 9298
50 9302
52 9273
98 9315
43 9356
42 9306
56 9380
55 9287
64 9330
44 9267
44 9328
53 9248
52 9294
44 9334
43 9276
46 9258
51 9301
56 9257
52 9270
48 9322
44 9281
48 9297
51 9266
0 1
47 9394
50 9299
51 9354
51 9307
56 9226
51 9234
52 9206
46 9299
49 9295
43 9397
46 9278
48 9223
48 9324
47 9315
43 9320
85 9343
49 9325
60 9231
51 9385
46 9314
47 9295
53 9172
55 9289
44 9255
0 1
40 9234
58 9330
50 9221
125 9334
61 9330
44 9292
50 9286
46 9223
44 9300
38 9240
60 9264
43 9274
43 9201
56 9305
97 9335
57 9290
43 9190
62 9268
45 9317
45 9293
91 9313
104 9364
55 9235
42 9262
44 9330
49 9285
48 9248
47 9272
109 9239
56 9352
17 3
51 9271
47 9345
54 9289
46 9334
49 9335
55 9234
43 9295
44 9318
48 9270
53 9264
75 9285
69 9294
43 9224
78 9409
54 9299
54 9271
47 9242
65 9334
54 9333
38 9240
57 9280
44 9233
54 9256
45 9270
47 9284
51 9277
47 9227
43 9264
46 9298
42 9346
58 9264
43 9223
45 9303
108 9376
39 9381
45 9283
55 9285
41 9255
40 9240
48 9194
64 9317
52 9246
43 9274
57 9205
48 9246
43 9258
45 9288
43 9283
47 9259
120 9276
67 9309
45 9288
48 9307
46 9296
52 9214
43 9353
50 9316
46 9253
58 9265
61 9253
67 9337
72 9263
69 9255
60 9290
44 9379
42 9269
41 9373
45 9333
66 9307
63 9286
45 9308
48 9362
77 9276
45 9245
39 9310
46 9290
60 9339
51 9305
39 9189
71 9305
44 9353
46 9286
50 9271
46 9230
41 9309
58 9219
44 9276
47 9353
45 9329
48 9384
40 9313
42 9254
47 9263
39 9245
41 9301
44 9313
43 9370
43 9284
40 9301
67 9245
46 9289
47 9271
79 9330
46 9278
44 9256
38 9306
40 9348
66 9317
43 9238
56 9208
53 9280
42 9289
44 9322
62 9301
50 9329
41 9287
48 9246
39 9293
43 9312
47 9272
56 9315
46 9301
65 9256
42 9363
72 9347
46 9206
0 1
59 9219
46 9289
56 9283
96 9272
53 9321
49 9264
75 9226
47 9386
59 9296
62 9326
43 9361
43 9324
41 9332
43 9295
44 9304
44 9277
44 9214
44 9279
42 9377
48 9228
86 9319
179 9371
148 9325
53 9317
42 9298
46 9270
41 9317
46 9318
0 1
41 9295
56 9277
44 9323
47 9317
39 9163
50 9275
45 9271
39 9292
74 9348
48 9374
49 9243
44 9308
49 9274
63 9277
50 9278
63 9321
44 9283
147 9304
48 9206
42 9227
55 9274
43 9261
45 9353
51 9272
46 9298
50 9228
49 9268
47 9337
43 9290
44 9283
43 9375
76 9262
0 1
49 9308
44 9226
44 9286
44 9400
59 9258
44 9285
47 9250
45 9238
44 9251
52 9272
43 9322
43 9300
74 9257
45 9309
49 9360
58 9183
52 9252
73 9215
58 9273
62 9302
55 9287
50 9327
64 9272
47 9320
43 9263
50 9243
43 9346
68 9294
62 9330
41 9275
42 9277
55 9301
44 9332
45 9249
43 9243
41 9187
46 9271
46 9322
0 1
42 9351
46 9281
46 9370
53 9304
57 9379
64 9314
88 9259
50 9214
46 9194
49 9356
47 9348
45 9206
50 9265
48 9365
63 9298
48 9285
43 9271
83 9230
0 1
57 9273
39 9244
47 9220
55 9291
104 9257
56 9375
46 9228
43 9387
64 9274
55 9278
74 9245
50 9302
54 9369
49 9265
41 9380
51 9287
109 9335
54 9251
45 9337
43 9285
52 9190
46 9308
41 9320
58 9330
49 9278
49 9295
49 9324
41 9268
50 9193
61 9284
44 9309
70 9274
81 9335
52 9326
0 1
44 9196
59 9355
47 9316
0 1
48 9260
42 9359
44 9349
89 9295
49 9303
61 9321
49 9304
54 9364
49 9295
0 1
66 9247
53 9234
0 1
48 9262
63 9426
71 9233
54 9386
42 9309
44 9300
48 9267
43 9246
91 9300
60 9351
62 9344
68 9338
66 9249
42 9349
46 9230
30 2
56 9268
52 9240
47 9266
105 9313
47 9326
41 9285
53 9342
48 9280
69 9301
51 9293
40 9279
42 9325
46 9214
57 9341
44 9270
43 9333
45 9201
39 9306
54 9288
48 9244
53 9252
50 9224
64 9304
50 9161
54 9219
61 9398
50 9343
42 9313
46 9245
61 9290
66 9229
45 9284
58 9346
49 9242
39 9377
44 9318
41 9274
46 9293
40 9331
48 9246
41 9325
40 9247
48 9260
46 9328
49 9290
54 9226
0 1
48 9403
51 9273
54 9355
45 9260
45 9235
52 9340
50 9198
0 1
47 9370
46 9230
46 9304
51 9278
47 9267
41 9260
46 9324
45 9276
47 9255
57 9258
47 9337
44 9322
47 9220
53 9255
0 1
2 2
48 9262
89 9275
53 9323
42 9308
39 9275
51 9276
43 9274
53 9341
46 9226
50 9324
43 9296
56 9257
39 9347
43 9270
43 9321
52 9385
47 9315
83 9304
50 9296
49 9213
53 9388
45 9336
55 9353
49 9340
51 9305
54 9315
42 9309
43 9254
56 9268
46 9352
40 9295
42 9313
49 9238
54 9358
57 9370
65 9345
46 9290
75 9261
44 9197
43 9275
43 9260
62 9289
50 9195
50 9293
62 9387
52 9240
64 9321
156 9238
132 9250
50 9272
60 9286
71 9351
59 9284
51 9266
46 9299
45 9266
52 9273
40 9275
45 9229
45 9280
43 9340
56 9325
44 9313
61 9356
0 1
70 9281
91 9282
52 9354
55 9209
64 9278
78 9249
49 9303
65 9226
39 9256
83 9278
49 9266
59 9285
48 9395
47 9318
50 9250
55 9279
54 9300
60 9201
67 9255
38 9318
51 9278
43 9292
60 9235
40 9337
44 9188
74 9275
63 9377
56 9348
45 9250
47 9271
40 9313
65 9344
0 1
44 9286
57 9327
42 9303
48 9187
46 9330
57 9295
61 9338
0 1
52 9381
53 9296
43 9323
40 9266
44 9255
40 9295
38 9281
45 9245
40 9315
42 9302
39 9393
43 9261
45 9211
56 9289
88 9307
60 9404
43 9227
50 9325
50 9241
46 9275
60 9253
51 9307
50 9320
45 9377
47 9307
57 9295
73 9285
53 9271
54 9258
53 9365
45 9249
51 9230
55 9273
58 9327
65 9252
48 9336
47 9354
74 9253
51 9347
69 9227
44 9232
57 9305
51 9268
68 9230
76 9254
64 9240
89 9213
61 9349
41 9207
43 9318
51 9321
44 9341
53 9281
73 9250
74 9299
42 9313
43 9257
68 9275
54 9264
44 9242
0 1
87 9247
51 9311
63 9259
45 9343
43 9266
78 9261
42 9237
41 9303
43 9310
47 9247
42 9353
71 9261
109 9295
60 9277
53 9410
57 9236
82 9323
44 9319
98 9259
48 9291
44 9239
72 9283
53 9366
49 9272
42 9302
48 9300
58 9261
53 9272
58 9279
46 9248
43 9247
43 9313
54 9280
42 9206
45 9304
41 9286
49 9276
52 9234
47 9189
43 9319
74 9299
61 9254
0 1
86 9317
44 9295
57 9359
44 9359
53 9281
45 9301
63 9356
54 9294
55 9295
58 9212
38 9297
39 9389
63 9183
53 9236
55 9272
45 9254
42 9246
43 9260
88 9302
54 9309
58 9340
89 9312
57 9268
83 9319
61 9260
43 9293
50 9259
0 1
75 9223
47 9286
41 9265
43 9314
52 9310
45 9261
58 9334
44 9311
4 2
30 3
47 9240
54 9241
78 9284
44 9253
53 9216
44 9301
47 9273
28 3
47 9352
69 9393
46 9273
42 9311
48 9260
50 9233
41 9228
52 9300
47 9256
47 9252
53 9358
48 9219
48 9349
46 9345
48 9298
118 9346
54 9309
48 9298
50 9330
43 9231
58 9265
65 9299
50 9326
117 9336
50 9301
69 9261
59 9268
73 9298
59 9304
53 9283
45 9346
46 9255
42 9230
50 9322
46 9281
42 9299
54 9291
46 9319
40 9354
50 9316
43 9244
50 9241
41 9268
54 9353
47 9339
75 9283
55 9293
53 9317
52 9236
54 9268
56 9323
44 9289
49 9250
51 9272
48 9280
46 9290
40 9285
46 9402
69 9162
44 9230
46 9272
74 9287
77 9341
58 9273
51 9308
0 1
63 9338
49 9383
45 9325
102 9245
54 9337
75 9266
43 9322
46 9370
0 1
55 9224
97 9263
37 9387
68 9233
55 9264
56 9268
50 9349
43 9211
55 9261
41 9262
50 9313
45 9289
45 9256
44 9331
50 9280
57 9368
41 9302
44 9273
60 9257
52 9359
48 9305
61 9355
43 9368
41 9264
41 9246
0 1
44 9286
43 9286
61 9292
58 9269
50 9300
51 9283
44 9322
70 9323
45 9332
60 9207
46 9236
52 9270
45 9320
44 9255
64 9347
69 9276
4 2
61 9312
47 9318
46 9270
47 9333
53 9296
52 9320
53 9267
46 9240
48 9246
47 9297
50 9339
53 9158
66 9267
50 9345
72 9253
68 9305
56 9315
45 9322
41 9255
45 9436
0 1
66 9311
57 9260
81 9336
57 9313
122 9224
112 9322
54 9354
0 1
58 9358
53 9317
67 9237
66 9215
55 9304
100 9296
53 9213
50 9336
48 9303
42 9279
41 9260
49 9321
46 9279
42 9262
42 9269
97 9267
42 9370
42 9313
41 9247
49 9281
41 9278
47 9294
42 9231
40 9306
51 9247
52 9326
77 9324
104 9353
74 9217
76 9267
76 9327
53 9284
45 9299
58 9270
53 9386
45 9342
46 9263
73 9229
82 9286
58 9332
52 9269
0 1
48 9360
45 9238
54 9367
57 9252
142 9328
41 9270
0 1
59 9301
46 9229
48 9271
39 9260
44 9271
46 9223
53 9265
47 9328
43 9266
50 9309
46 9374
52 9274
52 9205
62 9290
42 9361
40 9378
46 9237
44 9208
44 9203
42 9253
62 9259
60 9369
55 9347
62 9222
46 9306
45 9292
42 9239
40 9372
0 1
53 9309
78 9338
81 9316
41 9188
88 9307
45 9302
63 9299
45 9234
59 9349
43 9271
40 9298
47 9236
42 9265
44 9349
41 9337
45 9310
66 9284
87 9326
0 1
63 9322
68 9284
72 9348
41 9298
92 9296
104 9278
49 9313
45 9384
57 9263
44 9296
48 9248
42 9245
52 9296
88 9327
76 9307
44 9295
47 9262
47 9210
68 9299
84 9307
55 9303
79 9310
59 9218
46 9317
54 9233
46 9301
42 9252
41 9266
51 9282
44 9294
57 9246
43 9251
46 9289
44 9271
52 9249
66 9374
40 9194
45 9252
52 9254
39 9333
38 9311
46 9346
42 9344
48 9339
43 9311
41 9250
61 9388
45 9281
39 9302
43 9308
47 9283
49 9232
46 9240
45 9236
50 9255
45 9317
46 9318
69 9346
40 9296
40 9397
44 9300
49 9279
50 9296
42 9296
44 9264
95 9341
52 9283
50 9238
55 9304
46 9364
70 9282
67 9323
46 9358
49 9200
50 9307
45 9259
47 9279
53 9373
42 9325
46 9223
69 9341
59 9269
42 9370
42 9269
45 9308
47 9355
48 9213
56 9300
43 9272
44 9257
42 9359
42 9306
38 9302
46 9306
49 9282
48 9303
68 9365
41 9331
48 9287
41 9280
38 9279
52 9282
43 9271
45 9354
45 9273
54 9304
74 9299
76 9315
47 9271
46 9351
53 9283
51 9188
42 9265
58 9244
55 9271
44 9212
44 9318
78 9311
44 9293
43 9364
45 9197
68 9344
44 9210
42 9368
42 9399
40 9252
43 9218
41 9331
44 9288
52 9296
44 9231
43 9183
42 9358
48 9294
49 9299
54 9349
44 9279
57 9305
53 9299
42 9326
47 9353
42 9288
49 9224
57 9309
0 1
69 9146
46 9244
53 9271
43 9280
67 9287
51 9254
67 9319
0 1
48 9270
45 9281
43 9288
68 9299
82 9344
51 9299
42 9313
43 9307
52 9306
49 9280
40 9300
49 9246
53 9315
46 9284
50 9302
111 9297
47 9265
50 9317
41 9329
53 9412
39 9287
39 9352
45 9250
53 9285
44 9318
46 9317
62 9318
57 9316
43 9146
48 9289
72 9334
0 1
55 9292
57 9255
108 9248
50 9335
66 9263
11 2
45 9288
44 9337
51 9380
43 9253
47 9270
43 9264
57 9337
58 9299
63 9322
79 9283
81 9336
50 9248
57 9265
63 9265
39 9287
56 9318
44 9309
46 9258
43 9260
51 9346
55 9284
48 9241
2 2
46 9292
42 9291
43 9310
55 9271
45 9296
55 9284
45 9342
44 9279
72 9299
43 9374
44 9266
42 9240
50 9390
73 9311
59 9306
47 9326
46 9305
91 9319
45 9375
45 9296
68 9290
90 9339
77 9276
62 9312
43 9338
49 9301
55 9284
45 9241
55 9263
49 9267
65 9298
55 9318
50 9307
48 9222
54 9277
56 9378
42 9326
42 9386
68 9258
63 9270
51 9278
61 9361
0 1
0 1
47 9296
68 9280
52 9275
48 9279
48 9274
0 1
45 9194
75 9302
81 9331
55 9265
50 9222
43 9300
92 9279
59 9303
50 9331
55 9199
41 9251
60 9311
100 9335
50 9322
55 9277
41 9379
41 9321
92 9196
47 9224
48 9309
44 9211
54 9276
68 9241
80 9276
63 9281
51 9283
55 9360
46 9350
41 9270
41 9298
55 9290
42 9220
48 9230
0 1
131 9283
59 9317
53 9274
61 9324
57 9280
57 9322
48 9300
51 9297
0 1
60 9318
64 9289
63 9284
85 9328
58 9274
64 9348
40 9248
52 9282
51 9327
55 9338
44 9330
41 9295
50 9322
63 9310
54 9294
63 9334
45 9317
50 9288
88 9285
56 9313
47 9307
47 9269
46 9337
47 9269
45 9331
71 9295
50 9286
46 9292
49 9259
42 9315
63 9211
87 9250
54 9293
44 9240
57 9284
52 9292
43 9350
48 9370
61 9261
42 9258
39 9269
55 9317
71 9375
50 9325
58 9299
41 9333
42 9311
58 9287
53 9231
44 9348
42 9311
52 9179
59 9350
88 9276
50 9230
131 9251
96 9341
0 1
82 9363
58 9351
49 9254
72 9271
61 9348
40 9288
53 9261
38 9237
44 9319
58 9240
43 9267
45 9389
62 9246
56 9309
92 9220
47 9291
48 9251
57 9259
48 9226
42 9396
53 9335
46 9291
49 9291
76 9291
49 9305
50 9247
57 9358
60 9265
47 9224
60 9337
89 9336
51 9468
57 9333
77 9220
50 9227
77 9317
46 9302
60 9261
39 9285
60 9278
43 9271
45 9277
47 9234
48 9319
47 9250
46 9303
41 9273
39 9349
41 9323
64 9245
56 9277
52 9303
68 9220
45 9283
62 9210
42 9358
56 9283
61 9224
77 9296
47 9300
78 9292
40 9276
49 9243
45 9318
45 9242
69 9327
51 9237
46 9303
49 9291
52 9231
56 9335
71 9321
54 9270
4 2
76 9275
47 9327
61 9336
63 9238
48 9303
46 9315
62 9298
43 9217
47 9277
47 9299
45 9336
100 9271
43 9314
55 9250
50 9316
41 9286
59 9398
55 9280
61 9226
73 9244
43 9311
52 9370
59 9328
0 1
112 9312
48 9340
44 9331
44 9250
0 1
54 9419
40 9331
48 9251
41 9294
88 9329
132 9192
48 9297
54 9254
39 9292
49 9239
48 9223
51 9296
91 9263
42 9220
41 9336
44 9359
48 9225
48 9282
105 9289
95 9344
85 7
67 9179
57 9267
80 9355
51 9
39 9257
44 9373
0 1
80 9315
50 9299
40 9288
49 9338
40 9272
45 9301
51 9366
61 9291
63 9353
45 9347
86 9296
48 9303
65 9185
59 9293
54 9377
51 9329
42 9344
47 9269
76 9236
98 9335
92 9362
49 9399
48 9367
45 9250
43 9271
44 9281
47 9302
49 9361
43 9255
48 9256
48 9305
46 9325
0 1
51 9245
47 9299
38 9295
47 9387
49 9299
43 9221
40 9283
41 9280
53 9266
49 9220
47 9294
50 9322
51 9307
58 9295
48 9294
47 9347
76 9204
49 9335
0 1
50 9235
0 1
55 9231
49 9322
41 9405
45 9292
45 9302
47 9390
45 9319
42 9301
44 9264
51 9281
57 9340
45 9338
40 9396
42 9280
57 9257
56 9245
44 9311
55 9321
56 9325
45 9349
0 1
44 9296
51 9285
61 9407
42 9309
44 9314
52 9226
56 9284
44 9374
55 9310
62 9270
66 9275
47 9335
75 9246
65 9257
0 1
50 9290
47 9236
41 9268
58 9351
54 9312
49 9360
46 9284
51 9322
54 9393
42 9301
44 9312
72 9390
44 9232
52 9358
45 9241
49 9378
51 9189
49 9297
49 9247
40 9309
44 9299
41 9281
71 9276
69 9356
52 9288
40 9336
61 9221
43 9307
39 9252
43 9280
73 9247
44 9359
53 9279
54 9237
102 9246
106 9334
45 9269
57 9302
68 9352
0 1
83 9292
144 9305
69 9329
55 9289
54 9302
78 9242
61 9379
56 9366
93 9359
51 9269
44 9305
53 9283
43 9242
43 9310
60 9218
44 9327
45 9260
48 9277
40 9272
49 9322
41 9235
42 9247
54 9286
58 9257
87 9405
67 9290
43 9241
42 9383
58 9228
45 9220
52 9306
46 9359
45 9330
51 9320
50 9292
47 9252
44 9277
0 1
48 9308
48 9208
71 9262
46 9303
43 9370
53 9357
48 9380
95 9255
46 9251
70 9382
43 9267
49 9253
39 9194
57 9299
51 9359
45 9239
52 9319
48 9270
106 9232
55 9191
43 9324
57 9267
67 9324
53 9244
55 9369
66 9263
54 9285
52 9335
52 9398
47 9370
39 9278
40 9330
44 9286
45 9283
58 9304
55 9318
66 9311
69 9281
57 9241
0 1
96 9174
47 9294
74 9335
46 9301
40 9302
55 9332
52 9354
46 9264
50 9296
55 9311
0 1
70 9362
49 9308
72 9345
0 1
55 9276
45 9248
62 9324
46 9253
39 9260
51 9272
108 9326
55 9309
43 9290
62 9258
65 9274
45 9286
71 9282
5 3
48 9305
50 9384
52 9239
47 9234
59 9254
54 9294
48 9285
61 9303
52 9396
60 9223
67 9290
0 1
84 9363
59 9291
43 9353
41 9320
41 9251
82 9333
44 9297
62 9274
67 9283
45 9380
94 9307
97 9204
49 9330
66 9309
47 9300
49 9323
90 9364
49 9342
61 9211
51 9263
58 9193
43 9336
54 9258
43 9306
50 9257
54 9295
46 9274
43 9262
45 9330
51 9326
78 9251
44 9275
47 9348
61 9269
49 9311
46 9295
42 9267
45 9323
43 9247
64 9357
88 9202
55 9229
64 9254
43 9268
42 9314
51 9395
42 9255
55 9243
46 9328
0 1
42 9310
45 9309
45 9222
38 9247
51 9361
49 9359
42 9300
41 9271
55 9234
45 9311
58 9220
55 9179
70 9382
50 9345
48 9233
44 9170
80 9322
42 9302
52 9295
46 9366
0 1
64 9272
91 9350
42 9301
42 9367
47 9267
47 9368
47 9283
45 9334
48 9275
46 9409
47 9336
52 9267
53 9244
92 9350
45 9223
53 9272
49 9361
46 9266
45 9301
47 9204
50 9323
50 9292
52 9273
76 9248
0 1
39 9372
51 9208
48 9315
51 9262
51 9353
0 1
47 9300
48 9250
43 9286
65 9345
57 9294
57 9232
46 9230
40 9221
45 9285
50 9230
55 9313
49 9285
58 9288
59 9293
73 9322
61 9238
39 9309
54 9207
88 9293
83 9317
50 9411
67 9265
71 9236
48 9255
47 9258
49 9320
50 9271
48 9215
52 9353
47 9315
46 9298
48 9255
57 9277
47 9284
46 9269
42 9274
45 9231
49 9303
86 9280
56 9291
52 9245
55 9223
49 9286
44 9340
39 9353
55 9231
39 9289
43 9288
41 9226
43 9295
49 9270
45 9295
0 1
0 1
46 9252
45 9295
59 9296
73 9251
41 9359
48 9254
48 9271
0 1
0 1
49 9328
49 9309
55 9283
60 9308
79 9286
94 9226
0 1
47 9323
47 9200
42 9337
32 4
45 9207
50 9192
46 9312
87 9284
50 9210
49 9318
52 9330
54 9253
45 9246
52 9237
49 9221
51 9241
48 9360
68 9344
60 9271
23 9
0 1
62 9262
56 9288
47 9339
42 9235
52 9282
40 9350
45 9300
58 9358
44 9333
58 9309
48 9256
50 9376
107 9388
100 9284
55 9282
70 9374
51 9311
52 9347
43 9308
52 9221
38 9267
40 9266
41 9238
52 9322
52 9280
98 9286
75 9356
44 9196
49 9247
45 9389
63 9351
43 9265
41 9257
41 9277
41 9308
48 9239
69 9241
47 9422
50 9291
48 9239
50 9268
44 9372
41 9265
44 9191
47 9283
57 9275
48 9226
44 9212
45 9178
52 9207
43 9288
48 9349
45 9261
107 9332
42 9283
47 9238
54 9295
103 9290
45 9241
50 9285
43 9280
56 9342
44 9394
39 9273
65 9263
49 9322
46 9206
46 9255
0 1
69 9314
54 9293
44 9293
72 9251
44 9338
0 1
40 9323
42 9240
48 9294
46 9295
91 9288
69 9280
42 9143
56 9305
73 9388
52 9230
45 9325
0 1
0 1
56 9324
46 9366
49 9222
46 9216
43 9282
107 9305
90 9308
47 9326
52 9398
45 9329
54 9277
52 9203
41 9328
42 9284
74 9277
49 9245
0 1
63 9343
43 9269
43 9373
46 9267
60 9331
56 9312
45 9358
43 9326
45 9277
70 9367
49 9229
59 9344
46 9351
59 9249
64 9334
88 9251
67 9266
45 9226
81 9309
67 9404
82 9319
44 9302
46 9318
44 9338
51 9317
41 9297
72 9311
78 9343
62 9218
93 9338
50 9295
54 9226
72 9303
70 9398
43 9256
50 9299
0 1
53 9306
42 9409
49 9256
47 9293
50 9341
0 1
50 9337
43 9303
68 9228
46 9323
72 9337
54 9319
99 9275
40 9293
2 2
41 9355
42 9296
50 9289
49 9163
60 9309
62 9204
59 9190
73 9295
0 1
52 9386
56 9236
45 9359
48 9249
55 9243
43 9297
45 9251
51 9336
0 1
44 9342
45 9252
42 9243
45 9325
59 9266
41 9276
54 9178
84 9308
51 9388
69 9385
42 9316
52 9253
97 9336
49 9263
59 9296
49 9313
67 9242
56 9279
49 9179
54 9236
53 9248
43 9247
57 9276
0 1
71 9301
82 9300
41 9310
47 9313
45 9286
45 9273
70 9395
56 9281
84 9321
56 9299
44 9320
45 9232
104 9281
77 9336
58 9249
77 9325
46 9333
66 9272
76 9222
50 9286
81 9302
46 9332
43 9204
82 9316
71 9281
65 9226
50 9244
80 9357
66 9241
77 9337
46 9276
74 9417
62 9350
132 9360
68 9314
10 3
44 9280
53 9265
52 9303
48 9272
57 9334
46 9323
49 9301
44 9226
53 9362
58 9306
45 9362
43 9279
57 9253
37 9251
38 9332
133 9297
43 9293
41 9375
45 9260
68 9298
44 9222
42 9278
43 9281
12 2
57 9366
0 1
55 9279
39 9370
76 9343
43 9286
44 9267
44 9295
48 9338
55 9287
48 9253
75 9375
42 9292
52 9323
44 9242
46 9169
95 9217
55 9315
44 9238
0 1
49 9300
45 9306
61 9325
46 9284
46 9317
47 9332
50 9256
47 9243
48 9229
50 9293
38 9249
48 9248
71 9232
53 9224
57 9345
57 9251
65 9328
49 9348
44 9297
48 9215
45 9297
79 9319
50 9336
43 9275
80 9243
44 9320
42 9357
66 9280
50 9305
66 9318
66 9303
47 9292
43 9239
43 9402
46 9266
47 9249
0 1
50 9298
48 9291
47 9342
49 9334
0 1
65 9329
42 9315
91 9263
53 9204
62 9353
47 9310
52 9349
55 9400
56 9260
48 9287
44 9344
116 9343
42 9276
48 9282
45 9283
65 9328
59 9259
49 9371
47 9305
48 9340
60 9231
51 9361
67 9356
42 9286
49 9314
55 9310
58 9315
69 9291
100 9240
40 9337
66 9289
53 9243
53 9274
44 9306
63 9338
42 9273
0 1
44 9191
51 9307
46 9314
71 9296
56 9352
47 9261
42 9280
49 9301
83 9323
44 9295
64 9271
51 9312
67 9341
119 9255
91 9351
191 9327
56 9295
52 9290
45 9296
0 1
59 9322
51 9268
47 9326
48 9247
68 9191
48 9300
41 9292
45 9309
74 9289
73 9245
54 9293
46 9341
47 9296
62 9309
45 9276
47 9381
50 9275
71 9302
50 9284
93 9271
52 9254
47 9367
44 9317
46 9253
48 9215
68 9299
54 9307
58 9284
44 9354
42 9259
64 9262
62 9319
48 9243
50 9244
42 9243
41 9386
45 9278
54 9305
64 9255
49 9345
63 9340
47 9236
38 9264
45 9236
68 9242
66 9270
46 9296
53 9277
46 9250
45 9283
52 9367
55 9382
53 9253
52 9339
68 9227
47 9319
57 9232
46 9194
52 9258
54 9277
49 9277
59 9295
50 9286
42 9348
46 6
74 9290
47 9189
49 9352
44 9335
45 9285
69 9325
40 9332
61 9287
48 9284
51 9254
46 9400
45 9239
48 9240
42 9236
50 9298
61 9314
40 9280
74 9362
46 9259
56 9374
44 9233
40 9245
53 9209
45 9299
53 9253
44 9338
40 9252
57 9276
57 9303
47 9331
47 9372
52 9328
49 9368
0 1
42 9307
43 9336
47 9315
48 9349
54 9251
57 9272
60 9282
54 9312
48 9282
37 9225
41 9292
51 9279
43 9370
40 9359
76 9343
48 9248
47 9196
108 9268
86 9309
45 9321
47 9269
51 9263
50 9203
47 9234
45 9346
69 9291
71 9310
40 9320
48 9260
59 9296
51 9295
51 9199
61 9259
0 1
78 9266
59 9316
49 9313
55 9277
43 9245
63 9326
66 9216
52 9329
42 9230
48 9272
42 9347
56 9308
51 9259
56 9158
73 9310
44 9248
47 9373
43 9301
69 9234
51 9254
49 9285
72 9276
53 9293
63 9270
43 9330
57 9270
66 9232
44 9230
63 9288
44 9306
53 9233
52 9351
50 9283
56 9239
61 9254
63 9275
148 9306
41 9243
58 9275
43 9269
42 9336
59 9197
65 9354
72 9344
48 9278
0 1
102 9367
68 9375
50 9266
53 9271
45 9354
55 9403
49 9282
45 9289
57 9284
56 9282
55 9352
51 9245
41 9263
57 9374
114 9309
61 9282
63 9336
47 9213
52 9348
49 9309
62 9227
51 9317
54 9263
52 9305
41 9324
52 9303
55 9297
85 9348
64 9283
52 9344
49 9322
36 9252
56 9326
96 9306
42 9268
47 9280
85 9247
68 9248
44 9326
91 9277
75 9202
55 9307
0 1
41 9302
48 9292
64 9313
87 9318
80 9294
47 9250
45 9238
56 9349
49 9278
47 9264
49 9321
92 9345
57 9313
83 9356
0 1
48 9270
49 9257
55 9265
53 9304
0 1
48 9307
47 9241
67 9147
45 9287
43 9352
42 9327
67 9192
47 9299
60 9273
88 9272
48 9284
51 9260
57 9299
48 9322
56 9284
41 9268
57 9236
44 9290
45 9272
42 9247
55 9263
44 9184
59 9297
51 9293
60 9248
52 9276
56 9352
62 9319
67 9280
52 9292
43 9351
50 9385
63 9345
57 9321
58 9219
44 9339
0 1
56 9270
91 9261
45 9277
47 9262
92 9248
41 9328
76 9331
47 9286
48 9272
61 9382
43 9343
44 9318
60 9317
52 9246
47 9291
100 9247
42 9312
48 4
67 9273
42 9394
95 9361
74 9349
40 9314
41 9317
59 9304
81 9357
27 5
48 9280
41 9245
51 9286
54 9294
60 9276
85 9207
51 9277
57 9339
53 9226
56 9257
51 9292
61 9372
41 9274
60 9310
54 9314
99 9279
41 9275
47 9260
61 9264
58 9297
65 9212
43 9236
59 9285
55 9293
48 9287
53 9262
79 9266
54 9370
43 9258
41 9295
42 9320
54 9250
40 9302
43 9260
44 9284
97 9344
84 9344
87 9343
46 9289
46 9290
108 9341
0 1
83 9200
41 9295
90 9280
76 9303
43 9309
66 9297
43 9326
51 9373
155 9453
88 9300
42 9241
38 9238
46 9336
45 9299
0 1
69 9268
49 9248
52 9342
51 9288
94 9231
41 9287
0 1
0 1
41 9289
68 9163
84 9244
73 9245
45 9305
46 9243
124 9356
47 9219
58 9319
61 9272
48 9334
49 9325
82 9246
48 9338
63 9301
92 9324
44 9311
43 9392
76 9319
47 9269
0 1
52 9323
46 9181
51 9362
49 9270
50 9266
117 9256
90 9236
43 9248
84 9204
49 9246
53 9303
0 1
49 9285
42 9361
72 9372
41 9269
42 9261
53 9276
45 9364
43 9300
46 9215
39 9268
50 9240
52 9296
47 9345
56 9322
57 9281
45 9302
50 9264
49 9362
51 9288
41 9248
47 9274
45 9310
52 9303
53 9310
79 9303
51 9254
74 9304
53 9291
52 9353
49 9306
69 9298
46 9254
73 9274
41 9296
43 9327
53 9243
51 9240
58 9311
42 9378
39 9221
43 9352
79 9265
42 9278
44 9319
58 9335
58 9231
92 9345
49 9335
68 9292
43 9335
86 9374
47 9264
47 9274
0 1
76 9320
78 9320
48 9259
50 9342
85 9292
26 3
47 9322
43 9293
49 9324
44 9262
47 9376
50 9267
48 9267
48 9326
44 9176
46 9280
60 9351
48 9281
40 9245
50 9296
0 1
98 9295
44 9311
57 9239
44 9266
76 9185
43 9333
73 9234
128 9280
51 9315
46 9411
41 9261
51 9281
72 9309
73 9252
46 9332
60 9258
49 9309
48 9306
46 9251
69 9277
43 9270
119 9258
49 9300
66 9244
54 9284
101 9297
56 9272
55 9295
62 9295
44 9324
53 9339
136 9387
0 1
54 9296
58 9192
43 9304
90 9300
65 9333
88 9373
51 9175
102 9219
43 9285
46 9258
88 9241
45 9367
62 9288
51 9267
50 9214
73 9333
45 9254
103 9279
0 1
94 9284
60 9262
44 9231
43 9332
43 9285
47 9304
40 9328
46 9265
53 9258
84 9251
52 9245
57 9363
0 1
53 9257
68 9248
41 9242
50 9236
50 9368
52 9315
58 9374
83 9327
60 9261
76 9330
50 9248
53 9247
55 9230
68 9225
53 9273
50 9226
47 9309
103 9304
49 9269
53 9360
42 9261
60 9348
41 9269
54 9350
50 9266
62 9300
58 18
45 9203
50 9257
50 9270
50 9290
56 9283
43 9274
65 9353
67 9325
65 9329
54 2
44 9249
56 9393
44 9293
0 1
48 9194
0 1
93 9285
72 9275
98 9286
55 9240
114 9220
57 9370
43 9377
68 9391
47 9186
47 9294
62 9318
54 9318
40 9260
59 9177
45 9242
51 9372
72 9319
87 9388
51 9266
90 9306
0 1
87 9263
70 9337
78 9240
61 9369
58 9288
47 9281
76 9268
51 9306
0 1
44 9246
75 9267
79 9339
93 9299
44 9326
43 9313
48 9368
42 9281
48 9325
43 9286
72 9279
53 9338
57 9288
49 9343
46 9342
60 9291
80 9401
51 9349
53 9283
74 9253
56 9347
87 9358
55 9259
0 1
41 9237
40 9231
72 9395
56 9295
50 9345
51 9269
52 9306
45 9417
51 9347
46 9266
68 9227
141 9186
1 2
51 9292
47 9265
41 9320
79 9298
93 9244
0 1
45 9283
42 9234
44 9300
41 9224
70 9243
48 9298
57 9301
51 9294
54 9277
100 9378
54 9302
49 9196
81 9262
49 9362
108 9297
87 9218
48 9322
0 1
110 9300
43 9262
51 9320
56 9258
53 9308
47 9171
43 9236
57 9235
41 9227
0 1
54 9279
41 9273
51 9267
0 1
66 9303
0 1
57 9299
66 9300
59 4
58 9250
77 9256
70 9320
59 9357
68 9282
55 9282
54 9237
77 9331
63 9268
52 9293
55 9282
68 9310
118 9293
45 9206
60 9305
63 9311
60 9345
41 9341
64 9240
39 9244
63 9224
52 9289
49 9385
0 1
59 9387
52 9347
45 9303
69 9280
45 9267
49 9183
51 9278
82 9231
0 1
72 9342
56 9299
53 9268
54 9384
56 9319
0 1
0 1
45 9348
46 9405
57 9274
0 1
41 9298
44 9269
50 9292
43 9266
78 9220
42 9262
45 9174
45 9370
48 9303
47 9185
57 9362
51 9281
55 9308
57 9261
43 9383
60 9305
45 9323
57 9289
79 9324
47 9304
45 9217
42 9258
38 9331
73 9288
49 9290
70 9310
72 9387
46 9275
46 9330
44 9350
47 9270
52 9378
52 9245
53 9235
58 9261
48 9323
46 9387
0 1
39 9243
45 9293
45 9297
51 9271
67 9261
63 9183
43 9336
43 9284
96 9266
55 9317
60 9139
90 9304
42 9269
75 9319
45 9314
56 9255
0 1
74 9244
74 9317
67 9373
43 9275
55 9221
49 9269
59 9310
66 9293
50 9345
63 9335
54 9279
58 9290
56 9316
59 9337
74 9295
45 9391
78 9313
46 9222
51 9370
49 9344
56 9273
43 9347
55 9325
55 9318
61 9267
44 9284
69 9292
31 2
69 9244
42 9434
54 9279
90 9266
46 9280
47 9410
69 9284
57 9245
52 9318
45 9243
78 9300
51 9273
45 9273
0 1
44 9345
89 9330
72 9311
40 9355
70 9372
47 9306
47 9297
48 9353
65 9343
71 9318
55 9328
46 9265
51 9431
47 9283
45 9234
41 9296
50 9284
64 9266
72 9235
43 9296
0 1
18 2
46 9262
0 1
66 9277
50 9264
84 9299
46 9234
45 9275
58 9232
47 9312
45 9369
72 9284
73 9302
54 9252
59 9246
60 9277
45 9185
57 9328
0 1
54 9284
47 9360
0 1
58 9224
45 9275
49 9368
72 9315
88 9315
24 2
55 9278
65 9358
54 9262
55 9330
40 9256
90 9274
63 9272
62 9317
76 9239
57 9264
81 9244
49 9233
52 9321
42 9264
88 9320
56 9317
88 9213
55 9362
61 9340
80 9380
46 9317
46 9277
46 9305
54 9278
88 9232
58 9275
81 9356
48 9282
56 9268
70 9351
72 9356
115 9303
48 9300
46 9348
53 9276
65 9285
65 9235
69 9265
41 9313
45 9360
48 9290
45 9329
15 2
49 9224
55 9337
74 9329
47 9357
155 9343
43 9299
70 9290
67 9363
53 9280
73 9251
0 1
44 9265
43 9218
52 9207
47 9353
52 9317
50 9266
75 9286
60 9330
50 9313
35 9335
61 9338
48 9324
43 9347
51 9223
59 9275
53 9274
43 9309
55 9259
48 9322
109 9217
81 9299
49 9329
55 9333
72 9301
0 1
45 9240
48 9295
49 9253
56 9372
56 9265
53 9366
44 9231
52 9267
51 9323
52 9270
40 9341
46 9287
49 9283
60 9294
43 9278
83 9382
59 9278
75 9226
0 1
43 9309
50 9341
52 9283
69 9340
0 1
63 9309
86 9313
43 9377
76 9258
60 9343
75 9189
45 9269
47 9286
40 9337
69 9216
40 9258
54 9292
98 9231
56 9286
57 9258
77 9302
62 9209
65 9279
47 9230
46 9262
41 9295
47 9275
64 9218
60 9335
50 9245
59 9295
60 9296
0 1
42 9240
64 9208
42 9274
0 1
50 9279
56 9369
0 1
53 9264
56 9260
40 9275
49 9246
40 9287
50 9277
67 9331
0 1
46 9287
52 9266
70 9225
12 2
57 9211
55 9366
38 9207
46 9374
56 9260
50 9279
49 9374
77 9294
52 9289
108 9370
71 9279
199 9157
55 9310
50 9394
5 2
51 9234
47 9252
101 9307
55 9276
53 9300
47 9311
14 2
60 9282
78 9254
45 9228
46 9332
47 9369
78 9239
82 9232
49 9257
47 9351
85 9242
49 9276
49 9331
65 9293
54 9355
46 9261
95 9272
46 9290
44 9330
0 1
45 9270
45 9336
94 9268
91 9273
195 9234
60 9283
0 1
73 9308
64 9312
53 9270
47 9317
70 9281
69 9256
44 9231
49 9248
91 9296
49 9276
44 9279
66 9187
48 9320
58 9292
53 9263
44 9303
46 9364
60 9350
52 9315
73 9322
43 9276
60 9282
43 9206
50 9274
76 9260
40 9231
42 9268
44 9290
5 2
54 9329
50 9222
42 9285
59 9386
76 9278
5 2
57 9186
51 9251
43 9280
52 9284
48 9197
49 9338
54 9306
58 9294
53 9269
50 9341
59 9306
55 9251
41 9204
57 9293
49 9261
44 9249
54 9347
102 9308
49 9294
125 9273
49 9360
58 9232
55 9328
68 9328
61 9314
60 9255
57 9312
45 9316
68 9319
45 9290
54 9333
52 9265
68 9258
44 9212
70 9283
90 9348
63 9254
46 9308
63 9310
125 9253
64 9430
69 9317
0 1
57 9241
85 9276
51 9329
64 9265
48 9364
54 9219
79 9269
53 9210
52 9338
65 9350
80 9245
57 9231
63 9283
42 9372
51 9268
62 9246
42 9361
47 9241
72 9231
31 2
73 9275
62 9306
62 9306
47 9361
76 9382
78 9335
43 9314
47 9357
119 9301
107 9180
59 9277
0 1
42 9193
58 9219
49 9237
68 9239
70 9355
137 9286
54 9284
53 9280
67 9169
71 9354
44 9286
60 9282
48 9376
40 9183
55 9312
50 9302
44 9289
48 9291
60 9252
52 9295
49 9298
49 9292
55 9283
49 9214
46 9187
47 9316
59 9265
51 9234
55 9318
45 9211
58 9285
70 9293
50 9310
46 9182
76 9332
106 9245
65 9211
65 9214
70 9241
45 9346
0 1
54 9335
43 9322
64 9309
44 9338
58 9239
24 3
84 9209
79 9355
2 2
45 9295
59 9264
63 9270
83 9341
45 9265
61 9245
47 9230
48 9321
71 9334
37 9252
54 9362
97 9292
46 9295
95 9292
49 9264
130 9307
62 9240
59 9346
77 9235
44 9201
51 9270
53 9222
49 9282
53 9300
44 9293
58 9329
54 9259
58 9362
44 9333
58 9391
60 9239
56 9252
73 9221
80 9339
0 1
84 9270
53 9256
0 1
55 9340
75 9263
56 9308
56 9235
0 1
41 9212
67 9168
43 9333
64 9268
44 9321
58 9305
48 9341
58 9345
50 9319
56 9238
52 9295
39 9258
50 9301
53 9248
64 9230
89 9307
89 9283
66 9265
47 9290
62 9391
61 9283
48 9341
54 9321
90 9302
80 9288
51 9284
46 9357
76 9317
50 9289
68 9265
44 9272
57 9280
42 9260
88 9259
84 9228
44 9409
0 1
49 9328
70 9315
0 1
63 9287
49 9163
47 9341
43 9321
66 9251
51 9334
44 9300
84 9283
45 9290
54 9386
58 9280
67 9307
43 9252
49 9305
53 9343
58 9241
76 9329
42 9312
61 9305
57 9269
55 9319
71 9234
50 9297
44 9330
53 9360
60 9262
54 9245
0 1
48 9289
44 9281
71 9236
61 9226
48 9258
69 9301
16 2
49 9185
80 9317
63 9264
56 9294
71 9234
51 9324
50 9315
51 9292
71 9337
57 9284
67 9319
46 9291
62 9173
0 1
93 9392
87 9331
74 9313
54 9310
55 9315
45 9286
49 9277
51 9239
55 9280
74 9317
52 9304
199 9288
83 9313
46 9295
46 9342
52 9302
49 9331
160 9250
0 1
54 9340
41 9299
45 9316
45 9356
39 9310
59 9246
66 9364
7 3
58 9330
71 9226
41 9348
71 9300
67 9322
1 2
5 2
58 9280
98 9215
43 9324
45 9312
51 9305
48 9289
56 9299
56 9291
93 9379
88 9327
65 9248
65 9264
145 9264
66 9274
59 9356
50 9309
62 9332
53 9312
93 9316
88 9342
48 9329
199 8215
57 9310
61 9371
59 9310
0 1
115 9346
0 1
64 9223
73 9258
52 9288
45 9304
49 9242
44 9266
43 9354
0 1
39 9279
63 9317
45 9343
44 9276
39 9295
50 9272
61 9291
54 9321
48 9263
0 1
49 9285
86 9294
63 2
41 9342
42 9260
44 9280
83 9273
46 9316
71 9333
45 9254
71 9310
56 9268
51 9183
59 9287
85 9329
50 9338
75 9216
45 9225
155 9277
45 9357
49 9327
55 9311
63 9256
65 9354
60 9190
78 9303
21 2
53 9285
44 9268
49 9176
60 9230
53 9367
65 9232
51 9265
56 9369
55 9342
47 9253
63 9328
44 9279
46 9302
57 9376
77 9254
61 9316
55 9285
61 9344
61 9268
80 9266
100 9300
44 9222
64 9287
58 9304
61 9295
62 9237
77 9198
61 9285
46 9269
70 9249
54 9203
57 9295
85 9237
0 1
0 1
44 9389
49 9275
0 1
87 9283
53 9251
71 9271
45 9263
48 9312
47 9266
74 9239
50 9338
59 9361
0 1
72 9356
54 9322
54 9270
122 9328
81 9335
53 9328
59 9299
52 9347
45 9313
49 9273
53 9262
68 9267
56 9288
47 9347
102 9301
105 9307
105 9275
0 1
48 9219
0 1
56 9235
55 9241
0 1
0 1
45 9215
53 9245
47 9312
42 9233
62 9321
107 9276
68 9318
72 9318
52 9255
58 9316
59 9317
0 1
46 9319
53 9288
55 9376
68 9290
63 9359
86 9302
55 9385
69 9241
102 9287
56 9379
44 9276
41 9356
50 9261
73 9302
46 9246
64 9284
60 9315
41 9313
52 9271
50 9396
86 9312
105 9379
49 9289
86 9294
54 9258
41 9366
48 9273
57 9240
62 9181
49 9296
44 9236
54 9392
45 9373
96 9277
51 9260
54 9264
45 9246
65 9313
43 9237
54 9304
61 9290
39 9285
84 9283
87 9279
48 9275
41 9267
55 9259
81 9317
0 1
45 9363
47 9366
46 9274
60 9328
53 9336
59 9370
46 9315
0 1
65 9302
80 9367
67 9268
94 9284
125 9294
52 9378
42 9227
56 9321
41 9289
44 9276
66 9272
163 9240
72 9262
44 9278
55 9271
0 1
46 9246
54 9384
43 9302
55 9265
46 9265
40 9177
62 9219
84 9311
56 9311
69 9273
52 9238
90 9303
60 9323
0 1
69 9297
63 9311
0 1
49 9288
0 1
0 1
48 9287
54 9311
54 9301
61 9346
60 9287
41 9322
57 9321
70 9303
0 1
53 9276
62 9260
40 9283
58 9294
50 9291
58 9236
45 9299
41 9193
0 1
63 9271
71 9263
46 9332
0 1
59 9286
55 9302
39 9231
72 9283
93 9286
61 9240
62 9237
53 9271
43 9299
65 9347
60 9315
49 9275
114 9296
57 9210
61 9276
52 9290
51 9269
45 9212
52 9285
1 2
59 9224
63 9294
41 9220
56 9266
50 9329
42 9308
41 9218
75 9331
55 9300
54 9299
83 9251
66 9236
0 1
79 9253
49 9286
58 9209
72 9262
76 9229
0 1
50 9229
53 9366
48 9212
0 1
54 9286
75 9262
83 9289
42 9326
43 9350
69 9222
97 9302
40 9281
46 9253
52 9334
60 9342
94 9281
58 9294
51 9339
0 1
42 9277
52 9269
46 9269
77 9310
50 9268
49 9318
0 1
0 1
49 9372
82 9285
48 9269
43 9320
47 9296
109 9357
53 9311
48 9366
69 9297
87 9274
55 9348
71 9287
47 9348
75 9301
72 9236
48 9185
40 9230
73 9251
77 9356
51 9316
46 9228
61 9313
47 9304
57 9343
48 9243
40 9309
56 9239
47 9225
49 9258
0 1
86 9273
91 9281
96 9236
43 9279
56 9233
53 9323
56 9252
50 9230
74 9248
80 9308
61 9181
51 9242
54 9262
58 9283
72 9344
48 9260
6 2
67 9294
48 9323
40 9314
59 9320
66 9351
49 9262
70 9231
53 9350
56 9258
45 9291
48 9280
55 9216
50 9249
50 9368
64 9354
63 9303
72 9256
53 9301
44 9314
62 9286
84 9261
42 9230
43 9317
77 9312
51 9354
70 9283
74 9322
52 9299
66 9299
72 9267
50 9320
0 1
51 9360
0 1
122 9283
82 9269
48 9306
93 9287
0 1
60 9265
55 9399
66 9282
45 9327
41 9282
48 9260
0 1
55 9299
59 9212
75 9280
53 9297
65 9306
83 9271
82 9276
79 9321
65 9351
50 9266
56 9318
49 9245
46 9216
48 9163
49 9247
49 9297
88 9294
0 1
42 9224
19 3
51 9295
51 9363
63 9304
52 9311
55 9285
52 9337
49 9359
109 9314
46 9302
45 9292
46 9306
79 9255
55 9258
54 9375
54 9299
45 9302
0 1
17 2
50 9333
95 9231
44 9213
47 9308
57 9294
103 9310
34 4
45 9265
70 9288
0 1
73 9214
57 9274
51 9278
65 9408
49 9233
0 1
124 9193
99 9226
51 9346
71 9195
70 9315
65 9283
44 9236
57 9313
62 9323
48 9240
66 9355
47 9325
56 9294
84 9360
100 9326
0 1
105 9299
63 9317
42 9265
58 9314
42 9331
64 9296
59 9229
6 2
91 9297
80 9292
63 9254
53 9221
102 9270
61 9258
41 9273
45 9265
0 1
65 9365
52 9282
61 9218
72 9309
61 9270
51 9287
48 9210
86 9265
0 1
54 9242
73 9276
62 9307
101 9323
61 9366
60 9237
71 9272
0 1
59 9241
57 9293
58 9306
28 8
76 9294
44 9304
47 9322
64 9192
66 9292
44 9337
51 9369
44 9303
95 9275
62 9259
60 9300
47 9245
63 9290
77 9334
42 9249
61 9321
43 9316
67 9285
99 9417
56 9331
44 9331
81 9209
0 1
58 9348
55 9255
67 9317
48 9313
41 9220
47 9242
58 9240
38 9263
70 9298
106 9270
47 9314
0 1
128 9279
84 9322
55 9266
59 9318
70 9396
50 9317
58 9262
62 9238
130 9246
74 9358
54 9216
50 9272
0 1
38 9310
74 9233
42 9304
56 9253
53 9349
59 9278
56 9330
43 9282
121 9350
156 9345
52 9240
66 9363
0 1
88 9241
68 9380
43 9359
84 9345
56 9351
67 9343
49 9305
68 9224
0 1
62 9307
125 9247
106 9267
68 9335
54 9331
67 9233
64 9297
58 9288
45 9305
41 9270
53 9260
124 9222
45 2
57 9222
41 9338
59 9345
57 9284
0 1
0 1
69 9270
0 1
8 2
81 9358
47 9328
63 9296
81 9341
57 9248
89 9311
87 9290
73 9267
47 9240
78 9362
47 9311
46 9292
66 9251
82 9250
0 1
56 9323
57 9306
49 9318
48 9226
98 9278
62 9308
52 9279
54 9301
41 9255
49 9356
86 9293
79 9253
74 9302
43 9317
42 9300
44 9250
82 9284
54 9295
51 9194
125 9298
53 9325
97 9247
51 9338
97 9323
91 9268
50 9246
49 9246
51 9256
0 1
55 9177
84 9368
53 9221
82 9170
42 9389
49 9329
45 9295
75 9322
67 9344
68 9294
0 1
47 9213
50 9307
96 9272
143 9247
97 9283
25 3
75 9395
64 9284
76 9304
76 9318
49 9229
58 9285
81 9275
55 9306
104 9320
55 9290
48 9322
54 9205
78 9252
43 9249
50 9302
46 9331
47 9300
61 9247
48 9260
49 9281
64 9244
59 9306
44 9318
54 9305
46 9309
49 9346
48 9228
75 9200
72 9291
44 9300
49 9283
54 9268
65 9260
81 9253
58 9160
0 1
62 9272
107 9303
77 9227
132 9318
51 9299
64 9294
68 9349
60 9254
44 9312
65 9348
75 9202
82 9337
74 9279
58 9324
59 9269
41 9301
61 9286
50 9276
64 9263
175 9270
46 9249
50 9286
56 9282
60 9358
50 9331
71 9278
0 1
57 9252
61 9344
50 9308
78 9239
46 9333
69 9322
77 9417
57 9222
0 1
0 1
113 9303
51 9224
46 9299
50 9334
42 9209
51 9289
99 9258
57 9241
107 9348
48 9306
92 9248
56 9253
119 9259
60 9324
53 9331
80 9300
80 9276
83 9219
47 9256
56 9328
57 9316
114 9259
47 9255
52 9325
43 9360
49 9346
0 1
55 9237
0 1
49 9291
79 9276
104 9288
63 9187
0 1
0 1
51 9306
20 2
65 9255
51 9260
0 1
58 9375
65 9332
51 9239
55 9299
60 9275
74 9310
84 9303
103 9333
47 9332
49 9214
0 1
67 9270
0 1
62 9282
111 9293
0 1
63 9353
86 9325
47 9282
48 9322
118 9265
55 9364
85 9330
52 9297
38 9243
66 9355
68 9227
64 9303
65 9313
114 9308
72 9309
53 9312
101 9260
63 9271
51 9315
74 9275
51 9202
103 9297
60 9286
59 9274
57 9278
51 9296
67 9207
48 9256
90 9277
136 9166
65 9266
0 1
44 9292
55 9294
99 9304
114 9285
64 9330
109 9295
0 1
49 9331
53 9301
53 9277
