40 9290
44 9272
46 9223
41 9320
38 9258
61 9292
46 9330
39 9245
59 9240
46 9283
54 9295
42 9251
44 9323
42 9290
50 9239
42 9344
42 9189
45 9325
44 9332
48 9292
45 9222
40 9317
40 9278
60 9290
42 9258
40 9296
45 9373
44 9297
46 9327
47 9264
46 9242
48 9341
43 9204
39 9295
70 9262
44 9327
42 9306
41 9238
43 9252
46 9255
39 9387
50 9312
43 9277
43 9346
37 9267
43 9353
43 9233
38 9313
40 9320
41 9276
39 9395
38 9327
40 9263
40 9251
42 9352
44 9285
39 9243
42 9280
46 9283
41 9295
41 9330
39 9316
41 9349
42 9309
38 9243
38 9324
45 9315
43 9275
51 9308
38 9174
38 9359
36 9324
41 9253
39 9228
39 9298
39 9233
38 9274
43 9204
41 9266
40 9284
38 9340
40 9154
40 9327
40 9362
37 9360
37 9288
37 9353
38 9296
46 9262
40 9251
37 9303
44 9253
40 9333
38 9305
40 9319
37 9306
38 9283
39 9322
39 9332
40 9288
60 9226
44 9283
38 9330
40 9246
41 9339
38 9305
40 9311
43 9341
42 9157
42 9205
42 9199
39 9289
40 9319
43 9224
39 9322
39 9348
43 9352
41 9284
40 9275
40 9226
37 9232
42 9205
38 9288
39 9315
43 9277
38 9281
39 9316
42 9288
39 9231
38 9343
41 9293
39 9296
39 9236
42 9260
41 9242
39 9259
41 9304
40 9317
40 9362
41 9278
42 9222
41 9342
48 9302
41 9265
39 9187
37 9205
41 9332
38 9309
44 9319
42 9284
45 9182
43 9259
39 9315
39 9228
38 9314
44 9293
40 9224
39 9304
43 9334
44 9307
41 9243
40 9241
40 9310
38 9302
42 9253
42 9286
40 9365
40 9301
39 9198
41 9274
38 9308
43 9232
40 9343
39 9284
42 9238
38 9309
38 9277
41 9294
62 9248
40 9278
41 9295
40 9237
42 9245
41 9357
40 9269
40 9301
44 9237
44 9231
47 9343
45 9195
42 9357
39 9325
41 9198
38 9251
39 9221
40 9281
42 9219
42 9222
39 9286
42 9378
39 9297
42 9243
39 9149
47 9418
37 9283
41 9250
37 9243
38 9230
45 9265
39 9279
39 9234
44 9222
41 9285
42 9352
0 1
44 9241
44 9190
40 9332
40 9258
45 9195
42 9311
40 9280
40 9321
39 9290
42 9291
51 9282
40 9287
44 9332
42 9277
38 9348
41 9299
39 9255
41 9321
39 9273
46 9300
41 9280
44 9288
41 9346
43 9232
37 9281
41 9332
41 9257
40 9362
41 9259
45 9282
38 9250
43 9237
44 9255
38 9270
43 9291
38 9256
39 9299
49 9210
46 9300
60 9257
45 9280
41 9292
47 9252
59 9201
42 9320
45 9289
45 9368
46 9349
41 9293
41 9301
47 9290
42 9302
44 9223
43 9270
46 9282
45 9339
44 9255
48 9261
50 9279
45 9312
43 9304
41 9272
44 9200
53 9334
42 9297
47 9243
44 9310
40 9277
46 9300
42 9325
41 9263
57 9237
46 9242
45 9297
38 9411
45 9265
53 9274
43 9301
50 9282
45 9333
59 9302
69 9245
52 9355
40 9250
43 9320
40 9237
44 9291
40 9274
41 9234
41 9248
37 9344
40 9256
43 9269
39 9249
42 9303
42 9250
0 1
43 9330
40 9260
40 9267
42 9336
40 9212
40 9318
46 9199
36 9240
43 9294
39 9228
42 9295
38 9254
39 9375
38 9332
41 9310
41 9267
38 9248
40 9297
55 9269
39 9293
43 9336
40 9361
51 9321
50 9304
48 9285
44 9293
42 9316
51 9346
46 9281
45 9280
44 9240
0 1
51 9223
46 9289
41 9277
42 9347
59 9261
91 9230
61 9224
39 9262
38 9314
47 9284
45 9252
69 9289
41 9276
43 9272
41 9260
40 9303
40 9287
40 9272
38 9288
42 9262
44 9304
41 9344
41 9245
39 9273
40 9263
41 9258
38 9264
39 9327
39 9287
42 9340
43 9395
48 9248
40 9316
40 9227
44 9328
38 9344
39 9230
42 9343
40 9244
41 9324
42 9227
40 9306
40 9228
44 9324
44 9335
39 9257
41 9269
41 9216
42 9280
38 9293
37 9354
43 9365
42 9334
43 9283
40 9297
39 9258
39 9215
40 9251
43 9365
37 9298
38 9282
47 9299
38 9231
41 9146
40 9274
41 9250
40 9278
41 9288
42 9200
44 9361
43 9264
54 9298
48 9350
50 9326
49 9255
56 9284
60 9337
44 9227
49 9334
47 9288
41 9298
47 9280
47 9351
47 9295
37 9313
52 9323
41 9322
51 9271
60 9271
55 9157
68 9369
55 9300
44 9278
40 9322
44 9288
36 9326
41 9357
86 9291
42 9274
45 9267
48 9267
39 9273
41 9185
42 9324
44 9239
41 9277
40 9249
42 9225
41 9344
46 9300
43 9288
43 9266
38 9339
41 9300
37 9279
39 9309
43 9282
38 9269
40 9339
40 9308
40 9302
39 9332
40 9293
42 9200
40 9269
40 9286
38 9197
44 9273
41 9367
38 9278
39 9279
42 9298
39 9236
43 9304
40 9222
38 9202
69 9297
63 9220
71 9294
5 2
55 9350
45 9368
45 9267
62 9369
63 9236
56 9310
51 9186
60 9357
45 9250
71 9308
44 9312
46 9319
57 9278
52 9275
40 9293
51 9195
54 9301
47 9314
42 9376
42 9317
48 9337
43 9383
45 9230
42 9272
42 9312
44 9284
44 9260
41 9298
43 9248
39 9317
39 9209
42 9320
40 9236
44 9291
41 9333
44 9298
39 9350
49 9192
41 9269
43 9282
39 9293
39 9218
42 9289
51 9340
0 1
40 9320
41 9275
47 9311
41 9255
45 9244
48 9331
41 9209
43 9283
44 9223
39 9335
63 9366
41 9306
41 9302
51 9202
40 9381
42 9305
38 9326
42 9244
43 9279
41 9253
48 9252
42 9220
42 9262
45 9427
41 9255
41 9279
41 9346
48 9293
40 9298
40 9302
39 9265
39 9195
45 9257
47 9237
45 9354
50 9280
43 9287
58 9297
45 9295
42 9200
49 9282
46 9348
43 9282
47 9357
51 9330
40 9219
40 9361
42 9302
42 9334
40 9318
38 9238
41 9320
44 9138
42 9304
40 9294
40 9322
44 9185
37 9186
40 9259
41 9220
44 9206
42 9272
41 9243
40 9293
41 9392
39 9365
40 9339
41 9189
42 9257
42 9281
46 9289
41 9269
38 9348
44 9283
44 9247
39 9362
39 9269
39 9242
42 9293
41 9140
40 9291
41 9298
38 9309
41 9236
55 9341
49 9314
67 9278
89 9279
71 9239
52 9240
69 9273
78 9417
87 9314
41 9278
38 9243
50 9333
39 9301
42 9228
38 9302
43 9267
41 9308
46 9292
41 9323
70 9362
47 9364
55 9320
36 9224
44 9234
42 9253
40 9218
42 9313
51 9301
41 9315
40 9349
42 9326
39 9236
39 9228
41 9238
42 9239
48 9243
44 9296
40 9309
42 9237
42 9367
42 9404
45 9289
46 9253
40 9270
42 9352
42 9222
66 9286
67 9351
52 9326
0 1
94 9322
42 9338
40 9284
43 9344
43 9274
41 9342
41 9278
40 9300
44 9319
40 9267
48 9231
43 9262
42 9263
41 9252
41 9275
40 9310
45 9267
82 9331
41 9314
40 9278
42 9262
45 9281
51 9237
50 9294
47 9255
46 9346
45 9295
47 9330
59 9200
54 9356
58 9250
45 9311
46 9276
58 9288
39 9274
42 9336
47 9210
39 9308
44 9340
42 9369
42 9338
44 9360
42 9309
39 9198
41 9347
39 9312
43 9247
43 9291
39 9212
45 9286
44 9365
38 9241
44 9306
46 9346
60 9305
46 9262
46 9322
45 9395
48 9272
37 9221
48 9276
45 9279
43 9312
40 9272
39 9291
39 9291
41 9314
40 9292
46 9298
40 9288
41 9234
43 9280
41 9312
43 9239
42 9218
45 9309
46 9328
64 9354
42 9263
38 9242
62 9344
37 9353
54 9271
53 9338
42 9210
38 9356
56 9264
45 9257
50 9295
42 9328
42 9292
41 9322
42 9254
37 9287
38 9302
39 9214
43 9321
41 9302
40 9304
38 9324
42 9276
41 9241
41 9246
39 9302
41 9285
42 9297
39 9326
40 9198
77 9223
40 9312
52 9315
50 9240
40 9266
38 9310
45 9358
87 9276
42 9297
45 9345
41 9184
42 9339
46 9265
54 9292
41 9347
44 9279
44 9320
40 9260
50 9269
39 9255
44 9254
41 9299
44 9220
41 9241
42 9279
40 9259
38 9287
40 9253
43 9342
4 2
41 9323
47 9375
42 9318
43 9297
50 9287
37 9291
43 9299
39 9290
36 9224
44 9246
0 1
55 9247
42 9330
45 9238
0 1
42 9251
41 9295
38 9215
41 9306
56 9209
37 9357
49 9252
43 9257
60 9294
44 9315
44 9309
40 9309
48 9257
48 9332
42 9327
0 1
40 9277
43 9334
43 9271
68 9216
63 9327
42 9323
46 9373
41 9301
40 9301
39 9342
48 9322
40 9264
42 9216
45 9293
41 9356
41 9258
43 9303
39 9327
50 9236
44 9282
40 9332
46 9305
38 9370
41 9299
38 9216
51 9308
39 9278
39 9287
45 9325
41 9285
42 9340
46 9339
40 9258
42 9303
42 9353
46 9271
35 9282
39 9243
37 9297
41 9308
68 9268
40 9289
44 9336
41 9264
42 9271
44 9275
43 9348
40 9341
37 9278
38 9271
84 9261
40 9345
47 9283
40 9272
43 9234
38 9285
46 9344
37 9247
59 9213
45 9282
42 9267
39 9405
43 9322
42 9391
44 9286
46 9212
42 9349
39 9239
40 9391
42 9335
42 9298
47 9241
54 9304
45 9336
38 9335
45 9345
42 9384
45 9289
54 9322
42 9307
43 9165
43 9278
47 9248
46 9337
39 9233
45 9278
41 9325
46 9314
42 9212
41 9316
36 9249
38 9317
41 9282
52 9343
44 9217
43 9400
43 9281
47 9393
41 9283
39 9266
46 9308
43 9263
40 9306
45 9313
43 9370
38 9367
41 9340
41 9294
0 1
41 9269
43 9326
42 9333
39 9292
41 9245
43 9319
40 9297
39 9314
41 9290
41 9229
41 9344
42 9273
39 9291
41 9300
38 9337
43 9296
45 9209
40 9319
48 9254
46 9322
48 9265
45 9294
51 9320
45 9229
44 9316
41 9342
50 9329
48 9365
46 9300
41 9283
41 9307
45 9358
42 9230
39 9298
67 9248
43 9267
43 9329
41 9377
47 9253
39 9302
42 9233
40 9363
42 9272
56 9351
46 9315
76 9277
39 9256
60 9261
60 9306
42 9312
70 9275
44 9313
42 9296
40 9357
39 9261
42 9339
37 9302
42 9319
38 9326
41 9324
44 9305
40 9225
40 9335
42 9277
41 9384
40 9267
42 9267
38 9299
38 9341
41 9206
41 9263
45 9287
39 9227
37 9358
38 9218
39 9201
44 9296
49 9327
42 9305
59 9268
52 9344
43 9379
47 9234
45 9287
47 9280
41 9233
50 9297
45 9209
50 9134
63 9305
45 9274
49 9361
41 9288
43 9254
43 9278
0 1
161 9344
45 9269
47 9207
39 9242
54 9220
45 9269
45 9224
42 9345
42 9345
55 9372
39 9342
52 9398
48 9278
53 9302
47 9284
63 9314
53 9297
49 9335
47 9393
64 9292
53 9394
72 9302
79 9374
49 9294
48 9204
46 9337
44 9266
0 1
50 9259
51 9260
44 9313
0 1
48 9239
46 9269
44 9245
40 9219
42 9256
45 9274
44 9285
49 9344
43 9320
47 9343
42 9321
46 9293
39 9240
42 9392
49 9257
36 9262
43 9226
44 9269
39 9297
40 9254
45 9316
40 9267
39 9291
39 9261
41 9388
38 9233
39 9242
42 9276
42 9349
41 9250
39 9257
38 9271
42 9248
40 9334
43 9316
40 9267
41 9238
39 9212
40 9263
44 9324
41 9240
42 9289
39 9245
39 9230
43 9315
43 9386
40 9314
42 9344
42 9301
46 9285
44 9315
43 9279
42 9272
47 9393
43 9350
44 9290
41 9236
42 9324
45 9291
43 9285
43 9272
47 9237
42 9324
47 9313
44 9290
41 9294
47 9311
46 9281
42 9224
46 9251
44 9320
46 9332
48 9217
43 9251
48 9312
52 9287
45 9286
45 9230
47 9353
48 9331
42 9269
44 9295
45 9256
46 9288
48 9316
45 9223
45 9213
49 9371
48 9301
49 9242
45 9275
45 9238
47 9260
44 9247
49 9243
45 9383
48 9339
50 9256
47 9378
47 9266
42 9344
44 9279
43 9240
77 9315
43 9292
40 9304
44 9221
58 9253
72 9275
53 9248
47 9325
50 9235
45 9237
43 9321
60 9316
49 9298
47 9347
48 9327
43 9185
45 9280
44 9246
44 9250
50 9335
44 9226
48 9337
41 9349
46 9202
41 9253
52 9210
0 1
47 9300
44 9217
43 9369
46 9274
39 9300
44 9306
42 9190
41 9248
40 9264
39 9335
39 9312
38 9260
40 9265
43 9289
0 1
44 9212
42 9295
41 9390
49 9301
53 9316
41 9297
43 9275
49 9327
44 9277
44 9334
44 9347
40 9324
40 9280
40 9153
39 9286
41 9312
41 9314
45 9225
45 9282
43 9390
60 9357
47 9286
42 9234
47 9268
43 9325
41 9228
40 9292
39 9273
47 9433
42 9277
40 9330
41 9306
42 9321
46 9215
49 9280
41 9288
46 9246
47 9311
42 9304
44 9293
40 9323
47 9251
37 9334
45 9294
41 9281
44 9231
50 9279
50 9249
43 9238
43 9265
50 9263
49 9226
40 9285
46 9318
42 9270
44 9323
47 9245
48 9229
42 9356
49 9276
40 9370
47 9241
44 9207
38 9267
59 9377
42 9234
40 9355
38 9190
41 9318
41 9310
45 9278
43 9316
41 9293
46 9286
44 9329
42 9282
38 9349
43 9246
37 9259
43 9344
46 9294
45 9295
42 9272
44 9278
38 9273
45 9307
43 9307
40 9275
41 9345
43 9308
41 9345
47 9271
43 9267
47 9348
41 9236
44 9337
41 9282
38 9198
41 9231
43 9298
39 9369
39 9324
38 9306
44 9378
40 9302
44 9371
40 9333
40 9227
41 9289
39 9241
40 9319
41 9378
44 9308
40 9320
39 9247
47 9260
44 9313
46 9317
45 9334
40 9225
39 9301
44 9307
39 9261
41 9421
46 9347
51 9294
41 9317
40 9313
41 9248
42 9278
36 9244
48 9272
43 9287
42 9375
42 9277
43 9282
38 9218
42 9294
43 9249
42 9303
41 9315
38 9272
41 9271
38 9264
43 9288
38 9263
41 9324
37 9245
41 9362
41 9271
39 9203
39 9246
42 9306
44 9224
48 9262
42 9327
50 9259
42 9288
43 9356
45 9283
42 9328
49 9297
41 9230
41 9350
40 9281
43 9275
40 9302
39 9343
42 9277
47 9319
42 9339
48 9347
42 9240
44 9282
44 9294
40 9298
46 9317
44 9240
42 9296
43 9250
38 9281
47 9337
41 9311
63 9227
40 9332
40 9251
40 9246
40 9351
40 9339
40 9291
39 9215
40 9327
41 9328
46 9247
43 9379
40 9250
41 9272
41 9247
44 9290
40 9303
50 9278
47 9315
47 9270
40 9225
43 9264
42 9338
42 9330
41 9180
36 9266
39 9299
40 9330
42 9268
45 9199
42 9289
41 9320
38 9251
42 9292
41 9232
43 9372
44 9395
42 9266
37 9316
45 9338
45 9254
42 9264
42 9247
39 9321
42 9294
40 9337
44 9348
39 9319
38 9338
40 9269
42 9334
43 9293
44 9319
44 9295
41 9232
41 9304
45 9276
41 9284
47 9317
41 9257
42 9305
42 9243
41 9278
40 9293
43 9306
42 9270
48 9238
42 9294
40 9262
42 9304
41 9243
41 9315
41 9301
38 9281
40 9289
39 9292
37 9307
41 9334
42 9195
41 9319
44 9338
43 9304
44 9271
42 9282
40 9258
50 9351
46 9266
50 9256
41 9217
41 9192
44 9260
43 9255
41 9318
43 9332
40 9346
44 9298
43 9280
41 9306
40 9178
41 9252
45 9303
42 9251
41 9259
41 9340
50 9250
40 9340
37 9341
45 9344
38 9288
41 9389
38 9337
42 9245
41 9300
40 9249
44 9287
36 9262
39 9252
41 9205
43 9314
43 9215
43 9354
43 9287
47 9367
40 9223
44 9273
44 9267
46 9265
39 9301
41 9212
41 9321
40 9229
42 9300
42 9258
40 9231
42 9271
51 9271
39 9398
44 9251
40 9234
48 9288
40 9299
39 9246
41 9250
40 9300
41 9294
43 9254
40 9273
40 9239
43 9377
38 9308
44 9301
37 9275
48 9273
40 9290
41 9422
44 9310
40 9339
39 9280
43 9386
42 9276
46 9271
57 9282
41 9284
44 9271
41 9299
48 9266
41 9319
46 9220
43 9277
41 9301
48 9216
42 9257
45 9242
41 9351
55 9261
48 9312
43 9264
45 9216
44 9238
43 9217
44 9280
46 9258
66 9290
40 9311
38 9303
42 9320
40 9319
0 1
51 9268
39 9260
42 9257
94 9266
42 9254
43 9285
43 9321
53 9328
65 9377
47 9264
48 9279
44 9297
38 9306
37 9328
45 9289
43 9331
45 9233
40 9326
39 9277
41 9301
47 9262
85 9288
58 9308
59 9314
61 9301
45 9240
48 9258
43 9307
40 9334
65 9315
43 9263
47 9347
41 9354
41 9309
41 9301
41 9352
42 9315
46 9253
47 9319
42 9264
42 9279
52 9360
42 9231
42 9375
47 9357
50 9253
42 9330
45 9316
45 9255
54 9267
72 9241
40 9272
39 9323
56 9247
42 9266
41 9269
40 9235
55 9292
43 9274
42 9342
0 1
61 9335
51 9375
53 9378
52 9252
50 9266
43 9293
68 9242
44 9273
57 9158
40 9312
43 9194
48 9422
41 9278
42 9325
42 9264
43 9301
39 9245
45 9385
45 9281
43 9341
40 9296
40 9325
42 9238
40 9307
42 9307
42 9267
45 9286
44 9282
43 9350
44 9260
41 9360
43 9287
42 9282
42 9365
49 9306
59 9373
62 9276
16 3
52 9314
0 1
44 9251
58 9283
44 9263
53 9312
41 9274
43 9299
42 9323
43 9293
51 9327
45 9341
51 9357
51 9268
55 9309
42 9209
42 9341
38 9229
42 9287
44 9198
41 9300
42 9227
40 9321
45 9288
44 9339
48 9263
44 9270
42 9333
40 9320
45 9256
38 9263
37 9319
43 9300
41 9316
46 9381
41 9339
48 9271
44 9271
41 9247
41 9370
39 9330
47 9304
43 9334
42 9219
41 9337
43 9237
41 9355
42 9186
44 9212
53 9332
44 9228
41 9310
59 9306
46 9343
42 9374
42 9309
68 9269
42 9280
41 9251
45 9276
59 9252
50 9236
49 9306
46 9277
45 9325
45 9283
48 9297
53 9246
39 9280
48 9263
42 9306
48 9247
40 9224
44 9328
43 9259
41 9285
59 9326
46 9257
41 9258
49 9300
37 9301
48 9300
39 9268
52 9344
81 9236
63 9343
61 9342
45 9333
58 9355
54 9273
38 9291
55 9293
45 9273
53 9264
75 9342
0 1
39 9314
55 9324
63 9308
52 9301
54 9310
48 9341
47 9257
43 9256
39 9288
39 9315
53 9304
41 9299
38 9259
40 9309
38 9267
42 9290
48 9259
41 9202
39 9213
41 9264
51 9268
44 9260
42 9326
40 9197
37 9224
37 9269
42 9305
44 9335
49 9267
38 9317
47 9316
39 9361
43 9371
62 9331
43 9276
99 9405
47 9324
44 9261
50 9307
43 9270
43 9222
47 9301
44 9279
65 9249
44 9346
47 9258
37 9295
48 9351
38 9294
55 9362
44 9273
47 9252
45 9288
0 1
42 9318
49 9333
42 9241
50 9288
42 9397
38 9247
43 9380
42 9336
46 9339
42 9337
40 9294
69 9354
45 9269
42 9357
41 9292
43 9364
44 9367
40 9328
43 9329
43 9298
40 9274
47 9272
42 9289
63 9304
44 9294
38 9301
45 9341
41 9286
42 9292
49 9290
48 9338
48 9287
42 9301
44 9353
39 9297
41 9328
40 9325
46 9415
45 9283
43 9300
42 9303
41 9345
42 9272
42 9367
48 9297
0 1
47 9289
48 9235
84 9279
41 9342
44 9332
46 9198
41 9253
40 9356
45 9263
45 9349
41 9296
40 9296
45 9320
41 9333
43 9284
66 9331
46 9270
47 9270
43 9292
46 9338
44 9269
52 9262
42 9310
46 9311
42 9266
52 9304
42 9303
45 9232
46 9265
44 9371
40 9293
43 9304
43 9258
43 9390
47 9272
41 9330
49 9259
40 9239
0 1
38 9305
52 9288
40 9222
39 9297
47 9378
41 9268
48 9271
62 9272
41 9230
52 9366
42 9331
38 9227
39 9325
44 9236
42 9363
47 9307
47 9339
41 9274
41 9308
44 9300
43 9247
45 9289
50 9271
61 9372
47 9261
43 9306
40 9268
45 9378
41 9287
43 9323
45 9351
42 9290
49 9269
53 9336
54 9239
39 9303
42 9239
44 9290
47 9323
48 9339
47 9306
39 9277
40 9347
49 9255
42 9333
64 9360
41 9259
55 9336
56 9280
52 9240
36 9208
72 9240
44 9246
46 9292
47 9225
41 9332
43 9258
43 9262
48 9337
43 9381
41 9310
46 9313
41 9315
41 9354
49 9247
56 9317
37 9226
43 9386
41 9345
42 9378
55 9290
97 9316
39 9258
54 9338
42 9320
48 9258
52 9298
45 9337
63 9390
42 9302
41 9291
44 9286
46 9283
39 9359
45 9349
45 9271
47 9307
45 9263
44 9360
44 9291
42 9308
61 9346
44 9319
71 9284
41 9315
36 9271
45 9328
42 9361
51 9327
43 9269
48 9325
45 9353
41 9288
44 9355
41 9282
44 9304
43 9282
44 9321
53 9336
44 9275
60 9351
42 9310
49 9331
45 9291
43 9353
38 9170
47 9307
44 9359
43 9395
40 9233
42 9273
51 9346
51 9239
39 9308
42 9293
48 9216
49 9323
51 9272
45 9299
52 9315
54 9310
55 9268
78 9287
48 9272
40 9264
50 9336
42 9289
38 9319
65 9231
37 9320
36 9317
42 9238
48 9206
47 9300
41 9326
48 9241
39 9295
52 9270
42 9262
41 9356
41 9372
37 9327
44 9313
35 9257
45 9261
40 9314
42 9318
48 9236
43 9319
8 2
41 9256
45 9345
47 9228
42 9287
42 9315
45 9306
45 9321
44 9360
38 9238
45 9358
42 9334
44 9283
44 9336
43 9340
45 9290
43 9283
48 9313
40 9361
40 9311
39 9202
53 9322
47 9266
44 9222
46 9291
40 9279
45 9298
42 9279
48 9284
45 9285
44 9297
45 9287
43 9292
40 9306
44 9223
37 9281
40 9290
41 9187
43 9267
43 9300
36 9250
42 9303
44 9193
39 9293
41 9278
39 9272
44 9253
44 9315
40 9275
40 9305
42 9377
47 9318
40 9256
42 9338
41 9266
47 9287
47 9239
65 9156
55 9326
54 9294
83 9411
51 9331
45 9346
43 9314
46 9292
98 9294
58 9324
41 9327
45 9331
48 9253
38 9286
40 9232
43 9285
44 9200
42 9209
43 9361
43 9296
46 9231
58 9332
43 9258
42 9259
52 9338
39 9287
42 9336
44 9196
46 9346
46 9307
40 9379
65 9344
40 9322
63 9234
40 9263
41 9279
41 9302
43 9268
51 9167
44 9259
42 9291
40 9276
41 9345
41 9241
44 9234
40 9264
38 9189
41 9313
39 9313
46 9268
52 9275
46 9280
41 9289
39 9348
50 9165
39 9190
43 9298
42 9293
39 9289
42 9160
42 9253
44 9273
40 9325
41 9334
42 9231
39 9286
40 9294
37 9257
39 9325
0 1
43 9303
38 9247
47 9230
41 9260
43 9205
42 9294
45 9317
42 9308
42 9336
45 9292
59 9315
72 9250
61 9199
42 9354
42 9386
51 9260
42 9219
37 9270
41 9279
43 9303
39 9342
39 9315
40 9249
40 9323
42 9287
44 9303
40 9230
48 9276
43 9256
45 9303
40 9325
43 9252
41 9205
40 9318
49 9368
45 9358
44 9314
43 9307
44 9283
40 9331
41 9296
44 9278
40 9237
45 9304
54 9243
59 9277
71 9256
68 9298
47 9329
48 9290
44 9314
50 9262
45 9299
47 9315
68 9240
53 9225
0 1
47 9294
55 9385
51 9308
0 1
43 9235
56 9250
46 9216
45 9330
42 9309
57 9283
45 9322
44 9288
43 9335
44 9272
46 9287
43 9269
41 9317
47 9258
39 9244
63 9234
50 9328
55 9256
51 9328
53 9225
44 9307
54 9286
47 9246
64 9245
50 9368
61 9256
43 9302
42 9137
42 9299
51 9296
46 9293
42 9287
52 9269
39 9284
44 9254
44 9346
41 9308
44 9246
45 9332
47 9316
76 9216
43 9329
41 9288
47 9251
46 9362
59 9278
51 9212
44 9367
49 9281
0 1
54 9347
38 9247
45 9293
41 9235
40 9337
44 9211
44 9225
63 9316
55 9224
49 9290
46 9287
54 9323
46 9340
50 9377
41 9287
40 9319
50 9320
44 9340
40 9209
41 9284
47 9304
45 9240
46 9292
54 9260
44 9327
53 9374
45 9218
42 9232
48 9271
47 9305
45 9257
39 9282
46 9253
52 9323
37 9262
54 9169
42 9312
43 9285
42 9303
61 9293
52 9241
47 9285
41 9347
64 9337
39 9274
40 9309
42 9325
41 9267
41 9246
42 9270
48 9231
40 9262
51 9337
57 9288
36 9285
40 9307
40 9337
52 9264
43 9280
40 9266
40 9266
45 9206
45 9332
51 9331
43 9302
43 9285
44 9318
41 9293
41 9245
41 9279
40 9284
40 9268
41 9267
46 9316
39 9282
44 9213
49 9227
39 9289
43 9271
44 9388
41 9361
54 9241
44 9399
42 9388
45 9294
46 9316
58 9216
57 9247
64 9194
51 9248
47 9297
47 9361
42 9307
39 9239
40 9291
48 9318
40 9360
40 9200
41 9274
41 9288
41 9289
46 9348
44 9286
0 1
66 9369
55 9308
53 9254
55 9344
48 9342
47 9346
55 9324
55 9283
59 9240
53 9279
47 9266
45 9239
44 9329
51 9278
46 9312
47 9278
44 9242
40 9252
46 9323
40 9297
48 9207
47 9249
45 9317
47 9287
48 9344
50 9339
49 9244
53 9330
48 9173
46 9266
41 9225
46 9262
48 9237
46 9368
46 9367
52 9273
49 9278
52 9364
48 9292
46 9268
42 9231
42 9271
37 9313
77 9328
51 9328
42 9355
40 9292
39 9372
53 9290
51 9337
69 9273
42 9268
42 9267
44 9316
47 9295
48 9335
46 9268
44 9335
55 9297
45 9194
43 9267
40 9263
42 9372
41 9332
45 9332
55 9290
56 9315
43 9297
44 9240
57 9274
49 9258
51 9228
38 9395
38 9194
45 9398
41 9277
43 9308
41 9338
42 9280
46 9205
44 9247
46 9186
39 9333
44 9264
48 9293
56 9312
47 9354
48 9269
40 9238
0 1
48 9309
43 9217
48 9239
45 9361
50 9307
48 9326
48 9257
43 9219
59 9277
41 9233
67 9259
60 9276
50 9284
59 9294
49 9233
46 9313
50 9306
53 9340
52 9279
44 9259
63 9285
56 9292
50 9337
63 9305
52 9243
45 9310
41 9239
47 9341
45 9343
52 9354
67 9290
46 9236
40 9262
58 9263
46 9299
51 9223
70 9345
42 9240
40 9327
41 9271
47 9250
40 9317
45 9243
64 9267
51 9284
43 9448
41 9274
40 9318
48 9313
40 9392
49 9252
43 9233
43 9279
47 9282
52 9264
40 9290
51 9368
50 9265
42 9312
41 9280
49 9250
43 9261
44 9290
42 9352
49 9328
55 9307
41 9274
48 9230
55 9358
69 9258
57 9299
39 9251
45 9260
40 9268
72 9274
86 9282
72 9391
68 9269
66 9276
43 9387
43 9290
51 9261
42 9299
44 9287
49 9259
60 9169
45 9291
60 9319
50 9347
59 9295
68 9298
54 9234
52 9201
49 9235
49 9369
42 9193
45 9308
56 9278
49 9248
40 9280
52 9337
49 9346
40 9254
44 9272
39 9234
79 9202
46 9235
106 9300
53 9285
44 9326
40 9271
45 9346
56 9323
46 9240
45 9325
42 9273
0 1
40 9312
42 9320
39 9229
49 9306
42 9335
43 9238
54 9235
44 9299
40 9316
50 9283
45 9288
42 9255
46 9345
46 9271
62 9197
62 9276
44 9291
42 9307
47 9314
40 9304
64 9280
52 9306
42 9346
50 9232
48 9336
48 9293
40 9328
46 9217
47 9286
48 9283
56 9283
48 9402
42 9300
44 9344
42 9279
48 9272
49 9321
40 9239
48 9308
50 9246
49 9306
50 9266
37 9285
45 9295
40 9238
46 9266
57 9296
44 9333
49 9348
51 9304
46 9236
49 9229
45 9295
47 9232
43 9318
47 9285
44 9343
73 9272
55 9300
49 9364
50 9209
51 9253
82 9187
45 9328
49 9256
52 9289
47 9297
47 9333
51 9302
56 9261
52 9245
42 9243
49 9303
46 9241
46 9164
44 9330
42 9269
50 9356
47 9293
43 9332
84 9271
49 9357
44 9316
64 9243
45 9353
49 9251
46 9269
48 9236
47 9237
51 9313
60 9339
64 9225
42 9285
47 9226
41 9246
45 9244
42 9269
50 9359
41 9345
44 9301
40 9281
45 9290
39 9221
40 9282
41 9304
44 9195
41 9245
42 9246
40 9275
38 9285
41 9329
42 9270
42 9326
42 9181
40 9164
41 9330
43 9256
39 9389
44 9252
39 9267
42 9312
43 9295
42 9250
52 9281
38 9286
39 9285
46 9271
42 9361
43 9250
46 9273
47 9332
50 9407
37 9312
41 9279
44 9315
41 9323
46 9321
50 9259
0 1
45 9331
48 9273
64 9324
70 9291
77 9403
56 9260
55 9283
47 9290
44 9242
54 9294
48 9285
38 9226
67 9297
46 9310
53 9305
45 9266
94 9311
53 9309
42 9223
38 9292
42 9356
48 9296
51 9356
48 9354
44 9295
63 9165
54 9268
42 9356
47 9252
57 9368
48 9310
56 9360
46 9292
45 9346
44 9280
52 9284
42 9286
38 9191
79 9259
44 9259
45 9246
50 9309
43 9207
40 9242
42 9308
52 9211
45 9363
43 9218
43 9336
72 9272
40 9253
57 9291
0 1
70 9344
58 9287
64 9323
50 9236
53 9300
44 9259
42 9280
40 9276
42 9390
42 9277
47 9306
43 9311
39 9246
48 9261
39 9287
43 9301
43 9224
42 9332
39 9327
40 9315
42 9370
42 9282
41 9206
44 9366
39 9350
54 9349
44 9366
46 9286
42 9310
41 9283
0 1
116 9280
68 9209
42 9294
40 9337
42 9243
38 9224
40 9280
52 9334
56 9291
41 9361
42 9208
48 9255
41 9307
40 9276
47 9328
52 9246
37 9264
38 9259
41 9273
50 9343
43 9328
44 9257
45 9247
40 9324
43 9331
41 9352
42 9343
38 9256
40 9290
41 9277
37 9295
38 9350
43 9263
42 9368
42 9239
42 9317
42 9311
50 9246
40 9347
45 9337
40 9249
41 9268
43 9240
0 1
45 9336
45 9289
40 9304
47 9333
42 9228
42 9351
44 9220
51 9234
42 9204
42 9295
40 9354
41 9404
49 9245
40 9326
40 9305
40 9330
45 9302
63 9245
43 9227
47 9318
45 9329
42 9303
0 1
64 9337
45 9328
68 9280
47 9344
53 9382
48 9297
59 9313
50 9307
101 9245
48 9355
49 9260
43 9207
48 9234
45 9345
47 9243
43 9373
54 9284
48 9380
59 9238
50 9214
63 9246
41 9269
43 9292
42 9296
42 9269
42 9302
50 9230
39 9362
41 9264
40 9267
38 9257
44 9288
45 9281
46 9332
59 9380
39 9381
44 9341
39 9250
42 9255
55 9341
44 9212
37 9241
42 9332
45 9335
47 9216
49 9261
38 9290
53 9210
41 9292
45 9317
41 9316
38 9329
46 9284
48 9263
44 9351
42 9288
67 9294
68 9315
93 9236
50 9340
51 9305
41 9284
45 9328
47 9283
41 9268
41 9332
43 9239
46 9284
38 9300
44 9240
46 9299
60 9300
61 9319
50 9298
70 9191
46 9297
41 9367
41 9223
43 9366
43 9249
45 9267
44 9297
41 9244
43 9205
40 9203
40 9344
45 9276
40 9327
40 9198
44 9251
43 9264
44 9333
43 9260
45 9260
42 9258
48 9199
48 9290
44 9301
40 9285
47 9264
51 9325
44 9259
39 9257
59 9356
43 9267
44 9296
47 9310
44 9308
46 9220
41 9237
47 9243
43 9254
59 9294
41 9292
48 9249
43 9240
45 9234
42 9261
44 9326
43 9270
78 9302
74 9223
61 9270
54 9284
54 9305
51 9368
38 9308
38 9163
37 9322
69 9382
43 9237
42 9362
51 9284
51 9222
47 9342
41 9272
47 9382
45 9260
42 9319
41 9229
42 9298
46 9285
45 9290
45 9198
48 9276
53 9255
2 2
43 9258
61 9254
89 9314
39 9257
50 9228
42 9282
40 9338
42 9310
49 9301
45 9273
42 9218
48 9279
59 9279
46 9295
51 9244
44 9288
46 9305
46 9217
41 9284
0 1
47 9232
46 9252
62 9353
46 9326
84 9345
55 9246
42 9261
42 9308
52 9263
39 9316
38 9306
43 9372
47 9271
44 9248
41 9219
43 9370
54 9222
39 9330
52 9348
48 9332
42 9246
41 9242
60 9286
72 9314
47 9242
67 9348
68 9217
64 9269
50 9313
59 9274
0 1
59 9335
0 1
46 9236
50 9197
58 9260
41 9250
44 9232
47 9283
40 9316
38 9231
41 9347
42 9296
41 9332
45 9213
37 9252
49 9240
42 9299
42 9224
41 9345
41 9336
42 9307
43 9315
43 9228
42 9269
40 9255
44 9334
43 9400
43 9344
41 9265
44 9331
40 9225
40 9306
41 9336
51 9289
56 9337
50 9320
56 9285
54 9247
48 9266
48 9284
45 9328
48 9328
49 9243
42 9357
43 9263
49 9194
45 9310
46 9226
44 9291
45 9329
45 9183
10 2
81 9209
53 2
50 9329
43 9342
42 9327
47 9326
41 9261
46 9301
44 9253
40 9354
41 9276
46 9398
40 9377
54 9194
62 9226
55 9233
55 9279
47 9242
47 9273
53 9306
46 9320
41 9310
40 9275
43 9302
53 9292
41 9323
42 9313
40 9260
40 9293
42 9184
39 9333
40 9276
45 9222
41 9256
57 9266
54 9219
43 9274
42 9285
41 9300
41 9164
40 9277
47 9364
43 9289
47 9327
42 9227
39 9237
47 9355
42 9331
41 9316
40 9276
41 9389
44 9370
38 9285
49 9259
39 9303
42 9290
39 9362
44 9238
45 9288
44 9253
52 9366
41 9293
43 9292
68 9321
60 9296
41 9289
39 9307
39 9256
41 9284
42 9315
38 9237
44 9326
39 9243
44 9279
43 9314
38 9179
40 9304
41 9289
40 9155
42 9222
42 9332
41 9291
43 9329
50 9332
42 9384
37 9299
37 9280
42 9289
41 9291
44 9276
109 9342
44 9274
52 9336
45 9341
40 9284
46 9298
43 9230
40 9311
47 9284
51 9245
43 9276
50 9343
40 9331
42 9281
43 9259
48 9295
39 9284
47 9251
9 2
49 9231
57 9314
42 9277
49 9249
44 9340
40 9328
45 9248
44 9302
39 9261
45 9347
47 9344
45 9284
48 9196
44 9403
46 9280
45 9243
45 9260
50 9314
46 9256
40 9388
42 9307
64 9332
41 9254
38 9352
43 9271
43 9256
46 9299
46 9268
52 9302
39 9259
0 1
43 9291
40 9264
44 9249
48 9317
50 9333
38 9213
59 9289
49 9303
42 9233
50 9269
56 9264
50 9258
56 9300
43 9315
40 9296
46 9265
40 9233
43 9324
40 9215
41 9411
47 9264
52 9211
45 9363
46 9321
43 9367
43 9305
46 9419
49 9340
43 9263
43 9322
39 9276
60 9295
50 9286
47 9271
59 9265
42 9201
46 9279
69 9305
40 9365
49 9220
49 9331
45 9301
43 9296
44 9289
42 9293
38 9330
42 9396
44 9352
46 9344
39 9304
42 9270
42 9209
46 9224
43 9305
0 1
80 9332
42 9260
40 9302
43 9166
41 9280
63 9245
47 9167
53 9292
79 9291
48 9351
47 9372
49 9285
58 9291
58 9307
43 9266
44 9266
40 9274
39 9326
60 9329
54 9344
40 9197
49 9263
45 9295
43 9315
43 9275
42 9282
43 9221
41 9329
40 9240
52 9254
41 9306
43 9327
46 9327
52 9339
43 9367
41 9209
42 9291
43 9309
42 9252
48 9320
45 9263
41 9215
41 9319
55 9371
55 9298
45 9376
46 9214
44 9288
50 9227
44 9265
47 9331
45 9314
50 9270
48 9351
44 9237
45 9307
50 9254
41 9364
49 9305
41 9276
46 9346
45 9232
46 9214
38 9256
46 9344
44 9261
55 9319
47 9262
47 9282
47 9291
64 9308
49 9283
47 9266
45 9232
40 9300
41 9250
83 9322
46 9276
38 9248
44 9257
43 9339
40 9299
47 9192
48 9334
43 9254
40 9288
55 9268
43 9327
40 9317
47 9308
50 9290
57 9240
63 9285
44 9226
60 9224
67 9381
42 9283
47 9326
43 9250
51 9328
97 9212
45 9313
48 9255
51 9310
59 9255
110 9295
135 9294
20 9
48 9247
45 9319
40 9360
40 9332
39 9296
40 9302
50 9316
43 9330
47 9319
52 9363
50 9205
38 9288
51 9234
47 9251
47 9266
45 9255
42 9234
45 9268
37 9352
41 9293
38 9353
39 9323
41 9254
38 9300
39 9300
44 9265
39 9315
43 9291
39 9305
46 9298
40 9351
41 9293
46 9236
46 9273
38 9299
45 9381
40 9293
37 9313
41 9218
42 9383
42 9240
48 9246
37 9297
46 9249
42 9279
57 9310
44 9287
43 9235
47 9255
41 9376
46 9268
47 9288
38 9352
42 9421
43 9380
41 9302
39 9298
47 9214
41 9354
44 9284
42 9321
52 9256
40 9371
41 9307
44 9356
47 9245
42 9291
46 9336
44 9344
41 9315
42 9308
40 9253
40 9262
62 9226
54 9341
43 9275
39 9320
45 9264
0 1
42 9259
59 9219
46 9310
44 9357
63 9296
52 9305
62 9222
41 9223
61 9228
66 9339
101 9281
51 9251
39 9237
42 9252
42 9256
42 9265
45 9235
39 9280
77 9241
44 9300
49 9366
43 9253
44 9263
43 9410
43 9259
53 9319
43 9320
45 9233
52 9293
51 9314
45 9316
68 9337
51 9243
53 9298
42 9249
42 9245
41 9272
47 9230
47 9326
42 9228
74 9343
62 9346
39 9391
44 9271
44 9280
46 9319
42 9319
42 9374
42 9222
42 9294
49 9316
43 9303
42 9259
38 9301
44 9285
67 9264
56 9320
56 9202
42 9230
42 9224
83 9390
56 9251
50 9258
44 9327
41 9345
44 9193
42 9209
44 9229
52 9248
41 9409
39 9357
55 9333
53 9239
37 9193
42 9259
44 9210
41 9293
40 9309
46 9382
46 9247
41 9285
43 9269
41 9334
42 9211
42 9264
48 9301
42 9344
43 9278
55 9330
43 9233
44 9342
45 9262
43 9222
40 9314
42 9301
40 9328
48 9315
48 9355
42 9243
43 9270
44 9324
47 9271
44 9255
39 9347
42 9261
44 9290
43 9291
40 9299
45 9374
40 9295
0 1
45 9354
47 9265
53 9333
48 9351
49 9277
47 9314
48 9294
49 9301
56 9264
46 9339
52 9286
42 9313
0 1
39 9181
44 9274
43 9348
39 9253
44 9280
40 9265
42 9271
41 9294
140 9467
49 9275
52 9241
49 9306
60 9244
42 9244
81 9265
50 9430
43 9260
40 9326
42 9277
38 9265
47 9356
44 9273
97 9365
43 9372
45 9267
42 9268
39 9264
41 9349
44 9295
40 9268
41 9281
40 9296
38 9247
41 9390
60 9341
47 9266
58 9307
58 9282
58 9291
45 9277
44 9340
84 9269
41 9330
67 9211
41 9309
43 9233
44 9276
40 9306
59 9309
46 9237
56 9308
44 9301
41 9256
45 9354
41 9208
46 9306
45 9350
45 9238
43 9349
43 9248
44 9243
37 9299
47 9270
41 9328
64 9339
41 9307
47 9307
42 9310
55 9193
44 9232
0 1
49 9231
37 9215
56 9310
44 9296
51 9236
42 9313
47 9389
49 9322
40 9333
74 9269
0 1
0 1
42 9265
57 9245
40 9315
40 9225
40 9345
0 1
45 9292
42 9401
43 9224
41 9347
17 3
130 9229
13 3
47 9283
48 9362
47 9134
40 9261
53 9266
45 9319
45 9342
43 9308
43 9296
46 9227
45 9333
56 9332
47 9327
51 9256
46 9254
46 9310
61 9381
42 9301
41 9389
53 9405
50 9277
49 9278
42 9329
48 9319
45 9300
48 9349
42 9367
54 9228
43 9216
64 9374
43 9251
44 9278
46 9368
56 9334
68 9345
75 9320
45 9343
54 9351
80 9280
47 9342
14 3
60 9297
0 1
44 9201
0 1
49 9329
70 9325
77 9165
41 9326
38 9352
41 9316
39 9314
42 9257
46 9261
46 9293
57 9306
47 9215
199 9329
0 1
56 9322
42 9390
50 9238
39 9259
45 9321
55 9380
64 9354
44 9341
47 9271
0 1
0 1
74 9344
56 9295
0 1
50 9196
42 9314
43 9335
51 9261
42 9364
45 9301
42 9273
43 9372
45 9244
45 9248
41 9341
47 9291
49 9282
46 9306
54 9339
42 9212
49 9254
48 9315
47 9318
50 9285
53 9254
48 9380
54 9255
47 9361
54 9299
57 9307
96 9312
56 9247
93 9277
47 9242
43 9220
44 9337
45 9336
60 9288
42 9334
53 9360
66 9210
52 9219
45 9254
39 9367
45 9290
63 9338
40 9238
43 9292
42 9328
53 9336
41 9187
45 9272
39 9338
48 9353
44 9218
61 9301
39 9290
38 9312
41 9407
42 9209
48 9255
45 9255
44 9283
44 9288
40 9243
42 9317
40 9330
47 9313
45 9329
45 9301
49 9305
50 9318
44 9237
59 9329
41 9283
47 9294
45 9360
44 9269
43 9299
40 9285
44 9338
42 9297
49 9275
46 9271
44 9357
57 9290
42 9374
47 9294
39 9360
37 9220
41 9240
46 9174
52 9225
42 9149
45 9245
43 9286
57 9326
42 9326
43 9308
46 9346
45 9228
49 9325
62 9307
49 9334
43 9275
57 9289
42 9378
0 1
38 9336
42 9347
38 9221
46 9265
49 9280
45 9307
41 9232
57 9447
0 1
41 9334
43 9260
41 9287
42 9318
42 9275
47 9376
42 9276
69 9321
43 9270
53 9324
48 9386
47 9295
53 9283
41 9303
42 9327
51 9266
48 9310
44 9244
51 9336
50 9369
39 9307
50 9315
49 9245
41 9316
48 9255
40 9349
46 9322
46 9275
39 9288
52 9332
45 9199
42 9361
0 1
38 9325
44 9305
42 9300
40 9340
56 9266
54 9345
41 9282
42 9226
41 9298
52 9251
0 1
49 9318
41 9327
40 9254
46 9400
59 9280
51 9327
50 9302
48 9350
46 9314
62 9305
51 9310
55 9279
61 9277
48 9284
60 9286
44 9272
44 9242
48 9216
68 9343
41 9266
43 9251
42 9308
44 9341
50 9278
45 9257
45 9285
41 9314
47 9284
45 9231
44 9326
51 9273
41 9264
45 9231
41 9337
54 9287
45 9252
44 9288
42 9319
45 9234
42 9272
43 9224
43 9175
51 9315
44 9355
49 9264
48 9274
46 9438
50 9253
45 9214
46 9237
42 9301
39 9284
51 9277
40 9296
0 1
42 9379
51 9303
91 9340
55 9269
51 9296
60 9331
52 9343
53 9277
98 9222
82 9266
48 9322
43 9291
50 9251
53 9317
62 9307
57 9314
57 9267
58 9255
63 9356
60 9344
55 9258
54 9333
76 9344
55 9280
66 9286
61 9226
58 9226
45 9424
40 9255
43 9264
50 9267
46 9365
39 9346
52 9283
47 9326
49 9181
52 9234
45 9322
54 9361
47 9286
65 9235
50 9267
49 9277
49 9294
49 9381
51 9229
48 9265
49 9237
68 9281
42 9280
48 9312
40 9320
41 9286
41 9273
42 9423
47 9255
46 9366
42 9279
44 9288
44 9285
43 9255
42 9335
47 9353
41 9217
42 9282
44 9255
45 9269
48 9327
47 9320
52 9275
43 9288
52 9298
42 9329
51 9246
43 9241
44 9320
44 9323
41 9293
50 9275
41 9292
42 9252
39 9278
54 9383
40 9298
44 9277
43 9345
44 9322
42 9260
42 9232
45 9300
38 9350
49 9225
100 9340
0 1
57 9418
49 9289
51 9205
49 9303
45 9366
40 9284
42 9318
43 9229
44 9260
44 9200
46 9272
42 9340
43 9246
53 9311
47 9255
62 9281
47 9361
44 9284
44 9260
47 9220
53 9323
43 9259
54 9349
49 9346
46 9351
41 9295
46 9318
55 9211
45 9284
61 9248
65 9275
48 9239
49 9304
67 9223
44 9308
40 9207
47 9264
43 9350
40 9193
40 9336
83 9308
63 9210
38 9321
39 9248
42 9304
45 9258
42 9323
41 9317
56 9300
46 9159
61 9257
42 9300
63 9240
44 9280
42 9272
41 9327
0 1
49 9260
65 9329
40 9303
45 9346
48 9310
40 9290
39 9324
41 9305
43 9426
54 9299
51 9218
45 9354
42 9310
42 9299
43 9365
107 9270
47 9214
72 9305
44 9248
39 9320
46 9275
43 9305
54 9403
42 9300
42 9204
48 9237
41 9275
43 9240
43 9307
64 9283
64 9329
42 9157
41 9305
43 9290
46 9289
40 9323
44 9253
46 9280
50 9249
47 9184
49 9285
42 9285
45 9328
53 9264
43 9247
46 9300
45 9256
51 9298
41 9317
53 9395
58 9267
49 9349
40 9278
39 9262
41 9229
150 9298
13 3
4 2
46 9315
48 9399
44 9270
40 9374
43 9301
46 9354
43 9292
41 9276
47 9320
40 9344
46 9286
53 9254
37 9273
42 9295
43 9306
54 9219
43 9317
51 9353
43 9317
50 9233
49 9326
41 9260
51 9292
82 9296
49 9304
41 9269
45 9329
46 9307
43 9249
42 9321
42 9291
40 9129
46 9289
45 9254
46 9172
49 9318
49 9301
49 9328
43 9334
39 9306
42 9210
42 9230
42 9287
46 9272
52 9317
72 9391
47 9318
49 9295
61 9283
44 9278
58 9306
47 9258
59 9338
39 9325
46 9326
43 9213
42 9326
58 9294
0 1
68 9346
47 9249
61 9393
59 9415
52 9271
40 9336
49 9289
42 9354
43 9301
43 9247
42 9352
45 9307
49 9260
69 9241
53 9256
45 9248
48 9324
50 9351
56 9324
42 9271
42 9309
45 9296
43 9237
44 9230
41 9307
41 9303
43 9232
40 9261
40 9367
53 9297
43 9221
39 9272
38 9355
46 9264
41 9265
42 9273
46 9286
50 9277
48 9321
47 9291
43 9259
45 9328
0 1
48 9264
50 9308
47 9274
44 9319
9 2
51 9233
56 9325
55 9226
40 9332
48 9324
51 9278
41 9331
46 9325
39 9274
49 9276
39 9302
43 9312
45 9243
39 9284
57 9324
43 9214
45 9252
50 9305
42 9258
42 9332
48 9224
45 9285
48 9359
40 9364
41 9260
41 9324
50 9230
51 9342
43 9293
54 9279
44 9319
51 9323
48 9319
47 9285
41 9305
43 9303
62 9277
43 9269
48 9218
51 9251
43 9295
45 9292
44 9284
37 9252
41 9289
92 9276
43 9320
47 9198
61 9338
40 9295
47 9295
43 9335
41 9257
44 9270
45 9258
41 9259
41 9236
46 9268
49 9286
45 9353
41 9324
39 9324
50 9288
80 9327
53 9292
52 9273
40 9214
83 9284
53 9296
50 9311
0 1
53 9302
45 9248
42 9313
44 9315
45 9266
44 9217
47 9253
48 9331
48 9244
45 9309
45 9241
46 9331
43 9269
49 9281
53 9258
45 9220
45 9267
57 9410
42 9297
51 9332
58 9307
50 9317
58 9324
0 1
48 9226
41 9291
41 9275
41 9245
45 9301
61 9324
41 9344
43 9266
44 9368
42 9302
43 9272
45 9249
78 9288
43 9258
70 9358
59 9292
49 9286
63 9303
44 9308
43 9354
46 9298
45 9305
40 9258
42 9258
43 9365
40 9260
43 9258
44 9352
41 9395
39 9247
46 9255
42 9341
46 9344
39 9288
55 9338
44 9362
46 9230
42 9273
50 9212
48 9363
56 9351
52 9328
45 9326
50 9276
40 9273
40 9305
58 9362
46 9338
45 9336
45 9270
43 9376
48 9364
57 9260
43 9196
44 9368
46 9321
50 9314
46 9291
47 9327
44 9283
61 9340
54 9255
58 9296
54 9316
43 9256
53 9308
46 9253
46 9227
42 9293
51 9250
38 9255
45 9296
50 9336
74 9170
46 9287
47 9326
50 9205
54 9335
0 1
42 9314
39 9268
43 9335
43 9314
40 9296
0 1
53 9323
62 9231
39 9298
15 2
46 9266
37 9379
46 9257
45 9301
43 9276
45 9358
45 9341
99 9206
45 9213
43 9286
44 9315
50 9270
44 9324
51 9347
47 9457
45 9263
58 9229
47 9305
46 9294
49 9250
40 9256
41 9314
43 9281
50 9313
50 9334
47 9330
53 9291
50 9360
47 9371
64 9257
61 9278
54 9303
42 9267
38 9346
43 9310
53 9314
59 9283
73 9278
42 9212
53 9278
40 9302
56 9274
45 9308
69 9323
0 1
68 9312
48 9311
58 9355
42 9279
41 9319
94 9304
65 9370
47 9267
45 9256
51 9372
42 9285
60 9235
55 9298
48 9193
40 9289
48 9243
46 9281
53 9359
42 9246
57 9249
67 9316
46 9251
40 9340
49 9297
43 9273
51 9298
45 9430
43 9318
40 9246
45 9256
41 9307
39 9313
44 9265
50 9238
51 9237
66 9332
135 9269
51 9266
47 9311
70 9308
55 9226
65 9290
43 9189
43 9217
43 9322
74 9279
0 1
43 9299
76 9276
45 9267
41 9322
46 9408
63 9336
57 9319
49 9325
45 9268
43 9288
49 9267
44 9273
43 9243
44 9318
113 9208
81 9300
0 1
57 9258
49 9325
54 9234
62 9269
62 9385
42 9285
49 9222
56 9252
41 9260
49 9176
56 9165
49 9288
50 9209
48 9272
51 9221
44 9262
82 9359
47 9332
82 9278
0 1
46 9248
51 9309
49 9320
58 9311
51 9233
47 9323
50 9269
52 9288
55 9293
42 9294
63 9322
59 9331
46 9253
46 9315
51 9258
44 9349
43 9279
67 9257
49 9294
68 9299
40 9272
46 9339
43 9300
41 9278
41 9205
59 9259
41 9266
0 1
44 9264
52 9276
43 9298
69 9257
52 9343
49 9308
43 9355
46 9263
43 9330
50 9283
64 9230
50 9217
52 9307
49 9289
44 9305
52 9250
46 9243
45 9280
52 9316
52 9274
53 9324
48 9284
0 1
52 9310
55 9274
83 9274
43 9298
45 9306
48 9270
45 9260
44 9293
48 9239
73 9297
78 9323
49 9317
45 9275
49 9259
46 9204
77 9320
47 9313
54 9361
59 9279
48 9308
58 9282
61 9264
52 9330
58 9373
59 9196
65 9202
42 9329
53 9346
45 9229
54 9217
63 9233
48 9294
85 9339
51 9320
54 9248
50 9208
70 9312
45 9303
53 9357
0 1
54 9315
39 9314
40 9307
44 9340
40 9372
40 9304
43 9297
0 1
92 9271
44 9308
51 9394
43 9318
44 9238
50 9240
46 9240
101 9312
45 9225
77 9348
44 9274
43 9380
45 9255
43 9304
49 9307
85 9226
46 9286
56 9318
103 9240
39 9206
57 9291
39 9338
59 9345
45 9324
48 9227
46 9229
0 1
45 9328
39 9231
41 9349
44 9286
47 9301
56 9305
44 9300
52 9348
39 9270
50 9288
41 9314
45 9268
48 9252
45 9315
39 9296
41 9372
51 9223
45 9306
41 9231
47 9245
43 9338
44 9208
54 9291
46 9394
54 9309
40 9372
42 9282
51 9227
49 9345
43 9286
44 9184
50 9305
42 9298
44 9266
42 9241
41 9284
44 9257
39 9353
47 9304
45 9206
40 9283
44 9304
42 9226
42 9344
51 9318
37 9310
41 9303
43 9285
42 9258
44 9241
43 9245
43 9230
43 9248
40 9273
37 9330
42 9268
40 9304
49 9187
41 9254
42 9309
58 9297
52 9237
48 9313
68 9223
50 9265
49 9284
43 9338
46 9294
46 9319
47 9277
42 9261
43 9283
42 9311
48 9314
0 1
49 9265
44 9280
45 9350
37 9268
41 9277
44 9252
45 9308
45 9296
42 9374
39 9205
44 9372
47 9223
39 9313
40 9267
46 9221
65 9315
62 9254
58 9268
55 9208
47 9288
53 9271
46 9328
51 9314
45 9328
36 9268
72 9295
43 9318
62 9280
55 9262
48 9232
44 9310
44 9316
46 9286
45 9364
50 9299
47 9321
46 9213
78 9255
55 9277
55 9275
40 9326
53 9342
44 9284
40 9281
48 9299
48 9234
58 9288
0 1
50 9243
47 9295
48 9277
48 9300
45 9189
57 9273
39 9248
54 9344
51 9197
44 9293
89 9287
0 1
46 9270
47 9216
45 9311
0 1
44 9286
50 9369
44 9293
43 9335
66 9302
50 9236
48 9217
48 9293
40 9277
72 9135
43 9264
44 9268
47 9362
47 9353
45 9357
42 9360
43 9244
47 9378
40 9266
42 9281
38 9263
55 9374
52 9270
42 9286
43 9326
44 9312
42 9357
72 9296
52 9317
52 9331
36 9227
48 9275
0 1
54 9288
45 9318
42 9303
43 9185
46 9276
44 9227
42 9311
40 9314
46 9281
42 9273
38 9267
40 9247
40 9263
39 9274
48 9279
39 9312
44 9301
44 9272
45 9274
45 9266
42 9326
45 9329
53 9329
47 9355
45 9285
41 9330
42 9356
42 9298
48 9289
38 9333
42 9241
47 9316
42 9284
43 9315
42 9244
58 9287
41 9305
87 9264
57 9316
52 9320
51 9260
46 9279
44 9321
46 9229
46 9312
46 9274
50 9306
46 9340
45 9317
45 9256
44 9306
48 9253
43 9252
44 9313
45 9309
50 9294
45 9293
45 9324
50 9242
47 9243
50 9322
0 1
43 9293
67 9282
45 9244
42 9304
44 9184
43 9355
38 9348
41 9280
41 9285
48 9271
55 9348
75 9303
74 9207
43 9369
47 9310
50 9271
53 9287
43 9261
77 9274
53 9342
49 9331
44 9348
43 9235
41 9335
56 9309
56 9328
47 9331
40 9281
80 9232
46 9325
42 9372
41 9247
44 9345
45 9229
45 9234
44 9259
48 9269
41 9295
47 9242
44 9304
46 9358
55 9262
90 9286
48 9288
94 9273
46 9323
45 9333
46 9381
47 9325
53 9294
42 9295
52 9307
41 9301
49 9128
74 9334
44 9359
48 9322
45 9362
54 9229
61 9238
51 9359
64 9277
52 9320
51 9404
57 9285
54 9296
52 9330
81 9271
27 3
50 9243
64 9234
63 9259
56 9239
42 9285
83 9361
49 9288
92 9313
72 9313
74 9312
46 9231
46 9374
60 9254
43 9280
51 9307
56 9260
41 9242
39 9311
42 9327
56 9265
47 9230
42 9301
57 9401
47 9281
56 9307
46 9356
43 9299
42 9248
49 9238
44 9350
56 9364
44 9292
42 9323
53 9285
40 9293
40 9322
73 9270
56 9267
51 9250
62 9288
48 9310
53 9341
50 9274
45 9330
41 9359
45 9274
54 9244
41 9292
51 9235
48 9281
43 9258
52 9325
80 9295
49 9318
48 9277
39 9210
41 9193
42 9341
44 9343
49 9271
45 9251
43 9308
47 9197
41 9223
57 9269
56 9229
43 9319
42 9420
51 9309
74 9351
58 9307
76 9332
48 9322
59 9268
56 9260
55 9239
45 9298
39 9328
47 9292
46 9307
44 9305
67 9270
39 9265
48 9273
41 9212
93 9214
67 9230
41 9280
41 9324
42 9311
42 9243
50 9304
77 9346
54 9269
52 9353
50 9240
53 9304
47 9287
49 9272
41 9336
42 9244
51 9279
48 9343
123 9295
52 9286
47 9264
45 9324
50 9260
42 9370
70 9278
48 9311
41 9317
43 9257
60 9217
62 9275
0 1
39 9265
55 9388
46 9251
40 9278
68 9297
40 9311
52 9239
53 9342
51 9249
55 9294
51 9241
41 9240
48 9301
57 9373
41 9313
51 9210
48 9295
45 9224
42 9326
42 9407
55 9313
54 9314
46 9286
99 9326
57 9194
68 9332
79 9270
67 9272
52 9269
48 9336
55 9364
51 9299
40 9264
50 9386
45 9320
42 9243
50 9270
49 9380
50 9296
46 9286
41 9234
50 9317
43 9319
41 9284
41 9220
42 9352
41 9321
39 9225
46 9278
48 9330
50 9336
44 9282
43 9242
47 9238
46 9218
44 9293
52 9236
58 9280
60 9360
49 9242
49 9331
43 9355
54 9291
47 9399
42 9261
43 9236
62 9319
50 9256
74 9295
70 9245
49 9262
96 9307
43 9347
44 9314
44 9252
44 9208
48 9316
51 9270
45 9397
45 9325
0 1
55 9258
45 9170
60 9292
47 9348
55 9273
44 9279
46 9279
45 9298
46 9272
83 9308
153 9304
48 9291
42 9263
44 9222
59 9257
41 9304
53 9324
62 9245
74 9328
54 9287
44 9140
47 9193
42 9182
42 9369
40 9248
43 9259
39 9256
42 9298
39 9312
65 9173
52 9347
85 9340
41 9244
40 9229
41 9263
75 9249
57 9323
49 9262
52 9260
59 9370
53 9337
65 9266
51 9317
0 1
72 9373
67 9316
60 9286
57 9199
73 9291
0 1
52 9224
42 9300
40 9321
51 9298
42 9209
41 9355
45 9249
43 9298
47 9223
45 9181
52 9334
47 9272
59 9231
43 9223
44 9286
45 9249
47 9299
48 9315
50 9271
84 9279
56 9328
45 9291
40 9267
47 9287
69 9369
40 9301
45 9271
46 9204
54 9266
50 9273
52 9268
45 9273
45 9251
39 9302
68 9307
52 9316
45 9259
43 9299
43 9286
46 9243
48 9329
67 9298
43 9310
43 9312
43 9352
55 9355
53 9306
69 9304
47 9327
47 9371
56 9346
42 9366
48 9231
46 9319
48 9368
44 9299
42 9300
51 9311
47 9398
45 9293
65 9319
42 9353
42 9259
51 9301
53 9293
76 9296
57 9326
57 9266
67 9308
68 9252
173 9368
42 9243
46 9222
44 9209
42 9275
41 9262
48 9325
39 9295
53 9248
42 9283
41 9325
50 9330
45 9280
50 9231
39 9285
49 9244
43 9256
53 9353
48 9277
44 9285
94 9285
47 9287
40 9314
47 9388
41 9286
46 9272
43 9317
42 9288
41 9293
44 9348
7 2
41 9225
52 9294
49 9357
45 9312
48 9254
40 9286
47 9319
45 9306
45 9286
46 9367
38 9271
83 9317
42 9267
49 9348
53 9253
45 9339
45 9331
54 9373
48 9322
44 9319
48 9297
113 9362
50 9293
49 9322
65 9247
68 9356
66 9293
53 9273
63 9314
56 9226
48 9305
48 9323
46 9235
44 9301
46 9375
116 9289
81 9347
39 9383
48 9327
40 9373
42 9234
58 9331
43 9244
58 9357
45 9287
48 9136
43 9320
40 9278
41 9298
57 9306
58 9331
51 9287
64 9238
65 9268
57 9274
58 9329
49 9233
56 9255
51 9254
62 9285
48 9260
43 9301
77 9271
40 9310
55 9364
42 9237
59 9331
59 9282
41 9318
52 9320
41 9270
42 9314
44 9336
46 9371
66 9387
45 9278
65 9274
61 9351
49 9310
47 9362
52 9328
42 9276
58 9222
59 9303
37 9288
67 9313
45 9256
44 9354
53 9279
43 9386
46 9253
41 9287
51 9282
40 9286
46 9251
40 9358
44 9299
38 9280
38 9306
42 9280
60 9282
45 9246
56 9265
43 9194
45 9231
46 9304
41 9297
39 9326
38 9369
38 9245
48 9319
0 1
49 9255
47 9350
49 9346
43 9240
72 9258
43 9238
39 9346
48 9343
51 9321
66 9313
53 9344
41 9256
48 9284
110 9418
41 9253
45 9292
53 9312
46 9303
43 9295
66 9401
53 9265
65 9279
43 9231
40 9291
47 9294
52 9365
45 9368
68 9289
41 9315
44 9336
45 9349
44 9243
41 9427
39 9351
0 1
45 9234
44 9312
47 9265
41 9265
51 9253
41 9247
54 9342
38 9316
45 9198
46 9309
53 9308
44 9300
45 9254
53 9257
42 9355
47 9206
40 9265
43 9309
44 9327
44 9354
45 9311
48 9271
41 9152
45 9325
43 9316
46 9268
53 9279
46 9359
40 9255
47 9343
42 9348
53 9310
60 9219
52 9429
47 9255
47 9279
47 9232
47 9219
47 9265
47 9278
48 9234
52 9269
52 9385
44 9292
44 9301
49 9331
39 9283
47 9264
44 9279
47 9255
50 9290
40 9242
56 9327
47 9244
47 9294
45 9316
43 9282
41 9380
44 9240
44 9227
44 9274
47 9308
49 9253
55 9322
45 9266
39 9305
55 9307
57 9274
49 9260
49 9273
80 9231
55 9322
65 9267
47 9232
44 9278
46 9316
45 9266
44 9345
43 9288
40 9320
39 9216
54 9242
44 9288
56 9252
57 9323
44 9287
53 9350
52 9297
52 9212
58 9275
44 9305
43 9305
46 9287
46 9227
88 9319
40 9291
46 9278
42 9292
43 9181
44 9317
42 9259
46 9316
42 9340
47 9239
41 9310
46 9319
44 9245
50 9200
41 9273
42 9315
45 9302
41 9352
41 9275
43 9297
42 9217
42 9274
0 1
48 9344
41 9314
39 9232
39 9265
41 9302
48 9190
40 9328
40 9242
45 9269
40 9301
38 9253
42 9287
54 9242
47 9308
51 9317
44 9351
45 9320
45 9306
47 9351
71 9268
50 9266
41 9332
48 9275
48 9226
43 9332
44 9340
42 9290
57 9304
47 9277
61 9318
50 9254
46 9263
48 9258
75 9361
74 9300
60 9336
64 9321
43 9256
41 9220
55 9364
48 9274
75 9287
39 9294
52 9333
54 9317
45 9261
57 9283
36 9245
52 9394
40 9214
44 9288
45 9353
40 9243
46 9230
44 9234
54 9297
43 9238
40 9302
50 9231
42 9339
45 9275
44 9249
40 9240
41 9272
46 9344
43 9334
43 9288
51 9266
48 9406
43 9339
60 9252
48 9295
43 9358
46 9317
0 1
42 9334
39 9271
45 9342
60 9306
62 9296
48 9223
42 9256
47 9246
51 9330
52 9242
46 9334
48 9241
50 9313
43 9283
46 9292
68 9204
43 9357
46 9331
47 9328
45 9324
45 9263
64 9226
0 1
43 9315
45 9302
46 9230
42 9213
51 9336
44 9299
39 9238
49 9304
46 9239
47 9317
57 9257
54 9351
45 9227
46 9314
40 9355
38 9306
49 9303
49 9336
40 9303
44 9376
46 9282
69 9291
38 9326
42 9240
42 9264
44 9267
60 9340
47 9299
40 9330
49 9297
39 9305
41 9338
53 9265
43 9314
46 9204
44 9306
50 9282
41 9212
41 9276
47 9242
38 9331
37 9273
45 9286
39 9339
39 9319
101 9332
57 9266
40 9293
42 9335
51 9184
41 9331
46 9250
42 9199
46 9296
77 9357
40 9318
44 9239
46 9349
40 9236
44 9242
51 9266
49 9247
44 9305
47 9304
52 9235
63 9313
77 9281
39 9338
41 9286
40 9303
43 9268
48 9259
41 9373
44 9341
40 9226
42 9189
47 9337
41 9349
41 9363
43 9198
40 9248
50 9250
0 1
43 9256
48 9257
51 9303
39 9202
41 9300
46 9192
45 9335
64 9246
47 9293
41 9312
47 9338
61 9368
42 9194
45 9253
40 9340
44 9367
62 9288
71 9310
38 9187
51 9291
60 9288
54 9285
48 9341
50 9329
46 9331
56 9326
46 9193
44 9280
67 9397
43 9260
55 9261
48 9237
53 9345
53 9278
44 9287
47 9249
54 9264
47 9349
74 9352
40 9361
45 9255
48 9312
65 9292
56 9334
42 9228
46 9273
53 9341
61 9243
40 9305
42 9334
46 9237
49 9232
61 9279
44 9335
41 9275
41 9397
42 9229
57 9255
51 9324
46 9270
39 9351
45 9274
41 9297
43 9297
43 9270
50 9265
45 9347
43 9250
42 9177
40 9285
74 9293
55 9265
42 9223
46 9336
48 9236
48 9342
43 9295
60 9247
51 9195
43 9245
47 9268
42 9301
47 9286
47 9311
64 9307
59 9238
46 9336
42 9316
39 9266
38 9291
60 9313
50 9239
54 9216
43 9331
150 9232
90 9253
56 9383
41 9367
47 9414
42 9260
0 1
43 9308
40 9285
0 1
73 9257
58 9270
55 9257
53 9380
46 9258
58 9307
48 9337
48 9251
41 9226
50 9265
55 9310
58 9285
70 9362
49 9336
85 9177
62 9271
57 9346
66 9213
42 9242
45 9358
48 9262
45 9257
46 9282
52 9228
43 9330
45 9299
48 9416
48 9285
41 9295
56 9386
47 9219
42 9354
50 9278
61 9308
47 9196
43 9321
59 9290
47 9278
38 9267
42 9232
40 9184
46 9198
52 9402
44 9264
58 9277
50 9238
51 9314
47 9425
43 9260
41 9235
47 9341
51 9172
62 9271
41 9303
45 9296
38 9223
44 9322
55 9366
58 9338
44 9284
55 9315
51 9254
49 9336
55 9238
43 9294
48 9194
45 9290
68 9270
56 9325
45 9226
38 9205
43 9223
43 9314
41 9354
47 9341
44 9328
48 9369
50 9311
47 9323
48 9283
44 9240
44 9293
78 9315
42 9231
58 9292
49 9321
46 9357
59 9340
45 9320
48 9301
42 9226
50 9216
44 9251
48 9241
44 9333
42 9260
54 9324
51 9272
54 9250
56 9293
44 9298
38 9304
48 9275
55 9290
58 9367
42 9361
54 9347
41 9356
42 9321
40 9207
40 9331
44 9215
41 9318
0 1
42 9284
47 9271
41 9359
46 9332
76 9344
45 9377
46 9319
50 9340
43 9215
50 9206
50 9245
48 9260
46 9276
49 9318
41 9357
46 9269
47 9311
48 9251
41 9286
45 9282
51 9326
46 9256
54 9188
94 9223
81 9332
62 9335
46 9288
47 9332
62 9321
42 9381
42 9370
44 9301
44 9256
56 9314
39 9231
40 9265
54 9293
0 1
43 9281
41 9301
42 9308
74 9343
42 9334
44 9285
43 9339
46 9375
46 9290
56 9355
45 9310
55 9288
44 9360
40 9281
39 9276
50 9270
51 9256
44 9250
43 9346
44 9226
42 9393
44 9364
48 9324
46 9233
40 9250
44 9307
46 9291
45 9308
45 9330
46 9328
49 9311
70 9329
52 9304
61 9245
85 9288
62 9296
51 9305
50 9315
59 9289
54 9338
81 9206
57 9242
49 9210
41 9266
63 9315
48 9338
55 9372
45 9319
51 9218
45 9325
40 9315
41 9339
44 9272
48 9341
53 9231
48 9263
46 9238
70 9198
54 9285
44 9281
50 9304
93 9365
40 9407
43 9314
45 9282
63 9344
84 9284
83 9347
0 1
43 9362
65 9263
50 9373
65 9388
48 9364
39 9324
36 9312
51 9304
46 9318
53 9262
48 9313
41 9306
44 9327
42 9337
43 9231
48 9301
44 9277
51 9361
43 9290
40 9324
50 9298
47 9299
46 9297
41 9308
82 9237
55 9231
84 9361
102 9317
43 9254
41 9280
45 9289
45 9279
43 9253
49 9336
80 9246
45 9249
106 9301
43 9212
40 9162
74 9301
53 9315
105 9337
58 9359
57 9337
65 9268
55 9234
54 9349
49 9288
83 9287
43 9317
50 9278
50 9397
44 9278
42 9300
46 9258
41 9330
43 9320
59 9296
43 9280
43 9316
58 9266
45 9369
42 9252
52 9242
40 9341
52 9335
56 9169
42 9346
75 9289
44 9478
40 9199
41 9347
38 9347
40 9287
44 9278
43 9295
43 9339
42 9303
43 9333
42 9256
41 9234
42 9310
40 9281
41 9276
71 9279
44 9363
63 9257
51 9272
68 9194
81 9340
47 9252
56 9312
57 9343
60 9383
49 9264
51 9346
66 9399
43 9412
48 9364
45 9335
47 9336
50 9327
47 9337
45 9282
73 9212
49 9281
43 9220
49 9233
49 9263
58 9402
46 9272
48 9239
55 9252
46 9241
60 9209
49 9244
51 9250
43 9245
41 9270
78 9283
90 9285
58 9312
42 9324
39 9297
44 9297
42 9252
44 9217
46 9302
42 9345
43 9243
44 9367
43 9236
65 9270
45 9263
44 9363
47 9280
55 9282
54 9320
46 9277
44 9271
51 9346
45 9281
43 9372
53 9316
43 9281
46 9320
42 9299
45 9248
45 9222
68 9263
59 9351
44 9291
43 9232
46 9249
41 9281
61 9191
48 9177
44 9264
42 9313
42 9252
45 9385
46 9257
48 9251
47 9290
37 9320
52 9259
45 9324
67 9298
56 9321
50 9267
66 9241
51 9143
47 9264
51 9283
49 9372
54 9238
42 9252
43 9300
62 9287
56 9285
46 9313
42 9273
44 9209
47 9249
45 9272
47 9274
47 9309
51 9318
44 9240
40 9270
39 9225
112 9318
48 9301
40 9276
44 9295
56 9265
41 9265
37 9274
53 9324
41 9255
43 9233
41 9287
51 9289
40 9333
67 9358
58 9292
44 9300
58 9224
44 9279
56 9332
62 9359
45 9267
58 9312
41 9385
43 9274
45 9328
40 9360
59 9333
43 9305
60 9218
41 9368
43 9261
47 9223
39 9303
53 9297
42 9279
43 9279
46 9364
45 9272
57 9286
71 9209
46 9232
42 9289
44 9295
45 9358
44 9313
44 9366
45 9300
45 9368
38 9299
49 9299
39 9240
45 9322
37 9292
44 9239
48 9278
48 9340
41 9236
46 9246
49 9310
43 9338
59 9281
44 9315
43 9245
43 9179
44 9297
48 9312
90 9202
40 9293
60 9331
5 2
53 9373
77 9303
89 9337
54 9304
56 9279
56 9196
70 9363
43 9361
44 9271
55 9350
47 9276
40 9213
44 9274
45 9277
42 9388
46 9300
40 9270
48 9236
45 9296
45 9272
51 9256
44 9305
45 9343
44 9372
42 9276
76 9312
54 9286
43 9326
57 9234
51 9241
54 9380
59 9297
49 9235
2 2
46 9210
45 9398
65 9273
40 9293
42 9339
40 9250
40 9301
41 9297
55 9337
46 9351
44 9239
51 9322
56 9248
51 9342
45 9270
47 9308
55 9302
48 9323
63 9358
58 9294
65 9246
45 9290
60 9331
42 9301
52 9353
53 9266
49 9255
50 9285
41 9212
45 9274
77 9260
43 9336
43 9322
44 9290
54 9228
43 9295
42 9350
45 9278
41 9317
45 9340
45 9371
47 9307
69 9269
41 9279
40 9234
44 9244
44 9271
42 9291
46 9273
39 9304
53 9210
43 9359
54 9276
66 9241
41 9344
42 9253
78 9261
62 9196
43 9329
46 9233
40 9267
0 1
49 9257
42 9298
42 9254
63 9292
52 9330
64 9274
47 9220
51 9387
45 9271
58 9254
46 9303
45 9385
45 9278
47 9219
46 9395
50 9339
47 9269
53 9331
0 1
40 9274
45 9300
61 9306
68 9303
60 9288
60 9282
50 9270
62 9293
41 9213
43 9251
42 9319
51 9291
49 9275
44 9333
71 9184
0 1
46 9317
46 9354
54 9299
51 9273
48 9364
40 9319
42 9237
64 9318
52 9307
53 9312
45 9321
44 9294
0 1
44 9307
82 9351
48 9386
52 9341
57 9295
58 9303
57 9266
61 9327
62 9334
51 9231
63 9339
49 9270
75 9354
58 9300
55 9255
53 9254
41 9260
50 9323
51 9281
43 9271
50 9286
43 9317
56 9251
47 9365
41 9257
48 9218
41 9291
61 9324
54 9403
64 9234
53 9301
45 9230
44 9326
65 9350
41 9277
62 9275
42 9266
44 9375
63 9391
43 9252
45 9242
41 9234
57 9290
21 2
52 9277
44 9307
58 9315
44 9368
46 9250
46 9388
48 9328
49 9278
43 9310
46 9274
53 9208
40 9336
58 9250
39 9276
44 9300
43 9264
59 9304
42 9279
48 9296
48 9378
55 9202
77 9328
49 9344
50 9289
46 9294
51 9234
53 9306
68 9307
46 9189
45 9299
49 9321
51 9327
54 9280
47 9224
46 9269
47 9299
49 9302
38 9254
41 9334
44 9297
47 9277
56 9297
44 9295
0 1
41 9305
51 9294
46 9257
52 9256
60 9237
41 9295
77 9275
44 9261
60 9279
52 2
43 9244
44 9244
48 9335
57 9386
82 9318
86 9328
63 9334
52 9243
71 9289
47 9322
60 9337
0 1
45 9201
53 9237
67 9280
45 9325
43 9311
57 9253
42 9249
41 9267
42 9229
53 9380
75 9338
101 9364
99 9345
46 9345
86 9360
43 9270
47 9269
40 9279
47 9331
47 9271
52 9348
46 9251
46 9293
47 9260
57 9294
45 9172
42 9243
54 9307
44 9298
47 9254
49 9305
55 9280
43 9244
49 9283
50 9289
65 9309
43 9321
43 9361
42 9224
37 9299
45 9274
45 9229
42 9272
39 9245
41 9369
50 9341
40 9331
42 9251
45 9303
41 9231
45 9269
38 9288
46 9361
59 9249
45 9339
48 9326
43 9370
50 9274
43 9246
40 9199
42 9268
63 9291
61 9264
63 9326
0 1
56 9423
52 9211
59 9274
50 9285
43 9276
46 9364
45 9254
46 9325
41 9334
44 9356
43 9305
53 9267
80 9261
0 1
46 9330
94 9342
46 9298
41 9272
51 9197
49 9258
43 9335
42 9238
46 9330
43 9350
41 9311
39 9296
44 9284
47 9334
38 9307
41 9299
51 9304
48 9283
70 9371
93 9257
43 9367
43 9354
41 9280
50 9339
87 9268
37 9216
46 9303
51 9296
61 9315
40 9316
50 9277
47 9288
46 9316
56 9380
44 9303
47 9212
40 9297
46 9218
44 9313
46 9323
42 9185
54 9251
60 9314
52 9287
41 9301
49 9293
47 9298
61 9243
57 9261
51 9249
61 9293
71 9363
55 9405
52 9273
57 9336
0 1
41 9397
40 9357
67 9372
78 9276
50 9256
46 9318
50 9324
47 9209
44 9340
61 9230
44 9268
44 9242
46 9224
45 9274
55 9273
42 9341
47 9323
46 9319
49 9294
56 9317
56 9259
44 9289
51 9219
44 9260
49 9337
0 1
48 9313
43 9291
54 9325
40 9310
60 9300
51 9246
43 9222
61 9218
66 9216
47 9264
129 9275
60 9309
48 9310
43 9366
71 9291
53 9324
48 9280
53 9386
57 9350
85 9322
77 9274
44 9346
43 9292
43 9289
40 9275
42 9335
45 9272
67 9395
76 9272
58 9278
47 9286
49 9262
48 9289
42 9255
46 9265
44 9262
42 9278
46 9295
54 9220
46 9199
46 9263
47 9314
95 9262
51 9280
50 9317
45 9255
53 9236
46 9373
55 9267
55 9335
63 9377
46 9250
43 9252
49 9269
49 9262
60 9225
50 9256
44 9341
46 9269
69 9290
46 9316
58 9279
67 9291
83 9296
67 9288
42 9342
54 9275
47 9269
48 9279
54 9328
43 9242
53 9281
48 9324
50 9340
56 9265
56 9245
56 9296
56 9388
46 9308
62 9317
67 9316
82 9279
86 9329
46 9257
61 9304
53 9302
46 9281
51 9293
45 9260
40 9344
47 9228
43 9341
46 9223
44 9267
44 9328
41 9296
43 9323
41 9326
48 9393
75 9312
46 9305
45 9233
86 9363
93 9306
61 9229
0 1
7 2
52 9208
46 9269
49 9372
48 9348
45 9307
46 9290
48 9336
51 9278
51 9308
62 9266
51 9239
45 9289
42 9274
50 9251
50 9300
48 9311
61 9304
45 9241
57 9333
72 9276
48 9295
58 9352
55 9255
55 9267
42 9333
44 9324
67 9372
42 9266
42 9290
47 9283
39 9355
49 9330
46 9273
60 9340
52 9248
62 9302
54 9296
48 9316
52 9292
46 9320
56 9244
45 9207
60 9326
47 9279
119 9256
45 9292
0 1
53 9276
70 9298
78 9269
54 9303
0 1
45 9355
49 9355
50 9310
53 9235
37 9273
0 1
40 9261
51 9352
66 9264
58 9323
76 9361
57 9267
47 9256
99 9311
56 9299
78 9308
50 9278
41 9299
44 9292
61 9293
40 9317
107 9330
74 9279
39 9297
45 9270
43 9372
51 9307
45 9291
46 9247
81 9308
52 9294
50 9258
47 9255
44 9265
69 9246
40 9282
44 9212
46 9304
52 9347
44 9362
43 9363
69 9287
0 1
45 9324
51 9258
47 9343
51 9310
48 9298
42 9189
63 9324
0 1
45 9193
57 9320
45 9189
85 9362
63 9309
44 9278
101 9302
43 9312
60 9312
59 9301
43 9338
45 9316
46 9306
55 9314
50 9292
44 9257
63 9328
54 9307
47 9307
43 9275
41 9386
45 9271
56 9253
0 1
50 9342
51 9299
51 9383
0 1
73 9306
59 9284
57 9306
62 9259
49 9337
67 9317
58 9304
0 1
53 9187
43 9271
42 9299
42 9303
0 1
53 9326
58 9297
52 9292
43 9276
64 9198
50 9280
50 9272
48 9228
64 9347
61 9264
50 9318
54 9221
42 9329
47 9309
56 9294
41 9345
47 9282
41 9304
48 9296
39 9273
44 9253
46 9360
47 9202
44 9331
43 9277
42 9360
42 9270
41 9264
43 9325
47 9239
46 9302
50 9297
42 9261
40 9319
52 9355
54 9286
41 9259
46 9422
39 9302
55 9203
42 9252
53 9245
65 9328
45 9380
59 9251
48 9325
47 9343
50 9374
54 9357
42 9359
42 9355
82 9256
43 9301
45 9266
81 9270
53 9242
77 9255
74 9331
41 9169
49 9287
46 9269
48 9264
62 9285
81 9247
56 9323
82 9418
47 9222
55 9299
64 9225
47 9313
41 9295
45 9347
43 9301
43 9368
42 9286
42 9324
47 9325
41 9326
49 9296
0 1
76 9307
92 9313
53 9278
43 9250
49 9286
47 9224
142 9344
57 9296
69 9254
43 9263
62 9371
45 9274
47 9280
49 9382
48 9312
54 9297
0 1
48 9335
50 9223
49 9349
67 9256
48 9256
109 9243
49 9250
40 9251
100 9276
137 9290
49 9339
59 9372
46 9321
54 9314
104 9242
48 9259
49 9240
54 9261
44 9292
50 9342
55 9317
47 9277
61 9265
47 9341
50 9324
49 9290
70 9275
43 9371
46 9279
48 9254
43 9252
53 9224
69 9286
100 9285
57 9289
44 9286
43 9290
54 9269
50 9295
48 9303
59 9311
54 9282
50 9328
40 9350
72 9314
58 9229
50 9271
48 9353
49 9245
45 9298
43 9373
50 9317
49 9251
40 9393
42 9323
47 9270
41 9278
45 9272
48 9289
47 9329
45 9390
51 9277
51 9321
44 9252
51 9270
46 9294
54 9263
67 9235
46 9252
88 9313
78 9316
46 9345
43 9265
46 9315
55 9465
48 9286
131 9281
54 9322
42 9219
46 9298
55 9181
42 9313
60 9247
50 9264
55 9298
57 9253
66 9257
46 9256
50 9239
41 9267
50 9322
56 9374
52 9342
52 9236
43 9270
48 9326
38 9358
54 9297
79 2
48 9233
50 9207
42 9271
0 1
63 9302
48 9355
43 9233
46 9261
62 9289
64 9317
60 9299
53 9251
80 9308
49 9354
70 9382
54 9305
48 9385
99 9277
38 9204
43 9291
46 9264
55 9371
50 9367
55 9283
38 9215
166 9323
47 9241
87 9213
48 9255
53 9258
51 9366
61 9346
45 9294
44 9324
46 9158
39 9287
72 9253
59 9317
56 9329
64 9350
40 9232
48 9263
50 9314
0 1
52 9248
43 9360
76 9268
72 9248
42 9274
42 9258
68 9267
50 9242
65 9270
62 9345
61 9218
59 9323
41 9261
52 9278
37 9303
48 9245
49 9292
47 9338
51 9285
46 9312
45 9304
42 9336
42 9199
56 9307
38 9358
72 9238
45 9273
60 9305
43 9260
84 9310
50 9297
0 1
50 9282
45 9352
49 9284
40 9312
67 9274
127 9301
41 9283
50 9254
45 9211
37 9306
42 9261
42 9293
42 9263
42 9277
39 9314
47 9262
43 9296
49 9322
49 9262
42 9314
39 9252
55 9307
41 9267
40 9302
46 9309
46 9241
44 9302
57 9318
45 9357
52 9282
44 9169
44 9394
42 9256
53 9212
39 9362
47 9314
46 9227
56 9298
49 9366
52 9259
46 9246
46 9271
43 9247
47 9235
23 3
65 9320
53 9325
65 9245
51 9360
43 9292
43 9296
49 9326
45 9351
45 9269
45 9314
56 9355
44 9350
67 9302
43 9249
44 9321
45 9269
54 9376
41 9334
82 9359
51 9309
101 9323
60 9241
47 9345
71 9286
56 9331
62 9302
50 9353
40 9287
45 9270
0 1
73 9257
40 9270
54 9248
45 9259
135 9286
43 9257
65 9351
60 9273
43 9211
47 9231
52 9322
44 9250
69 9261
53 9280
44 9357
67 9301
63 9299
59 9293
179 9327
62 9294
0 1
44 9353
95 9295
55 9322
47 9251
59 9304
47 9227
47 9288
48 9379
41 9312
44 9235
46 9315
57 9278
50 9276
55 9252
69 9378
15 2
86 9283
51 9243
89 9381
67 9196
102 9289
76 9368
74 9279
38 9293
45 9242
74 9296
76 9253
84 9250
58 9302
49 9272
59 9294
57 9336
52 9225
45 9344
40 9264
42 9182
43 9248
79 9248
52 9388
57 9358
64 9296
72 9362
56 9203
46 9319
70 9270
46 9252
54 9268
84 9260
40 9352
85 9230
45 9249
54 9169
52 9330
54 9258
51 9285
56 9288
53 9223
57 9327
0 1
44 9339
54 9364
46 9291
37 9303
42 9360
47 9301
41 9286
40 9351
43 9391
46 9231
63 9285
123 9277
73 9260
47 9208
43 9305
69 9291
48 9372
0 1
51 9238
54 9343
48 9328
47 9349
82 9306
66 9336
53 9242
54 9325
46 9354
48 9304
57 9299
47 9252
51 9312
51 9292
54 9170
47 9272
0 1
0 1
87 9293
40 9292
46 9232
49 9181
0 1
56 9294
63 9296
60 9247
60 9267
72 9237
41 9223
49 9286
52 9250
63 9268
88 9268
59 9295
44 9341
52 9344
43 9271
43 9332
50 9296
45 9273
40 9226
73 9308
44 9313
49 9367
52 9314
68 9356
55 9256
45 9310
72 9295
53 9220
43 9261
59 9277
83 9336
65 9289
45 9360
48 9306
73 9341
45 9306
0 1
52 9290
43 9323
77 9359
51 9225
50 9224
52 9317
48 9384
45 9287
50 9316
54 9279
55 9289
46 9265
60 9313
48 9284
48 9339
43 9317
45 9218
50 9312
53 9282
42 9327
40 9261
81 9321
64 9225
48 9285
83 9325
53 9275
58 9291
61 9224
76 9313
64 9251
63 9236
50 9304
42 9265
59 9293
45 9264
44 9272
52 9276
48 9345
64 9375
47 9315
49 9302
49 9237
63 9310
59 9350
50 9310
0 1
59 9241
105 9216
57 9271
43 9371
50 9375
56 9275
63 9298
48 9276
45 9311
41 9224
43 9283
45 9282
67 9329
53 9311
20 2
78 9351
52 9267
46 9318
49 9259
43 9280
82 9316
47 9286
40 9246
8 2
53 9267
66 9347
0 1
54 9290
46 9346
48 9333
54 9283
43 9302
44 9271
53 9332
47 9322
47 9192
48 9332
66 9299
68 9282
47 9323
41 9259
52 9288
59 9259
54 9304
71 9330
49 9285
53 9323
192 9364
58 9290
54 9227
100 9258
51 9380
47 9300
48 9335
47 9250
44 9353
41 9336
62 9307
46 9302
42 9275
81 9208
49 9285
42 9317
46 9285
46 9254
50 9273
49 9268
45 9336
43 9298
51 9268
52 9263
52 9188
51 9299
51 9238
44 9244
52 9341
44 9283
45 9217
49 9242
54 9381
66 9264
46 9317
48 9239
57 9338
46 9341
0 1
93 9247
0 1
73 9351
43 9315
61 9271
41 9312
44 9269
69 9251
65 9402
71 9331
44 9335
49 9371
60 9334
51 9331
0 1
43 9363
52 9276
55 9276
47 9308
54 9366
48 9248
41 9244
56 9361
65 9238
47 9263
0 1
42 9241
50 9318
50 9297
55 9279
42 9272
53 9312
45 9344
42 9310
53 9376
43 9331
44 9339
41 9346
45 9322
43 9238
48 9365
59 9305
53 9268
107 9272
45 9256
49 9237
57 9284
39 9308
51 9339
44 9388
37 9267
63 9262
48 9295
41 9339
48 9257
14 2
43 9293
51 9247
46 9243
47 9274
48 9324
64 9224
48 9360
53 9305
0 1
52 9325
48 9323
61 9182
47 9278
55 9282
38 9365
78 9350
45 9264
78 9261
40 9265
40 9256
50 9316
28 2
68 9302
0 1
47 9247
90 9283
66 9245
51 9312
63 9328
68 9243
44 9331
64 9295
83 9281
62 9220
58 9329
47 9321
86 9275
48 9263
44 9272
40 9379
49 9261
45 9322
40 9363
40 9234
47 9338
52 9313
42 9258
39 9342
45 9314
47 9212
59 9237
56 9295
46 9292
94 9334
51 9236
57 9310
83 9267
75 9325
17 5
111 9270
80 9329
55 9256
59 9372
64 9243
68 9269
43 9265
0 1
108 9302
70 9413
47 9269
47 9256
94 9334
45 9306
55 9315
46 9287
53 9268
62 9216
44 9316
63 9218
52 9343
42 9296
40 9270
41 9248
81 9210
47 9299
40 9195
38 9228
46 9317
44 9251
48 9227
41 9276
47 9289
65 9341
46 9194
43 9301
42 9324
102 9256
45 9309
47 9310
42 9237
48 9257
72 9301
39 9259
53 9285
39 9395
48 9356
99 9324
52 9281
92 9271
51 9314
66 9224
57 9316
68 9276
47 9247
49 9314
58 9335
45 9211
43 9259
43 9259
41 9276
43 9233
47 9391
42 9368
64 9276
54 9342
44 9244
76 9304
62 9350
77 2
0 1
120 9278
41 10
50 9263
53 9231
46 9359
48 9301
55 9343
46 9255
57 9235
92 9323
62 9206
89 9208
41 9229
43 9352
51 9304
57 9316
68 9333
78 9236
76 9251
43 9330
44 9320
46 9280
40 9348
43 9271
52 9235
47 9279
73 9309
39 9290
37 9313
40 9227
73 9269
53 9303
42 9269
44 9286
38 9241
43 9226
44 9253
43 9204
38 9301
44 9261
46 9293
46 9300
47 9236
41 9297
41 9245
41 9297
37 9272
58 9286
57 9329
0 1
44 9205
59 9258
44 9320
59 9192
41 9331
56 9358
54 9286
40 9239
42 9392
0 1
59 9291
44 9178
59 9359
47 9274
47 9260
50 9276
44 9292
60 9288
44 9243
47 9273
67 9270
42 9250
49 9203
44 9197
47 9336
41 9265
50 9237
56 9286
43 9355
51 9259
42 9266
58 9245
61 9319
69 9305
43 9264
41 9290
47 9380
89 9320
72 9363
41 9220
62 9266
70 9335
49 9256
121 9288
52 9261
42 9343
42 9229
48 9235
43 9260
40 9257
58 9364
63 9322
71 9295
124 9274
48 9372
38 9258
61 9266
66 9316
43 9329
40 9273
50 9317
58 9234
41 9306
75 9286
90 9315
40 9228
44 9350
54 9305
44 9260
43 9306
43 9261
41 9330
42 9327
45 9239
44 9202
55 9346
41 9263
43 9331
43 9219
44 9301
50 9289
43 9315
83 9325
11 2
55 9224
49 9203
46 9342
49 9302
48 9323
53 9291
55 9267
79 9297
44 9318
62 9332
45 9324
62 9276
51 9273
55 9272
41 9317
42 9275
47 9387
46 9306
52 9278
85 9289
76 9331
0 1
54 9353
50 9236
43 9358
47 9240
44 9279
54 9241
46 9341
49 9299
64 9229
47 9285
45 9228
45 9364
45 9288
42 9291
45 9214
41 9357
59 9351
46 9367
48 9319
59 9317
0 1
45 9294
82 9271
0 1
73 9302
55 9301
46 9255
0 1
0 1
63 9241
7 2
41 9298
50 9259
0 1
42 9298
45 9260
54 9360
61 9293
47 9299
48 9299
61 9263
64 9208
49 9338
73 9339
9 2
45 9258
41 9286
42 9217
57 9273
39 9271
53 9243
47 9236
41 9299
45 9281
57 9245
58 9182
47 9285
55 9254
46 9365
56 9356
51 9358
0 1
48 9267
44 9257
46 9319
44 9258
64 9264
48 9290
72 9289
3 3
46 9156
0 1
70 9300
43 9272
39 9355
57 9243
81 9313
49 9342
41 9280
41 9302
56 9301
50 9323
60 9299
49 9348
50 9181
61 9312
46 9280
49 9347
49 9244
93 9268
49 9281
42 9363
48 9311
83 9313
56 9272
63 9262
110 9294
45 9310
62 9268
48 9298
45 9301
55 9390
57 9165
60 9333
55 9216
103 9292
88 9295
73 9359
49 9333
40 9325
50 9314
53 9289
55 9238
61 9246
43 9288
61 9159
64 9342
44 9241
52 9234
59 9296
58 9333
75 9200
67 9370
76 9230
42 9292
56 9364
55 9265
49 9355
53 9298
81 9261
59 9343
42 9235
54 9295
45 9301
44 9324
47 9313
49 9336
58 9296
114 9329
28 3
89 9279
51 9289
52 9297
80 9278
44 9332
66 9240
65 9321
63 9363
0 1
91 9276
56 9237
52 9228
61 9286
46 9282
56 9289
67 9225
53 9238
43 9314
40 9320
61 9354
65 9340
48 9344
41 9338
57 9291
54 9247
68 9283
51 9360
42 9259
46 9291
42 9226
57 9295
68 9295
2 2
40 9263
57 9293
46 9294
50 9241
87 9322
49 9293
59 9308
57 9245
75 9322
48 9335
44 9326
46 9334
56 9285
55 9346
55 9318
68 9238
55 9341
61 9234
40 9351
59 9291
42 9266
41 9287
55 9278
43 9347
45 9199
44 9324
48 9352
60 9214
50 9286
72 9216
9 2
40 9282
65 9332
69 9294
43 9240
13 3
47 9251
41 9230
121 9307
72 9279
44 9320
50 9306
40 9198
44 9290
59 9235
83 9238
82 9323
57 9255
54 9314
58 9339
46 9307
49 9255
42 9317
59 9331
44 9295
46 9255
44 9324
44 9231
54 9363
60 9290
46 9379
92 9338
81 9342
56 9271
51 9279
49 9239
64 9258
61 9229
61 9344
63 9308
42 9245
59 9250
49 9237
68 9335
48 9243
43 9178
43 9290
41 9342
47 9255
45 9369
45 9247
25 2
53 9289
60 9336
93 9269
55 9234
49 9261
44 9380
0 1
60 9324
81 9294
45 9287
67 9290
61 9251
65 9142
41 9254
55 9338
52 9308
41 9223
47 9305
43 9279
48 9311
49 9305
50 9309
47 9290
55 9183
104 9274
57 9298
43 9283
60 9265
46 9362
44 9314
69 9293
39 9238
45 9274
68 9333
46 9411
59 9291
45 9228
43 9256
48 9225
78 9290
114 9280
46 9298
52 9266
47 9335
43 9387
44 9260
47 9265
93 9249
47 20
51 9280
47 9295
62 9373
53 9407
71 9301
47 9308
43 9364
41 9220
53 9291
46 9322
51 9235
68 9297
42 9307
43 9312
44 9330
53 9296
132 9262
54 9325
44 9247
41 9230
43 9299
47 9294
81 9259
88 9282
95 9324
71 9288
55 7
67 9346
57 9297
51 9270
46 9314
67 9271
38 9251
70 9358
45 9301
50 9273
43 9240
55 9185
47 9232
96 9343
58 9332
52 9348
81 9369
42 9327
45 9236
55 9210
50 9278
47 9298
44 9299
47 9256
107 9365
47 9267
57 9285
41 9260
54 9283
61 9348
43 9275
50 9299
47 9271
46 9224
49 9381
45 9336
38 9405
45 9286
43 9262
41 9354
43 9331
43 9300
67 9241
77 9316
44 9335
58 9248
41 9289
40 9233
50 9282
43 9239
49 9287
43 9247
62 9281
39 9285
60 9263
40 9278
77 9317
51 9334
43 9365
61 9310
49 9276
53 9317
53 9306
41 9265
48 9273
44 9227
39 9241
46 9239
56 9248
55 9325
50 9235
51 9317
80 9284
0 1
27 3
64 9254
44 9278
61 9271
57 9301
48 9321
60 9260
48 9239
49 9312
51 9261
43 9331
0 1
57 9249
56 9203
45 9297
48 9222
58 9362
59 9297
46 9323
52 9235
101 9261
99 9372
47 9296
42 9234
41 9412
54 9292
45 9272
49 9234
52 9236
54 9352
43 9386
44 9318
59 9346
43 9250
46 9219
49 9233
83 9237
43 9247
39 9319
41 9310
51 9245
43 9339
64 9350
43 9271
61 9365
80 9235
46 9282
0 1
54 9295
54 9228
46 9343
39 9303
76 9246
71 9340
70 9276
48 9338
0 1
121 9228
60 9294
70 9301
100 9419
90 6
91 9324
119 9312
0 1
49 9304
97 9224
79 9321
53 9266
60 9250
73 9271
63 9309
41 9343
54 9256
0 1
53 9124
51 9361
44 9300
47 9263
41 9286
0 1
45 9307
43 9311
46 9338
60 9227
55 9302
60 9262
73 9321
44 9335
47 9247
58 9308
46 9278
52 9377
48 9274
43 9261
56 9385
48 9288
41 9220
43 9253
79 9290
43 9282
58 9343
54 9137
52 9281
63 9304
0 1
43 9297
55 9274
53 9320
78 9260
48 9311
54 9286
43 9361
50 9362
53 9353
0 1
46 9203
41 9270
44 9236
68 9300
43 9362
72 9242
46 9279
49 9290
70 9274
43 9337
50 9258
46 9359
59 9245
40 9311
44 9222
48 9267
41 9324
0 1
47 9294
46 9368
44 9279
83 9401
31 2
65 9250
48 9254
38 9347
71 9318
78 9231
45 9290
66 9324
48 9318
44 9243
48 9293
41 9321
0 1
46 9272
50 9296
48 9261
58 9279
56 9260
64 9270
94 9274
64 9313
50 9274
49 9325
105 9400
98 9258
50 9225
50 9222
84 9320
50 9296
51 9362
58 9338
51 9260
49 9296
46 9325
51 9272
44 9252
68 9300
53 9302
42 9288
0 1
0 1
49 9312
57 9287
47 9239
55 9262
44 9349
43 9279
46 9254
51 9257
53 9252
56 9269
58 9309
40 9319
63 9322
113 9340
51 9289
53 9302
60 9304
0 1
70 9274
73 9295
53 9353
71 9370
43 9329
45 9286
74 9269
51 9315
57 9259
42 9220
47 9291
47 9287
57 9358
57 9294
1 2
44 9291
51 9317
48 9301
44 9291
59 9271
45 9262
56 9304
47 9353
45 9214
99 9240
70 9375
105 9317
48 9290
43 9336
42 9226
49 9315
56 9291
42 9252
45 9319
41 9318
41 9239
44 9297
46 9250
53 9289
51 9383
51 9322
46 9326
49 9309
53 9346
0 1
45 9296
48 9213
59 9251
47 9264
46 9219
46 9349
40 9308
56 9324
92 9243
59 9300
86 9277
47 9296
39 9228
46 9309
59 9386
44 9334
41 9279
42 9329
42 9262
43 9317
42 9347
44 9336
50 9336
50 9303
101 9271
53 9295
48 9253
46 9259
48 9374
42 9236
48 9277
52 9338
46 9275
55 9288
67 9284
43 9304
50 9335
50 9384
49 9352
53 9341
55 9314
0 1
51 9340
46 9312
66 9392
43 9280
49 9284
42 9303
0 1
44 9218
75 9232
73 9249
80 9246
58 9292
51 9175
57 9304
57 9302
39 9263
42 9274
42 9296
68 9410
62 9351
59 9214
97 9334
53 9219
57 9333
55 9279
46 9289
52 9236
49 9315
43 9277
46 9310
50 9277
52 9278
0 1
53 9198
43 9262
48 9322
88 9307
0 1
57 9245
47 9343
50 9355
0 1
45 9202
48 9207
0 1
43 9357
47 9309
45 9267
42 9302
47 9281
41 9322
62 9267
72 9391
53 9315
50 9312
39 9272
47 9193
39 9332
43 9310
45 9344
26 2
43 9332
55 9287
52 9403
66 9257
42 9272
55 9302
71 9269
0 1
47 9299
60 9278
42 9162
72 9330
46 9312
41 9316
80 9286
43 9351
71 9232
42 9219
54 9259
54 9307
43 9359
50 9258
72 9340
58 9297
61 9278
65 9266
63 11
45 9
48 9290
51 9333
41 9240
73 9321
42 9329
0 1
48 9284
51 9321
55 9271
46 9360
58 9283
50 9261
44 9307
45 9263
71 9195
51 9312
62 9264
0 1
45 9274
58 9339
44 9298
54 9261
38 9271
53 9284
60 9270
48 9303
58 9396
60 9420
42 9362
47 9327
53 9351
79 9310
49 9374
46 9353
47 9271
40 9300
45 9250
62 9387
47 9238
50 9306
59 9218
52 9298
53 9204
51 9249
53 9270
48 9343
44 9193
41 9341
48 9340
51 9259
71 9191
53 9262
44 9310
44 9329
60 9333
46 9250
47 9246
47 9409
54 9310
44 9217
50 9289
50 9261
41 9205
46 9357
46 9313
39 9255
50 9343
61 9218
67 9260
50 9317
71 9267
46 9311
38 9355
84 9268
0 1
66 9339
48 9329
47 9285
63 9280
56 9249
57 9331
53 9258
45 9215
46 9264
73 9340
52 9348
43 9388
45 9219
52 9291
77 9259
46 9205
44 9328
58 9284
47 9352
12 3
64 9290
43 9344
56 9242
45 9303
51 9264
43 9220
48 9273
0 1
41 9269
54 9246
43 9223
51 9280
48 9233
45 9317
55 9233
47 9336
50 9242
52 9332
63 9219
43 9247
51 9211
56 9244
64 9311
54 9264
89 9291
53 9221
83 9233
59 9196
54 9309
47 9323
60 9313
72 9304
50 9342
49 9234
42 9227
49 9369
47 9304
55 9284
92 9262
52 9289
74 9261
57 9325
45 9250
64 9341
59 9353
53 9328
47 9241
0 1
75 9315
42 9271
45 9327
57 9256
48 9173
55 9215
50 9295
42 9309
46 9214
46 9250
55 9265
0 1
49 9244
47 9268
50 9318
39 9212
44 9351
41 9222
41 9378
87 9112
73 9339
0 1
48 9312
47 9242
47 9276
45 9319
40 9323
65 9340
47 9263
60 9289
51 9384
68 9240
71 9261
50 9247
55 9332
54 9301
46 9329
53 9265
0 1
46 9312
70 9255
134 9311
53 9344
65 9314
51 9300
74 9280
56 9336
44 9261
43 9306
46 9285
64 9282
49 9306
58 9246
50 9180
58 9261
62 9262
70 9270
52 9255
82 9321
47 9239
49 9302
46 9285
71 9260
76 9235
68 9290
61 9322
50 9273
43 9247
56 9421
75 9362
51 9331
54 9278
0 1
48 9276
66 9333
85 9261
55 9321
44 9320
50 9417
58 9340
100 9276
51 9287
53 9304
0 1
64 9327
62 9312
13 3
57 9321
97 9244
94 9256
79 9360
87 9282
53 9291
45 9331
54 9243
48 9252
53 9277
47 9287
76 9223
46 9283
48 9245
49 9258
0 1
51 9263
39 9244
37 9307
45 9310
51 9271
56 9269
41 9319
45 9297
46 9234
80 9262
40 9308
45 9321
59 9339
121 9299
51 9330
68 9354
63 9256
45 9281
63 9236
56 9275
44 9246
43 9298
42 9245
0 1
70 9271
65 9335
50 9317
46 9261
43 9234
51 9254
143 9201
65 9283
46 9301
44 9261
46 9259
56 9274
52 9314
65 9281
47 9279
59 9288
45 9319
45 9348
41 9271
59 9319
41 9375
44 9367
51 9315
79 9265
50 9282
46 9284
47 9162
54 9167
47 9240
48 9319
44 9333
57 9238
0 1
39 9338
43 9265
49 9299
44 9220
46 9256
41 9247
62 9184
49 9312
63 9315
56 9356
49 9269
49 9295
44 9290
71 9308
47 9325
58 9292
47 9302
39 9300
71 9306
0 1
65 9302
59 9300
47 9324
60 9320
55 9308
61 9206
63 9310
62 9275
50 9374
48 9375
102 9295
59 9251
47 9306
48 9344
49 9277
50 9242
43 9374
91 9361
41 9234
47 9334
42 9307
66 9281
75 9189
67 9285
47 9352
0 1
86 9298
47 9289
55 9337
47 9284
45 9353
54 9286
42 9150
46 9301
58 9207
92 9227
85 9266
47 9223
0 1
45 9251
55 9258
52 9222
48 9250
84 9286
83 9310
52 9373
110 9336
70 9278
47 9387
95 9355
94 9344
91 9327
47 9278
61 9253
52 9280
56 9305
41 9288
69 9316
52 9289
47 9304
56 9290
79 9307
41 9302
69 9292
72 9281
65 9306
54 9341
50 9313
43 9293
37 9301
48 9306
64 9242
69 9193
72 9291
47 9260
0 1
49 9263
56 9223
56 9348
45 9328
47 9324
49 9277
56 9268
0 1
48 9275
51 9317
0 1
67 9306
63 9289
0 1
51 9323
43 9227
47 9301
51 9406
45 9274
43 9305
46 9305
56 9276
39 9220
57 9247
60 9323
55 9258
148 9244
57 9236
55 9274
0 1
46 9399
56 9278
96 9312
55 9350
53 9364
53 9370
49 9278
40 9296
41 9319
47 9357
46 9381
66 9260
44 9291
42 9254
58 9300
69 9238
45 9239
49 9299
42 9268
45 9414
62 9406
40 9316
61 9326
80 9256
41 9258
50 9396
43 9244
45 9326
39 9314
45 9255
42 9300
43 9213
53 9344
51 9232
52 9311
41 9290
45 9328
41 9324
49 9227
45 9329
45 9310
64 9285
56 9241
0 1
50 9278
45 9238
135 9260
50 9361
46 9225
43 9294
51 9283
57 9386
57 9264
50 9349
58 9295
58 9265
47 9312
40 9255
44 9322
42 9310
64 9342
43 9284
40 9184
53 9251
46 9263
46 9215
106 9224
57 9212
53 9248
45 9281
44 9314
49 9302
42 9303
50 9327
46 9318
68 9257
53 9341
52 9224
47 9252
40 9323
42 9268
46 9259
75 9276
66 9310
94 9349
58 9288
57 9319
40 9334
85 9246
39 9258
51 9346
45 9227
41 9293
54 9237
97 9320
58 9312
77 9381
68 9305
48 9279
46 9321
66 9300
61 9395
46 9368
44 9262
72 9214
0 1
44 9289
44 9248
52 9216
85 9276
79 9261
46 9243
41 9245
0 1
60 9252
47 9267
49 9330
74 9340
56 9378
60 9257
47 9258
64 9318
71 9346
51 9287
54 9304
82 9299
61 9314
52 9286
55 9175
0 1
52 9313
65 9342
58 9292
44 9329
0 1
60 9271
59 9286
45 9217
53 9338
44 9312
71 9314
45 9392
53 9177
58 9253
98 9317
67 9348
60 9327
45 9221
41 9340
76 9309
71 9363
53 9308
0 1
62 9303
47 9245
49 9316
54 9343
49 9246
55 9276
56 9305
88 9321
61 9349
91 9342
60 9349
46 9255
77 9286
0 1
51 9300
55 9276
99 5
54 9362
63 9290
44 9312
113 9372
49 9359
44 9239
53 9264
64 9314
49 9327
82 9246
59 9358
46 9320
0 1
82 9281
0 1
0 1
49 9300
46 9243
70 9305
69 9252
54 9205
45 9234
46 9278
51 9349
51 9295
45 9250
51 9294
43 9271
58 9288
47 9289
47 9269
174 9291
60 9291
56 9265
84 9320
53 9408
67 9285
47 9297
44 9301
47 9335
53 9297
38 9341
47 9328
93 9281
44 9365
43 9338
77 9262
74 9327
62 9330
60 9313
62 9288
68 9273
77 9325
48 9365
45 9372
66 9283
46 9350
47 9332
50 9281
67 9262
47 9321
44 9343
53 9277
45 9263
45 9262
57 9274
44 9352
39 9274
52 9375
50 9295
51 9266
62 9291
40 9374
50 9338
50 9323
42 9252
90 9376
48 9297
66 9220
48 9387
50 9162
55 9286
46 9280
54 9313
129 9247
60 9323
64 9236
53 9273
57 9258
50 9314
48 9346
77 9346
58 9369
43 9251
44 9234
66 9301
45 9381
66 9398
43 9289
55 9285
60 9234
58 9279
43 9323
68 9324
76 9289
60 9247
88 9289
42 9314
54 9259
55 9319
44 9271
45 9217
65 9334
41 9265
54 9299
48 9356
42 9324
50 9271
47 9264
48 9243
45 9296
65 9320
43 16
58 9330
50 9325
45 9290
44 9257
66 9306
46 9278
43 9260
50 9217
90 9346
50 9281
52 9260
41 9227
47 9238
171 9300
94 9266
60 9353
43 9368
55 9279
44 9359
94 9313
55 9249
44 9337
43 9251
43 9310
0 1
43 9246
70 9234
55 9339
44 9335
55 9293
53 9277
74 9284
51 9320
48 9219
61 9260
69 9247
62 9349
46 9290
54 9302
0 1
54 9268
51 9373
44 9331
58 9253
40 9218
56 9219
109 9289
46 9275
0 1
49 9346
47 9286
0 1
50 9234
64 9256
68 9383
59 9322
58 9297
48 9315
68 9286
43 9320
0 1
0 1
48 9265
49 9329
45 9298
39 9335
50 9237
51 9372
43 9269
45 9266
55 9298
50 9308
56 9301
61 9221
43 9388
42 9212
59 9248
43 9281
0 1
42 9369
45 9280
44 9275
55 9260
48 9291
42 9238
68 9271
58 9285
62 9249
52 9286
0 1
42 9253
45 9310
47 9215
46 9151
58 9283
43 9245
50 9338
49 9325
49 9270
56 9250
43 9285
45 9352
45 9284
42 9258
82 9308
48 9241
51 9284
50 9320
42 9400
85 9206
44 9250
46 9283
49 9366
51 9318
50 9272
53 9392
0 1
55 9297
55 9243
66 4
1 2
49 9310
49 9315
42 9210
51 9268
50 9313
44 9295
53 9276
55 9271
46 9332
48 9308
46 9298
45 9209
57 9250
45 9237
79 9379
47 9246
45 9290
45 9212
45 9306
53 9278
44 9306
65 9217
45 9324
51 9346
77 9329
61 9304
46 9286
71 9287
64 9245
42 9332
56 9317
47 9265
49 9208
51 9326
48 9371
52 9283
44 9295
44 9276
54 9336
69 9239
98 9294
54 9270
46 9320
47 9262
45 9258
61 9321
105 9372
107 9285
41 9223
45 9211
51 9266
58 9318
46 9348
54 9343
8 2
81 9372
43 9310
55 9310
48 9291
54 9310
48 9358
49 9275
62 9252
70 9307
77 9273
67 9238
75 9264
63 9221
50 9241
39 9201
46 9298
43 9299
50 9307
45 9235
50 9256
48 9325
73 9261
45 9222
52 9263
52 9281
46 9275
69 9243
45 9333
52 9401
50 9299
44 9269
64 9211
60 9286
42 9286
53 9184
71 9240
42 9334
48 9320
0 1
58 9351
60 9295
79 9345
99 9396
50 9358
51 9245
66 9323
73 9198
43 9302
48 9298
41 9278
28 21
116 9319
93 9300
44 9331
43 9320
58 9343
71 9336
44 9243
47 9300
66 9288
0 1
56 9208
44 9265
51 9257
47 9300
42 9260
57 9275
75 9317
82 9315
51 9302
63 9255
53 9290
50 9252
114 9293
69 9323
72 9312
55 9283
77 9220
94 9309
41 9375
42 9270
57 9264
65 9368
66 9349
77 9267
34 2
48 9281
59 9344
54 9223
63 9343
97 9231
62 9278
48 9279
49 9218
57 9311
89 9246
3 2
86 9224
43 9221
60 9242
105 9307
51 9324
42 9272
42 9330
50 9340
43 9324
46 9279
42 9352
101 9276
51 9231
52 9358
49 9337
46 9287
45 9290
92 9240
65 9253
49 9307
83 9250
49 9325
65 9268
52 9244
64 9353
48 9287
42 9198
49 9223
55 9295
51 9256
76 9244
51 9303
43 9374
58 9329
45 9291
52 9268
73 9278
79 9241
54 9355
46 9348
41 9289
5 2
141 9286
86 9284
49 9325
41 9277
46 9341
45 9308
43 9302
43 9287
46 9293
49 9290
60 9241
59 9360
45 9302
44 9304
47 9325
86 9334
84 9315
59 9293
74 9317
77 9246
17 3
45 9280
44 9218
49 9265
46 9371
55 9256
52 9210
53 9303
47 9220
97 9273
0 1
43 9285
48 9304
66 9363
87 9311
57 9303
6 3
59 9304
54 9280
59 3
109 9343
82 9231
0 1
67 9216
64 9283
51 9321
52 9265
51 9309
53 9218
48 9280
52 9303
69 9225
51 9324
70 9332
0 1
42 9313
50 9302
53 9336
41 9307
43 9272
43 9297
54 9249
71 9264
69 9352
46 9256
50 9247
51 9274
49 9264
56 9292
0 1
105 9305
56 9294
58 9249
49 9296
66 9323
53 9261
62 9309
58 9247
41 9376
55 9315
46 9294
53 9294
78 9273
69 9302
54 9262
49 9346
51 9266
71 9272
56 9263
49 9266
50 9297
50 9345
46 9315
47 9202
44 9328
43 9349
66 9303
68 9272
42 9286
44 9325
54 9341
49 9330
48 9296
46 9332
50 9231
54 9276
109 9254
0 1
49 9349
53 9298
60 9294
49 9334
56 9255
58 9350
83 9257
43 9285
51 9313
55 9250
47 9320
54 9293
46 9246
124 9268
79 9287
53 9273
48 9229
47 9239
55 9340
51 9266
49 9342
47 9248
49 9287
71 9244
162 9337
39 9274
77 9311
49 9292
46 9315
71 9251
40 9168
66 9293
48 9329
45 9289
45 9254
0 1
0 1
50 9370
49 9357
46 9349
88 9358
52 9249
63 9289
57 9344
79 9266
42 9336
0 1
46 9330
43 9221
40 9361
0 1
39 9250
47 9388
47 9282
64 9193
59 9269
54 9285
0 1
68 9329
50 9278
76 9340
110 9284
55 9280
45 9286
56 9324
46 9295
55 9211
60 9266
50 9246
70 9306
80 9292
42 9255
60 9240
69 9329
47 9343
85 9363
51 9373
53 9259
55 9285
58 9275
87 9229
98 9323
57 9256
59 9272
46 9299
45 9349
45 9288
40 9291
47 9319
56 9270
43 9367
42 9290
78 9328
61 9328
45 9224
48 9288
47 9251
48 9338
50 9328
80 9238
54 9337
67 9277
61 9364
50 9307
178 9236
68 9327
0 1
5 2
56 9275
47 9354
63 9240
43 9410
47 9395
55 9264
43 9243
42 9264
40 9305
0 1
50 9311
1 2
62 9337
50 9242
82 9318
0 1
48 9304
55 9339
48 9309
56 9313
55 9306
45 9367
68 9206
50 9246
49 9268
57 9251
66 9279
75 9225
52 9322
138 9258
53 9290
45 9269
51 9289
43 9312
46 9283
54 9319
74 9279
48 9257
50 9315
0 1
47 9366
42 9274
58 9255
64 9276
51 9350
60 9341
65 9323
51 9268
74 9357
55 9390
49 9305
46 9338
48 9302
48 9346
50 9272
34 2
87 9231
65 9321
41 9309
47 9323
12 2
51 9248
47 9215
60 9318
0 1
74 9330
115 9357
53 9250
47 9274
45 9280
48 9334
41 9338
89 9329
55 9242
58 9253
54 9342
44 9353
53 9307
51 9203
49 9302
43 9249
55 9299
49 9267
50 9250
45 9246
42 9359
47 9352
59 9233
47 9440
64 9287
120 9368
108 9263
46 9287
47 9309
45 9344
118 9300
42 9301
48 9258
0 1
50 9264
72 9334
64 9324
51 9264
49 9251
41 9320
50 9189
45 9269
58 9325
48 9279
50 9363
43 9253
38 9274
69 9335
44 9355
44 9255
70 9325
62 9364
59 9274
61 9324
47 9291
55 9295
42 9248
46 9284
45 9376
56 9292
52 9258
59 9440
73 9228
0 1
63 9373
50 9293
57 9230
66 9306
76 9331
63 9306
49 9294
46 9354
0 1
53 9318
51 9351
45 9253
55 9322
40 9344
62 9241
45 9193
49 9277
47 9288
82 9325
54 9308
48 9287
43 9222
42 9323
44 9361
41 9427
69 9284
59 9312
54 9292
57 9294
0 1
61 9420
78 9217
51 9215
103 9202
82 9289
77 9315
47 9311
41 9236
52 9254
101 9375
71 9297
79 9313
45 9305
95 9248
1 2
0 1
57 9176
46 9369
62 9246
47 9252
71 9217
61 9271
57 9300
55 9235
52 9297
99 9316
80 9276
48 9255
53 9290
50 9323
44 9234
89 9249
0 1
48 9365
43 9295
78 9339
59 9223
57 9296
50 9336
78 9313
41 9275
45 9325
47 9344
47 9354
48 9218
56 9251
41 9288
102 9275
182 9322
96 9345
51 2
18 2
51 9319
51 9303
70 9356
81 9266
76 9319
79 9368
47 9260
45 9256
53 9296
52 9349
46 9333
49 9269
83 9332
46 9208
47 9265
44 9317
44 9369
0 1
86 9193
48 9361
59 9296
50 9267
52 9224
53 9328
54 9287
40 9317
41 9275
49 9256
50 9261
53 9363
48 9261
52 9366
50 9281
68 9312
41 9226
47 9264
54 9248
50 9387
53 9290
64 9266
50 9204
67 9352
71 9297
48 9295
0 1
47 9285
50 9313
44 9314
47 9299
54 9297
43 9232
62 9336
67 9292
78 9387
98 9253
54 9225
59 9287
55 9295
107 9282
46 9245
68 9229
65 9266
48 9221
62 9238
47 9243
69 9270
52 9343
53 9365
47 9298
54 9238
75 9276
81 9281
64 9338
72 9311
82 9258
43 9269
42 9314
57 9212
65 9303
60 9360
62 9282
59 9414
60 9275
52 9219
53 9322
74 9275
42 9285
132 9268
58 9259
47 9258
0 1
44 9184
47 9361
49 9319
43 9428
52 9334
71 9326
71 9236
66 9343
47 9300
77 9251
58 9245
95 9265
62 9287
0 1
68 9297
68 9248
51 9222
47 9265
46 9238
45 9356
54 9319
62 9276
49 9250
49 9390
59 9316
54 9282
63 9295
59 9345
44 9311
46 9327
73 9252
43 9333
42 9276
59 9319
51 9386
50 9196
67 9195
48 9210
56 9285
58 9382
45 9311
58 9302
50 9296
53 9417
42 9283
63 9298
45 9295
72 9248
62 9418
28 2
66 9225
96 9307
63 9229
75 9305
83 9274
50 9314
44 9347
66 9305
74 9284
58 9243
80 9292
0 1
54 9313
54 9310
49 9233
81 9293
61 9241
131 9367
63 9285
48 9287
53 9226
0 1
120 9324
0 1
66 9332
46 9261
55 9268
78 9339
99 9325
49 9421
0 1
52 9334
108 9291
61 9257
109 9318
47 9304
80 9364
51 9243
57 9350
46 9203
55 9259
56 9348
59 9365
66 9333
45 9320
47 9237
67 9302
59 9325
62 9286
54 9277
62 9365
100 9271
57 9278
60 9249
50 9331
44 9342
45 9245
45 9357
115 9419
55 9275
50 9264
80 9275
115 9304
12 2
52 9351
44 9337
50 9185
80 9288
58 9297
60 9347
49 9307
43 9327
53 9301
47 9251
76 9256
47 9272
50 9339
82 9270
13 6
50 9353
50 9244
71 9294
49 9323
45 9376
43 9318
176 9256
45 9393
57 9291
52 9287
46 9263
67 9236
41 9277
49 9389
63 9336
53 9327
96 9229
88 9288
66 9277
44 9253
46 9283
53 9289
54 9325
57 9336
58 9228
55 9323
38 9330
54 9312
40 9300
45 9289
95 9268
86 9234
0 1
42 9299
0 1
43 9267
43 9241
52 9302
44 9317
63 9322
79 9308
51 9261
61 9259
67 9349
84 9239
61 9349
58 9249
45 9241
91 9225
54 9353
45 9259
64 9345
51 9285
0 1
45 9271
60 9318
61 9262
66 9285
39 9211
0 1
63 9378
40 9395
42 9314
55 9247
74 9251
54 9289
58 9239
45 9296
55 9236
56 9311
48 9262
69 9327
56 9234
58 9274
89 9346
52 9265
43 9227
47 9311
99 9243
51 9313
53 9321
65 9308
53 9296
95 9252
60 9248
48 9299
45 9193
103 9293
41 9328
82 9307
44 9266
59 9313
43 9279
40 9308
78 9322
51 9393
63 9236
0 1
90 9257
88 9293
67 9273
48 9290
46 9317
52 9265
127 9283
66 9286
10 2
73 9342
64 9388
47 9255
48 9233
48 9282
47 9355
73 9286
0 1
76 9246
41 9299
75 9228
62 9269
73 9321
0 1
45 9272
49 9288
44 9252
54 9322
0 1
50 9294
79 9240
54 9239
53 9297
0 1
48 9327
121 9369
65 9299
44 9302
53 9287
50 9298
51 9278
76 9276
55 9311
54 9329
93 9307
46 9297
44 9285
57 9261
45 9252
52 9362
0 1
0 1
63 9324
52 9155
50 9280
46 9292
43 9225
0 1
46 9253
52 9282
60 9254
0 1
58 9306
0 1
48 9205
61 9275
52 9329
49 9246
85 9275
50 9212
40 9280
91 9208
40 9314
48 9285
50 9281
49 9230
51 9269
72 9292
48 9191
108 9247
88 9288
66 9357
61 9345
39 9244
45 9268
58 9296
57 9347
0 1
44 9255
91 9244
54 9330
61 9210
48 9312
58 9335
66 9281
0 1
56 9240
65 9290
50 9385
48 9317
61 9241
66 9385
111 9264
46 9273
46 9290
78 9285
61 9251
68 9298
0 1
54 9347
83 9344
64 9349
47 9329
52 9273
108 9321
52 9340
47 9352
49 9221
43 9226
6 2
70 9256
57 9323
45 9246
61 9325
84 9240
48 9258
0 1
44 9299
38 9384
39 9299
70 9200
74 9271
57 9327
50 9303
62 9263
64 9258
62 9201
51 9234
47 9366
52 9333
83 9265
75 9269
46 9337
66 9334
81 9253
0 1
0 1
81 9203
43 9410
118 9255
52 9417
71 9251
64 9329
0 1
54 9325
69 9186
50 9254
41 9285
72 9248
0 1
53 9234
53 9297
51 9239
80 9365
87 9342
50 9283
66 9326
60 9247
0 1
45 9251
88 9271
79 9311
72 9279
56 9237
79 9318
62 9281
53 9315
43 9126
0 1
52 9234
44 9299
109 9283
75 9346
51 9296
71 9254
44 9297
92 9298
70 9388
46 9325
147 9224
57 9408
48 9258
49 9293
67 9272
48 9212
98 9227
44 9336
57 9309
51 9260
51 9330
49 9223
50 9249
39 9244
52 9235
0 1
54 9323
160 9304
60 9256
0 1
86 9276
46 9311
55 9284
0 1
77 9288
43 9290
46 9332
47 9321
41 9230
49 9237
48 9284
54 9280
50 9307
57 9271
43 9352
53 9304
62 9336
75 9303
91 9302
0 1
65 9311
49 9260
69 9306
41 9253
57 9279
76 9294
56 9279
56 9316
39 9310
44 9262
44 9325
55 9215
72 9343
47 9283
46 9335
48 9268
61 9301
46 9266
53 9263
89 9270
57 9285
77 9293
47 9308
68 9226
53 9324
62 9267
47 9166
46 9293
70 9331
48 9247
0 1
97 9248
56 9363
47 9317
80 9257
39 9228
54 9283
54 9339
52 9264
65 9343
47 9259
51 9202
74 9327
63 9218
52 9324
50 9298
60 9294
56 9277
54 9257
46 9269
49 9213
55 9351
59 9265
55 9203
46 9310
63 9308
57 9346
26 2
67 9403
51 9337
53 9291
83 9386
55 9266
46 9240
71 9309
58 9246
65 9246
67 9268
56 9287
0 1
74 9407
48 9364
49 9271
51 9292
63 9322
57 9241
70 9306
43 9217
54 9270
44 9292
58 9246
62 9339
72 9314
48 9240
57 9205
78 9302
95 9309
55 9302
80 9377
45 9285
10 2
45 9217
0 1
45 9300
40 9281
47 9241
58 9312
71 9320
49 9299
41 9293
56 9312
55 9325
51 9204
42 9283
46 9325
56 9382
0 1
47 9235
80 9276
91 9317
44 9313
43 9330
76 9282
52 9284
44 9255
45 9265
0 1
87 9346
74 9309
65 9335
49 9262
55 9304
45 9310
60 9321
44 9228
48 9265
62 9299
63 9297
59 9348
64 9273
88 9281
0 1
48 9392
52 9361
48 9297
62 9230
69 9286
44 9264
79 9291
49 9331
41 9380
60 9183
42 9260
46 9268
55 9243
48 9265
55 9272
49 9285
58 9370
1 2
69 9236
68 9222
69 9246
46 9295
45 9162
56 9287
44 9204
43 9194
0 1
42 9318
76 9202
0 1
79 9263
53 9256
69 9282
52 9243
0 1
0 1
59 9311
90 9232
66 9348
80 9293
64 9313
63 9246
48 9324
47 9254
114 9313
0 1
44 9359
64 9272
45 9342
53 9310
72 9303
64 9268
59 9311
43 9222
65 9255
37 9201
49 9359
97 9313
68 9280
66 9315
54 9308
70 9360
57 9332
64 9263
57 9259
44 9363
55 9311
52 9292
66 9248
48 9314
83 9346
55 9399
0 1
44 9292
71 9307
43 9410
43 9204
49 9275
46 9338
55 9325
40 9283
0 1
58 9330
102 9294
71 9249
50 9361
54 9263
55 9306
59 9248
70 9339
0 1
52 9292
44 9225
55 9278
49 9349
65 9383
47 9298
0 1
70 9383
0 1
60 9389
0 1
68 9239
51 9233
112 9193
48 9284
45 9273
75 9316
45 9331
0 1
56 9280
85 9331
0 1
52 9310
39 9330
51 9322
59 9311
63 9296
77 9251
48 9359
54 9328
54 9295
45 9297
118 9310
42 9233
0 1
54 9247
52 9218
53 9244
55 9349
56 9285
62 9284
62 9331
98 9277
22 2
50 9305
44 9243
54 9304
60 9336
62 9335
2 2
55 9341
51 9261
58 9398
61 9359
67 9237
59 9311
102 9296
54 9251
57 9203
45 9263
53 9326
41 9351
69 9309
87 9358
61 9358
59 9275
82 9325
47 9344
53 9288
81 9257
72 9334
46 9289
49 9269
72 9278
48 9250
77 9228
51 9283
0 1
46 9260
54 9269
61 9236
44 9333
103 9235
60 9336
47 9342
61 9210
46 9280
0 1
105 9349
57 9246
93 9432
43 9272
47 9332
59 9252
61 9320
66 9337
45 3
53 9354
53 9268
46 9303
78 9293
74 9322
81 9270
64 9248
172 9286
63 9288
98 9348
49 9229
62 9259
46 9241
50 9311
50 9309
51 9319
63 9303
0 1
55 9338
43 9312
57 9283
46 9235
57 9218
53 9261
64 9242
0 1
43 9184
47 9267
82 9246
100 9354
0 1
65 9230
47 9277
49 9234
30 3
55 9345
62 9402
62 9211
67 9238
63 9324
21 2
57 9242
0 1
57 9317
43 9347
0 1
131 9375
52 9248
67 9290
52 9299
68 9296
55 9295
88 9269
46 9289
43 9320
0 1
70 9274
64 9306
84 9284
70 9295
48 9317
42 9402
49 9309
68 9308
54 9260
58 9313
49 9254
87 9286
70 9298
54 9293
85 9427
167 9252
0 1
48 9307
64 9339
74 9348
95 9325
45 9257
44 9236
65 9221
94 9254
77 9279
64 9286
38 9294
56 9232
50 9312
48 9320
0 1
65 9244
0 1
66 3
80 9231
43 9245
63 9317
33 3
49 9291
55 9316
62 9308
49 9322
56 9224
127 9308
58 9327
74 9232
54 9259
95 9237
41 9298
75 9280
51 9320
45 9323
71 9173
81 9319
64 9304
49 9247
51 9291
79 9275
55 9287
64 9367
51 9257
46 9197
54 9219
48 9280
49 9245
78 9268
54 9217
44 9276
63 9325
54 9352
74 9236
43 9247
72 9245
47 2
68 9299
50 9319
67 9359
63 9293
80 9374
52 9299
52 9228
0 1
0 1
53 9297
70 9317
65 9359
75 9244
58 9274
27 3
7 2
71 9304
77 9270
112 9372
55 9278
97 9338
115 9301
101 9328
44 9299
109 9235
79 9342
59 9253
19 3
0 1
47 9172
117 9295
54 9286
93 9251
52 9287
45 9276
66 9277
53 9292
45 9321
45 9362
49 9291
48 9253
54 9235
88 9293
46 9333
54 9369
42 9255
62 9277
56 9280
52 9226
69 9287
69 9207
63 9328
53 9316
43 9337
60 9310
46 9317
134 9346
54 9242
113 9317
59 9255
52 9216
56 9302
79 9283
59 9352
132 9367
51 9326
108 9256
49 9277
61 9267
54 9285
90 9284
76 9293
60 9334
87 9301
73 9319
48 9312
91 9228
46 9252
0 1
56 9239
48 9183
51 9259
0 1
60 9208
88 9350
110 9257
48 9218
69 9323
39 9306
41 9259
78 9297
69 9328
71 9252
54 9339
83 9308
57 9220
47 9278
82 9220
49 9344
70 9256
98 9362
28 2
90 9374
0 1
73 9317
58 9308
49 9396
61 9327
61 9323
0 1
56 9292
41 9298
46 9367
54 9329
57 9218
110 9371
50 9286
86 9324
42 9233
52 9283
44 9360
91 9281
48 9398
52 9319
0 1
55 9264
44 9234
43 9356
0 1
44 9305
63 9264
79 9272
54 9232
75 9278
50 9281
50 9310
49 9263
90 9306
50 9305
47 9300
75 9272
81 9235
64 9333
51 9258
0 1
65 9372
103 9310
70 9312
74 9323
54 9285
60 9250
90 9174
58 9329
120 9314
91 9279
71 9262
85 9382
63 9321
61 9355
100 9309
0 1
72 9311
61 9293
15 2
53 9342
95 9271
100 9326
67 9261
63 9259
69 9306
47 9327
51 9438
75 9334
59 9232
53 9247
77 9347
0 1
61 9231
0 1
73 9287
55 9321
59 9262
61 9342
78 9288
52 9285
93 9239
52 9298
72 9332
78 9306
54 9275
76 9193
0 1
