0 32 1716
1 26 1708
2 28 1697
3 32 1666
4 32 1705
5 29 1718
6 29 1713
7 38 1691
8 31 1702
9 30 1693
10 33 1724
11 27 1690
12 37 1692
13 32 1700
14 37 1710
15 32 1700
16 34 1724
17 26 1726
18 33 1712
19 29 1684
20 28 1696
21 28 1706
22 30 1721
23 31 1705
24 30 1682
25 29 1711
26 28 1695
27 27 1712
28 29 1702
29 32 1711
30 29 1731
31 30 1718
32 29 1713
33 25 1664
34 26 1687
35 31 1665
36 30 1717
37 29 1673
38 30 1705
39 35 1731
40 33 1686
41 30 1683
42 30 1707
43 27 1702
44 25 1722
45 26 1701
46 28 1711
47 31 1710
48 32 1699
49 30 1673
50 33 1697
51 28 1709
52 31 1697
53 27 1672
54 29 1698
55 29 1721
56 24 1693
57 33 1709
58 29 1667
59 31 1697
60 40 1716
61 35 1719
62 29 1689
63 35 1691
64 35 1696
65 30 1705
66 32 1703
67 33 1704
68 39 1714
69 33 1661
70 29 1703
71 32 1701
72 30 1705
73 27 1660
74 36 1702
75 31 1700
76 31 1698
77 43 1717
78 28 1707
79 51 1717
80 41 1709
81 36 1715
82 35 1731
83 35 1704
84 36 1679
85 27 1669
86 33 1722
87 33 1688
88 32 1711
89 33 1696
90 35 1705
91 35 1674
92 28 1706
93 32 1697
94 31 1718
95 28 1726
96 29 1693
97 32 1680
98 29 1668
99 31 1692
100 31 1677
101 34 1714
102 41 1671
103 29 1706
104 28 1704
105 31 1707
106 32 1710
107 39 1701
108 33 1710
109 32 1704
110 33 1663
111 30 1694
112 24 1695
113 31 1703
114 35 1709
115 30 1713
116 37 1714
117 34 1706
118 32 1681
119 31 1716
120 32 1726
121 31 1694
122 35 1706
123 35 1721
124 36 1682
125 31 1682
126 33 1681
127 35 1697
128 25 1726
129 0 1
130 28 1704
131 35 1683
132 29 1694
133 35 1677
134 26 1696
135 32 1686
136 49 1699
137 30 1685
138 34 1698
139 31 1693
140 31 1712
141 31 1702
142 31 1712
143 37 1686
144 40 1687
145 34 1727
146 34 1686
147 33 1708
148 29 1691
149 33 1678
150 30 1685
151 32 1716
152 37 1722
153 37 1704
154 36 1726
155 35 1696
156 29 1730
157 33 1659
158 29 1730
159 27 1662
160 31 1707
161 27 1686
162 34 1688
163 28 1702
164 28 1694
165 0 1
166 28 1683
167 29 1690
168 29 1706
169 29 1693
170 31 1704
171 31 1686
172 35 1702
173 29 1705
174 29 1718
175 32 1697
176 39 1702
177 37 1714
178 33 1701
179 33 1684
180 37 1683
181 32 1706
182 36 1694
183 30 1682
184 28 1689
185 36 1711
186 33 1689
187 29 1664
188 36 1706
189 41 1669
190 40 1709
191 35 1707
192 29 1677
193 25 1663
194 34 1673
195 37 1683
196 29 1700
197 30 1694
198 37 1734
199 33 1673
200 27 1701
201 27 1697
202 28 1725
203 26 1702
204 27 1733
205 25 1715
206 29 1697
207 28 1695
208 30 1688
209 33 1698
210 31 1755
211 29 1716
212 25 1666
213 30 1713
214 32 1725
215 26 1692
216 32 1699
217 33 1653
218 30 1692
219 27 1701
220 47 1697
221 30 1680
222 29 1684
223 29 1712
224 34 1746
225 37 1700
226 33 1694
227 32 1691
228 35 1703
229 33 1695
230 32 1686
231 37 1722
232 31 1697
233 31 1689
234 33 1680
235 28 1690
236 35 1702
237 66 1686
238 31 1701
239 29 1700
240 37 1712
241 31 1668
242 36 1692
243 43 1660
244 30 1703
245 30 1681
246 32 1722
247 31 1682
248 29 1671
249 31 1696
250 27 1691
251 31 1718
252 28 1697
253 28 1700
254 22 1711
255 31 1708
256 29 1690
257 30 1714
258 26 1717
259 43 1686
260 32 1705
261 31 1732
262 32 1708
263 30 1669
264 32 1694
265 27 1706
266 34 1682
267 28 1700
268 28 1719
269 29 1709
270 25 1692
271 30 1702
272 26 1684
273 28 1691
274 36 1684
275 29 1729
276 26 1710
277 32 1703
278 29 1692
279 32 1668
280 28 1745
281 37 1709
282 32 1724
283 31 1696
284 33 1703
285 28 1687
286 33 1708
287 28 1708
288 35 1708
289 29 1687
290 27 1722
291 28 1693
292 28 1685
293 26 1695
294 30 1707
295 30 1695
296 34 1680
297 28 1730
298 48 1694
299 29 1687
300 27 1688
301 31 1670
302 25 1705
303 30 1703
304 30 1678
305 34 1691
306 25 1668
307 26 1702
308 25 1712
309 27 1690
310 28 1681
311 30 1703
312 31 1697
313 30 1700
314 29 1683
315 32 1671
316 32 1680
317 28 1723
318 27 1694
319 30 1678
320 27 1687
321 30 1677
322 25 1705
323 27 1702
324 27 1727
325 31 1677
326 29 1720
327 36 1680
328 26 1721
329 25 1712
330 31 1723
331 32 1668
332 31 1687
333 29 1709
334 31 1688
335 33 1710
336 39 1730
337 31 1696
338 26 1684
339 40 1704
340 34 1681
341 33 1704
342 35 1687
343 30 1700
344 28 1719
345 31 1688
346 36 1703
347 34 1706
348 27 1699
349 0 1
350 27 1666
351 29 1692
352 28 1678
353 32 1724
354 31 1701
355 26 1654
356 38 1696
357 32 1686
358 60 1684
359 33 1690
360 27 1702
361 30 1696
362 26 1716
363 39 1698
364 37 1705
365 39 1704
366 28 1704
367 21 1678
368 35 1686
369 29 1707
370 34 1709
371 30 1704
372 32 1709
373 28 1708
374 30 1730
375 35 1700
376 39 1688
377 28 1720
378 35 1698
379 27 1641
380 33 1730
381 32 1698
382 28 1664
383 27 1691
384 28 1698
385 34 1657
386 32 1696
387 27 1684
388 39 1717
389 35 1700
390 31 1728
391 28 1695
392 28 1682
393 34 1673
394 36 1687
395 34 1651
396 34 1693
397 35 1709
398 40 1680
399 32 1714
400 30 1722
401 0 1
402 34 1690
403 32 1717
404 30 1675
405 31 1707
406 34 1691
407 29 1705
408 27 1682
409 27 1714
410 36 1716
411 29 1675
412 31 1675
413 31 1704
414 31 1690
415 36 1719
416 30 1703
417 36 1681
418 33 1723
419 31 1711
420 27 1705
421 27 1703
422 33 1677
423 29 1690
424 25 1733
425 37 1699
426 38 1674
427 28 1691
428 33 1691
429 29 1681
430 31 1706
431 33 1698
432 29 1673
433 32 1731
434 36 1696
435 34 1684
436 33 1708
437 32 1726
438 32 1691
439 31 1730
440 32 1684
441 32 1701
442 32 1679
443 31 1694
444 28 1680
445 31 1702
446 41 1708
447 41 1687
448 36 1691
449 38 1679
450 32 1684
451 27 1724
452 30 1711
453 32 1695
454 26 1699
455 30 1727
456 28 1698
457 29 1722
458 28 1723
459 29 1697
460 29 1694
461 28 1707
462 27 1711
463 27 1681
464 28 1677
465 32 1699
466 31 1683
467 30 1687
468 31 1701
469 26 1720
470 27 1735
471 32 1681
472 26 1719
473 29 1690
474 27 1707
475 30 1704
476 30 1700
477 32 1715
478 28 1719
479 26 1693
480 33 1710
481 37 1677
482 33 1701
483 29 1708
484 29 1703
485 32 1696
486 31 1708
487 36 1678
488 32 1690
489 34 1716
490 31 1703
491 33 1703
492 28 1696
493 29 1702
494 30 1688
495 31 1712
496 26 1721
497 33 1693
498 33 1661
499 34 1676
500 33 1725
501 32 1714
502 32 1699
503 39 1703
504 29 1709
505 42 1688
506 34 1663
507 29 1695
508 46 1718
509 32 1687
510 33 1691
511 31 1724
512 35 1682
513 31 1701
514 29 1678
515 33 1715
516 28 1702
517 36 1729
518 29 1678
519 28 1718
520 33 1721
521 58 1690
522 35 1668
523 32 1724
524 30 1685
525 28 1703
526 33 1695
527 42 1692
528 36 1721
529 30 1729
530 36 1658
531 39 1714
532 28 1710
533 32 1702
534 29 1688
535 31 1698
536 32 1721
537 30 1704
538 30 1726
539 38 1701
540 32 1700
541 30 1690
542 29 1677
543 56 1693
544 50 1697
545 30 1715
546 74 1686
547 36 1685
548 38 1707
549 35 1692
550 31 1715
551 23 1702
552 33 1674
553 40 1697
554 29 1720
555 29 1694
556 33 1716
557 34 1692
558 53 1712
559 34 1686
560 34 1730
561 37 1722
562 28 1704
563 30 1694
564 32 1659
565 34 1719
566 29 1713
567 27 1716
568 35 1678
569 30 1691
570 25 1700
571 38 1732
572 31 1664
573 28 1673
574 36 1732
575 33 1698
576 32 1693
577 71 1707
578 31 1691
579 35 1704
580 31 1715
581 26 1708
582 29 1700
583 27 1659
584 28 1722
585 28 1666
586 29 1702
587 30 1693
588 32 1711
589 33 1703
590 36 1666
591 33 1705
592 33 1685
593 37 1701
594 31 1711
595 28 1721
596 34 1695
597 27 1715
598 29 1681
599 28 1708
600 31 1690
601 24 1697
602 28 1705
603 34 1704
604 32 1724
605 30 1688
606 26 1725
607 36 1672
608 30 1723
609 32 1689
610 42 1724
611 43 1724
612 35 1670
613 28 1667
614 47 1700
615 60 1704
616 35 1680
617 37 1706
618 33 1713
619 29 1688
620 57 1709
621 32 1701
622 25 1716
623 31 1662
624 31 1704
625 27 1669
626 27 1699
627 34 1679
628 29 1710
629 27 1684
630 31 1702
631 32 1700
632 31 1716
633 29 1703
634 33 1702
635 34 1686
636 45 1722
637 32 1697
638 29 1695
639 30 1672
640 37 1711
641 31 1713
642 30 1723
643 35 1674
644 36 1705
645 38 1678
646 36 1711
647 34 1698
648 31 1688
649 39 1710
650 37 1684
651 31 1715
652 32 1685
653 38 1678
654 32 1692
655 35 1698
656 28 1697
657 29 1696
658 35 1689
659 30 1681
660 34 1698
661 39 1667
662 36 1678
663 33 1695
664 33 1727
665 31 1697
666 23 1677
667 26 1694
668 30 1700
669 36 1698
670 30 1698
671 31 1725
672 30 1681
673 32 1706
674 32 1713
675 31 1686
676 28 1688
677 35 1684
678 37 1712
679 37 1697
680 34 1686
681 35 1708
682 35 1695
683 33 1696
684 35 1680
685 32 1698
686 33 1676
687 37 1706
688 33 1700
689 38 1708
690 32 1706
691 29 1673
692 32 1697
693 30 1700
694 37 1707
695 29 1684
696 29 1678
697 36 1678
698 35 1707
699 36 1710
700 33 1701
701 37 1698
702 28 1702
703 31 1684
704 35 1713
705 33 1707
706 0 1
707 32 1726
708 31 1674
709 30 1681
710 39 1728
711 43 1697
712 31 1693
713 29 1696
714 30 1685
715 30 1717
716 26 1715
717 37 1716
718 27 1705
719 35 1716
720 34 1675
721 29 1700
722 26 1664
723 34 1667
724 36 1728
725 30 1734
726 35 1707
727 34 1719
728 42 1703
729 31 1680
730 32 1698
731 32 1698
732 32 1691
733 32 1707
734 46 1702
735 28 1694
736 37 1716
737 37 1677
738 36 1706
739 30 1702
740 37 1700
741 30 1708
742 34 1709
743 31 1724
744 31 1668
745 32 1688
746 30 1690
747 34 1694
748 30 1692
749 30 1706
750 34 1690
751 30 1725
752 29 1671
753 47 1735
754 36 1670
755 54 1709
756 34 1699
757 26 1701
758 27 1690
759 40 1719
760 32 1663
761 28 1726
762 33 1712
763 36 1691
764 36 1717
765 29 1713
766 29 1687
767 29 1684
768 68 1675
769 63 1724
770 51 1710
771 27 1675
772 29 1682
773 29 1679
774 31 1679
775 26 1696
776 33 1714
777 27 1712
778 26 1691
779 22 1703
780 30 1704
781 31 1708
782 34 1723
783 33 1690
784 30 1711
785 27 1721
786 32 1710
787 29 1707
788 38 1717
789 38 1666
790 34 1717
791 39 1707
792 28 1701
793 28 1719
794 25 1670
795 33 1711
796 30 1684
797 25 1693
798 68 1711
799 34 1701
800 30 1697
801 30 1669
802 27 1697
803 26 1676
804 32 1696
805 0 1
806 34 1707
807 31 1675
808 36 1682
809 30 1686
810 47 1671
811 32 1691
812 31 1725
813 27 1691
814 27 1684
815 34 1726
816 28 1759
817 33 1695
818 30 1712
819 35 1711
820 26 1715
821 28 1698
822 48 1688
823 49 1714
824 32 1705
825 33 1696
826 27 1683
827 33 1684
828 27 1697
829 45 1707
830 34 1695
831 36 1696
832 28 1732
833 28 1689
834 29 1710
835 30 1690
836 32 1708
837 32 1678
838 28 1704
839 27 1728
840 26 1698
841 29 1669
842 29 1689
843 36 1701
844 31 1725
845 32 1719
846 29 1715
847 29 1703
848 29 1700
849 33 1682
850 28 1690
851 33 1684
852 26 1707
853 32 1721
854 37 1717
855 32 1700
856 34 1687
857 32 1694
858 32 1701
859 36 1726
860 38 1713
861 34 1689
862 32 1690
863 37 1703
864 40 1682
865 34 1700
866 36 1706
867 33 1719
868 33 1688
869 32 1672
870 38 1701
871 34 1701
872 47 1701
873 29 1651
874 31 1711
875 33 1702
876 32 1686
877 31 1698
878 30 1718
879 33 1664
880 32 1677
881 30 1709
882 35 1711
883 34 1704
884 32 1687
885 29 1690
886 30 1714
887 28 1700
888 31 1706
889 31 1700
890 25 1710
891 32 1683
892 33 1704
893 33 1710
894 28 1707
895 25 1687
896 32 1679
897 44 1699
898 35 1684
899 31 1708
900 29 1749
901 29 1664
902 33 1686
903 27 1685
904 30 1705
905 31 1718
906 28 1720
907 32 1728
908 29 1687
909 33 1697
910 33 1707
911 33 1677
912 25 1699
913 39 1687
914 39 1714
915 31 1709
916 32 1695
917 35 1697
918 27 1731
919 28 1700
920 32 1697
921 33 1716
922 27 1701
923 24 1683
924 25 1691
925 36 1708
926 32 1707
927 46 1683
928 32 1699
929 42 1701
930 35 1713
931 27 1681
932 33 1705
933 35 1694
934 25 1697
935 30 1709
936 42 1696
937 32 1706
938 33 1713
939 28 1711
940 28 1693
941 31 1714
942 34 1726
943 29 1706
944 26 1698
945 28 1684
946 33 1702
947 34 1715
948 34 1672
949 34 1737
950 31 1666
951 30 1713
952 33 1741
953 33 1693
954 30 1704
955 30 1693
956 31 1706
957 31 1693
958 37 1706
959 34 1718
960 29 1720
961 32 1702
962 33 1695
963 38 1726
964 30 1732
965 31 1727
966 35 1683
967 29 1711
968 27 1688
969 37 1701
970 31 1678
971 34 1729
972 28 1717
973 33 1686
974 29 1684
975 30 1726
976 28 1682
977 31 1684
978 29 1687
979 36 1668
980 34 1671
981 29 1731
982 33 1698
983 31 1705
984 31 1653
985 37 1712
986 31 1695
987 36 1666
988 37 1690
989 32 1685
990 36 1707
991 40 1727
992 73 1717
993 0 1
994 36 1689
995 38 1724
996 31 1712
997 33 1696
998 35 1666
999 33 1681
1000 28 1700
1001 32 1716
1002 35 1680
1003 30 1678
1004 33 1713
1005 35 1684
1006 30 1710
1007 33 1703
1008 32 1697
1009 56 1709
1010 31 1703
1011 43 1657
1012 39 1699
1013 29 1702
1014 29 1713
1015 32 1679
1016 30 1705
1017 29 1704
1018 30 1709
1019 24 1662
1020 32 1695
1021 27 1691
1022 30 1713
1023 34 1687
1024 35 1699
1025 36 1674
1026 27 1681
1027 32 1682
1028 36 1694
1029 28 1675
1030 34 1712
1031 31 1736
1032 32 1714
1033 34 1698
1034 26 1692
1035 33 1706
1036 32 1712
1037 39 1674
1038 32 1689
1039 32 1725
1040 33 1715
1041 27 1692
1042 40 1689
1043 31 1692
1044 31 1725
1045 29 1693
1046 31 1697
1047 30 1709
1048 32 1723
1049 32 1755
1050 31 1714
1051 30 1695
1052 33 1709
1053 30 1721
1054 31 1709
1055 28 1705
1056 33 1701
1057 34 1685
1058 29 1692
1059 30 1698
1060 63 1677
1061 29 1713
1062 33 1709
1063 31 1692
1064 34 1696
1065 32 1721
1066 37 1691
1067 30 1694
1068 0 1
1069 32 1698
1070 26 1689
1071 35 1726
1072 34 1687
1073 35 1686
1074 34 1718
1075 25 1680
1076 30 1690
1077 40 1719
1078 32 1702
1079 39 1712
1080 25 1710
1081 34 1722
1082 27 1709
1083 34 1712
1084 26 1702
1085 31 1696
1086 33 1671
1087 30 1702
1088 36 1700
1089 31 1691
1090 33 1711
1091 40 1715
1092 31 1683
1093 35 1679
1094 33 1715
1095 34 1672
1096 33 1709
1097 45 1696
1098 33 1708
1099 30 1701
1100 33 1735
1101 32 1689
1102 35 1689
1103 32 1686
1104 26 1706
1105 39 1653
1106 34 1667
1107 30 1678
1108 64 1729
1109 29 1698
1110 51 1698
1111 43 1685
1112 32 1676
1113 49 1704
1114 42 1684
1115 40 1725
1116 28 1675
1117 37 1681
1118 28 1691
1119 29 1703
1120 32 1722
1121 43 1685
1122 34 1706
1123 34 1673
1124 45 1684
1125 35 1691
1126 32 1682
1127 61 1691
1128 28 1744
1129 32 1704
1130 31 1698
1131 27 1681
1132 28 1713
1133 28 1681
1134 34 1706
1135 27 1706
1136 34 1702
1137 32 1695
1138 39 1708
1139 37 1698
1140 32 1688
1141 40 1702
1142 45 1715
1143 29 1740
1144 43 1710
1145 38 1682
1146 33 1714
1147 41 1707
1148 38 1669
1149 30 1690
1150 34 1688
1151 36 1697
1152 33 1708
1153 32 1680
1154 33 1715
1155 34 1671
1156 31 1720
1157 31 1702
1158 31 1694
1159 28 1672
1160 30 1723
1161 34 1651
1162 24 1709
1163 0 1
1164 29 1686
1165 31 1705
1166 28 1696
1167 32 1697
1168 33 1715
1169 53 1673
1170 27 1692
1171 25 1701
1172 36 1709
1173 112 1717
1174 53 1684
1175 49 1670
1176 33 1715
1177 45 1691
1178 42 1700
1179 51 1702
1180 31 1690
1181 33 1703
1182 31 1719
1183 36 1706
1184 43 1692
1185 30 1697
1186 35 1676
1187 34 1682
1188 33 1703
1189 31 1728
1190 33 1689
1191 33 1708
1192 39 1691
1193 35 1680
1194 32 1720
1195 28 1700
1196 32 1706
1197 31 1736
1198 26 1676
1199 33 1698
1200 29 1745
1201 32 1702
1202 34 1662
1203 31 1684
1204 30 1726
1205 28 1704
1206 30 1626
1207 36 1705
1208 33 1701
1209 0 1
1210 44 1714
1211 38 1672
1212 32 1676
1213 34 1690
1214 32 1705
1215 42 1665
1216 54 1712
1217 41 1703
1218 32 1700
1219 38 1716
1220 31 1693
1221 33 1703
1222 33 1656
1223 71 1676
1224 33 1714
1225 39 1681
1226 42 1671
1227 34 1698
1228 28 1690
1229 37 1701
1230 32 1718
1231 36 1725
1232 42 1713
1233 34 1703
1234 38 1709
1235 35 1696
1236 45 1717
1237 41 1721
1238 33 1669
1239 38 1714
1240 29 1709
1241 44 1695
1242 34 1719
1243 51 1701
1244 37 1719
1245 36 1718
1246 35 1717
1247 36 1671
1248 34 1712
1249 33 1688
1250 32 1672
1251 39 1698
1252 30 1689
1253 42 1699
1254 32 1724
1255 33 1715
1256 39 1707
1257 30 1709
1258 37 1692
1259 32 1721
1260 34 1680
1261 36 1704
1262 30 1711
1263 30 1682
1264 29 1675
1265 30 1673
1266 40 1708
1267 46 1677
1268 62 1705
1269 39 1702
1270 29 1699
1271 42 1706
1272 44 1700
1273 36 1702
1274 61 1683
1275 35 1681
1276 35 1699
1277 74 1668
1278 36 1693
1279 0 1
1280 35 1689
1281 42 1688
1282 35 1718
1283 42 1705
1284 37 1712
1285 34 1685
1286 26 1674
1287 27 1723
1288 43 1710
1289 52 1707
1290 38 1716
1291 33 1689
1292 38 1713
1293 26 1741
1294 28 1689
1295 35 1688
1296 39 1718
1297 39 1678
1298 54 1706
1299 30 1717
1300 28 1698
1301 25 1673
1302 31 1683
1303 31 1698
1304 28 1701
1305 26 1713
1306 26 1717
1307 30 1679
1308 35 1713
1309 35 1656
1310 31 1690
1311 35 1701
1312 26 1707
1313 30 1692
1314 26 1688
1315 35 1684
1316 36 1713
1317 38 1721
1318 35 1687
1319 32 1706
1320 37 1689
1321 29 1682
1322 57 1693
1323 31 1715
1324 54 1705
1325 39 1679
1326 39 1680
1327 57 1708
1328 32 1701
1329 26 1699
1330 35 1697
1331 39 1713
1332 33 1723
1333 27 1731
1334 31 1706
1335 28 1689
1336 33 1751
1337 31 1708
1338 34 1684
1339 33 1715
1340 30 1675
1341 36 1690
1342 40 1693
1343 42 1704
1344 39 1654
1345 36 1703
1346 34 1718
1347 31 1693
1348 49 1689
1349 43 1694
1350 30 1691
1351 49 1701
1352 32 1708
1353 43 1697
1354 33 1691
1355 34 1727
1356 41 1694
1357 34 1699
1358 45 1702
1359 33 1711
1360 36 1715
1361 33 1700
1362 32 1684
1363 47 1681
1364 34 1695
1365 28 1712
1366 32 1692
1367 40 1699
1368 33 1719
1369 28 1721
1370 32 1690
1371 45 1696
1372 32 1714
1373 34 1689
1374 33 1697
1375 38 1701
1376 33 1686
1377 36 1695
1378 33 1685
1379 42 1671
1380 33 1675
1381 29 1692
1382 39 1667
1383 30 1683
1384 30 1677
1385 41 1716
1386 29 1696
1387 32 1704
1388 41 1720
1389 33 1716
1390 32 1695
1391 33 1681
1392 31 1674
1393 32 1715
1394 36 1720
1395 37 1735
1396 36 1708
1397 34 1729
1398 61 1722
1399 34 1677
1400 54 1742
1401 45 1699
1402 47 1687
1403 32 1711
1404 31 1684
1405 40 1690
1406 34 1682
1407 37 1690
1408 29 1687
1409 40 1680
1410 38 1745
1411 30 1688
1412 31 1697
1413 35 1729
1414 25 1693
1415 34 1707
1416 30 1699
1417 35 1708
1418 0 1
1419 43 1687
1420 33 1682
1421 37 1698
1422 31 1696
1423 26 1709
1424 42 1687
1425 32 1718
1426 33 1710
1427 33 1687
1428 30 1712
1429 26 1718
1430 34 1729
1431 32 1694
1432 34 1687
1433 45 1698
1434 32 1702
1435 30 1683
1436 43 1660
1437 38 1717
1438 57 1702
1439 30 1710
1440 36 1674
1441 34 1729
1442 36 1700
1443 41 1659
1444 36 1649
1445 38 1695
1446 30 1696
1447 39 1707
1448 47 1709
1449 33 1704
1450 44 1702
1451 43 1730
1452 37 1693
1453 33 1707
1454 35 1658
1455 43 1731
1456 54 1696
1457 28 1684
1458 29 1697
1459 33 1687
1460 31 1708
1461 44 1692
1462 36 1706
1463 54 1706
1464 30 1718
1465 32 1736
1466 33 1697
1467 35 1696
1468 36 1680
1469 40 1692
1470 33 1697
1471 34 1698
1472 35 1677
1473 31 1709
1474 29 1693
1475 34 1677
1476 31 1684
1477 33 1693
1478 36 1732
1479 42 1724
1480 31 1708
1481 38 1692
1482 44 1677
1483 29 1741
1484 35 1655
1485 28 1715
1486 31 1711
1487 30 1696
1488 45 1709
1489 32 1707
1490 31 1676
1491 28 1718
1492 38 1681
1493 34 1679
1494 34 1711
1495 27 1672
1496 53 1723
1497 30 1715
1498 36 1693
1499 29 1692
1500 35 1715
1501 35 1722
1502 39 1729
1503 47 1693
1504 33 1713
1505 11 2
1506 34 1710
1507 33 1692
1508 30 1685
1509 28 1702
1510 31 1721
1511 31 1695
1512 31 1723
1513 39 1696
1514 29 1686
1515 32 1684
1516 34 1708
1517 32 1714
1518 32 1725
1519 38 1691
1520 29 1677
1521 57 1698
1522 67 1703
1523 29 1706
1524 40 1682
1525 39 1692
1526 36 1707
1527 34 1683
1528 33 1699
1529 34 1720
1530 35 1683
1531 31 1681
1532 34 1695
1533 29 1718
1534 36 1695
1535 37 1663
1536 35 1705
1537 36 1756
1538 42 1694
1539 50 1675
1540 31 1699
1541 28 1699
1542 38 1696
1543 36 1691
1544 43 1745
1545 45 1711
1546 34 1697
1547 42 1689
1548 39 1703
1549 28 1700
1550 28 1696
1551 41 1679
1552 33 1700
1553 33 1703
1554 34 1681
1555 34 1683
1556 28 1701
1557 42 1718
1558 49 1707
1559 31 1716
1560 35 1697
1561 42 1695
1562 51 1710
1563 49 1690
1564 37 1691
1565 36 1705
1566 36 1687
1567 27 1678
1568 36 1710
1569 48 1682
1570 36 1657
1571 64 1694
1572 72 1697
1573 33 1674
1574 43 1680
1575 35 1683
1576 44 1727
1577 33 1704
1578 34 1700
1579 30 1699
1580 32 1738
1581 32 1718
1582 34 1676
1583 30 1696
1584 26 1695
1585 28 1698
1586 29 1714
1587 31 1697
1588 33 1680
1589 28 1717
1590 36 1707
1591 38 1699
1592 35 1725
1593 33 1709
1594 29 1713
1595 54 1689
1596 46 1695
1597 27 1699
1598 32 1664
1599 47 1708
1600 31 1697
1601 30 1699
1602 33 1694
1603 37 1709
1604 43 1699
1605 32 1701
1606 0 1
1607 32 1718
1608 0 1
1609 48 1692
1610 44 1706
1611 41 1695
1612 37 1691
1613 37 1699
1614 33 1702
1615 36 1720
1616 31 1692
1617 37 1699
1618 32 1708
1619 36 1748
1620 53 1668
1621 0 1
1622 47 1682
1623 45 1680
1624 34 1726
1625 37 1708
1626 34 1697
1627 35 1730
1628 34 1737
1629 39 1685
1630 86 1701
1631 0 1
1632 33 1671
1633 33 1706
1634 35 1694
1635 44 1700
1636 45 1676
1637 42 1721
1638 48 1705
1639 33 1697
1640 42 1733
1641 32 1748
1642 34 1678
1643 34 1677
1644 54 1703
1645 39 1711
1646 41 1690
1647 32 1675
1648 31 1697
1649 37 1696
1650 31 1687
1651 37 1730
1652 32 1716
1653 27 1672
1654 30 1685
1655 31 1690
1656 61 1698
1657 39 1708
1658 69 1683
1659 47 1708
1660 66 1710
1661 32 1662
1662 31 1683
1663 52 1674
1664 84 1669
1665 29 1713
1666 34 1724
1667 29 1692
1668 0 1
1669 41 1712
1670 39 1711
1671 35 1706
1672 33 1710
1673 77 1709
1674 29 1687
1675 39 1713
1676 35 1686
1677 41 1716
1678 36 1681
1679 33 1730
1680 33 1687
1681 63 1703
1682 29 1709
1683 42 1676
1684 34 1687
1685 36 1688
1686 0 1
1687 41 1648
1688 49 1702
1689 46 1684
1690 34 1681
1691 41 1703
1692 37 1701
1693 65 1702
1694 38 1705
1695 43 1697
1696 9 3
1697 30 1702
1698 44 1676
1699 42 1666
1700 77 1674
1701 47 1717
1702 45 1701
1703 0 1
1704 42 1682
1705 37 1705
1706 32 1729
1707 33 1725
1708 38 1687
1709 46 1683
1710 100 1687
1711 66 1696
1712 57 1687
1713 45 1723
1714 35 1719
1715 41 1679
1716 43 1702
1717 35 1699
1718 51 1707
1719 50 1694
1720 48 1679
1721 33 1689
1722 68 1703
1723 35 1707
1724 0 1
1725 38 1697
1726 25 1716
1727 43 1672
1728 30 1708
1729 37 1697
1730 50 1720
1731 38 1700
1732 47 1713
1733 29 1697
1734 59 1710
1735 45 1722
1736 63 1682
1737 46 1704
1738 44 1687
1739 52 1678
1740 64 1681
1741 40 1701
1742 30 1727
1743 0 1
1744 19 2
1745 0 1
1746 8 2
1747 12 2
1748 48 2
1749 19 2
1750 2 2
1751 20 2
1752 33 4
1753 7 4
1754 11 4
1755 15 4
1756 30 2
1757 24 2
1758 57 1705
1759 0 1
1760 12 2
1761 8 2
1762 22 2
1763 0 1
1764 9 2
1765 10 2
1766 3 2
1767 5 2
1768 66 2
1769 0 1
1770 35 5
1771 28 5
1772 15 5
1773 35 4
1774 34 3
1775 21 3
1776 8 3
1777 1 2
1778 4 2
1779 12 2
1780 1 2
1781 11 3
1782 0 1
1783 58 1706
1784 44 1720
1785 12 2
1786 27 2
1787 72 6
1788 65 6
1789 41 4
1790 14 5
1791 29 5
1792 44 6
1793 11 3
1794 14 3
1795 42 3
1796 0 1
1797 37 2
1798 18 5
1799 11 4
1800 15 5
1801 11 5
1802 16 5
1803 2 2
1804 2 2
1805 16 2
1806 35 2
1807 0 1
1808 4 2
1809 5 2
1810 9 2
1811 2 2
1812 53 2
1813 20 2
1814 7 2
1815 32 2
1816 18 2
1817 44 3
1818 16 3
1819 14 3
1820 5 2
1821 0 1
1822 8 3
1823 37 3
1824 16 3
1825 15 4
1826 10 4
1827 5 3
1828 7 4
1829 13 2
1830 3 2
1831 46 3
1832 18 3
1833 26 3
1834 4 2
1835 54 2
1836 34 2
1837 8 2
1838 0 1
1839 29 7
1840 22 5
1841 23 6
1842 30 5
1843 24 6
1844 34 1669
1845 39 1715
1846 41 1735
1847 42 1712
1848 51 1675
1849 42 1712
1850 36 1676
1851 38 1682
1852 39 1691
1853 32 1685
1854 30 1696
1855 36 1709
1856 45 1700
1857 38 1702
1858 34 1672
1859 43 1688
1860 40 1706
1861 18 5
1862 13 5
1863 17 5
1864 12 5
1865 7 3
1866 20 7
1867 14 8
1868 12 8
1869 13 8
1870 10 7
1871 12 2
1872 68 2
1873 0 1
1874 0 1
1875 0 1
1876 27 2
1877 18 2
1878 1 2
1879 7 2
1880 5 3
1881 18 3
1882 17 3
1883 22 3
1884 28 2
1885 17 2
1886 15 2
1887 110 1714
1888 56 1687
1889 39 1701
1890 35 1688
1891 44 1704
1892 35 5
1893 9 5
1894 5 5
1895 10 5
1896 16 5
1897 18 7
1898 12 8
1899 11 7
1900 9 5
1901 29 5
1902 16 5
1903 39 4
1904 10 4
1905 0 1
1906 17 2
1907 44 1677
1908 18 2
1909 14 2
1910 26 4
1911 6 4
1912 15 4
1913 15 4
1914 16 5
1915 30 7
1916 46 10
1917 10 6
1918 79 9
1919 48 10
1920 24 10
1921 33 6
1922 30 6
1923 27 6
1924 17 6
1925 20 6
1926 8 6
1927 12 2
1928 21 2
1929 27 2
1930 4 2
1931 0 1
1932 38 10
1933 29 8
1934 42 1712
1935 16 3
1936 29 3
1937 22 3
1938 15 3
1939 14 3
1940 40 3
1941 21 2
1942 20 2
1943 12 8
1944 19 7
1945 10 8
1946 15 8
1947 15 8
1948 10 7
1949 10 8
1950 7 7
1951 13 2
1952 2 2
1953 18 4
1954 22 4
1955 12 4
1956 17 4
1957 47 1719
1958 65 1671
1959 56 1704
1960 19 2
1961 5 2
1962 2 2
1963 16 2
1964 4 3
1965 11 3
1966 0 1
1967 0 1
1968 0 1
1969 82 2
1970 14 2
1971 0 1
1972 0 1
1973 11 3
1974 26 3
1975 26 2
1976 113 1732
1977 98 1716
1978 40 1683
1979 66 1702
1980 60 1708
1981 61 1706
1982 56 1703
1983 71 1687
1984 70 1693
1985 76 1706
1986 72 1716
1987 49 1698
1988 64 1711
1989 29 2
1990 21 2
1991 19 2
1992 3 2
1993 0 1
1994 12 4
1995 48 4
1996 33 4
1997 26 3
1998 18 3
1999 37 3
2000 17 3
2001 34 3
2002 34 3
2003 6 3
2004 41 3
2005 16 3
2006 5 2
2007 34 2
2008 10 2
2009 70 2
2010 16 2
2011 35 2
2012 10 2
2013 2 2
2014 11 4
2015 9 4
2016 9 3
2017 8 4
2018 7 5
2019 18 5
2020 21 5
2021 20 5
2022 33 4
2023 10 3
2024 32 3
2025 33 3
2026 13 3
2027 47 3
2028 3 3
2029 34 2
2030 44 2
2031 11 2
2032 3 2
2033 44 1714
2034 33 1709
2035 78 1714
2036 18 13
2037 15 13
2038 13 13
2039 9 12
2040 0 1
2041 7 13
2042 8 12
2043 12 13
2044 5 13
2045 12 13
2046 7 13
2047 9 13
2048 10 13
2049 139 1693
2050 33 1697
2051 0 1
2052 32 1694
2053 33 1681
2054 33 1689
2055 34 1720
2056 36 1688
2057 36 1717
2058 64 1730
2059 65 1722
2060 96 1679
2061 42 1726
2062 52 1685
2063 51 1682
2064 39 1692
2065 54 1707
2066 48 1703
2067 42 1712
2068 47 1677
2069 85 1692
2070 39 1719
2071 49 1679
2072 34 1695
2073 31 1713
2074 37 1694
2075 35 1695
2076 37 1694
2077 31 1701
2078 31 1697
2079 34 1675
2080 35 1725
2081 36 1713
2082 39 1689
2083 34 1691
2084 33 1690
2085 30 1668
2086 36 1710
2087 40 1690
2088 36 1701
2089 45 2
2090 10 2
2091 3 5
2092 0 1
2093 22 5
2094 18 5
2095 20 4
2096 0 1
2097 22 3
2098 32 3
2099 11 3
2100 0 1
2101 20 2
2102 53 1711
2103 15 3
2104 24 3
2105 16 3
2106 1 2
2107 3 2
2108 16 2
2109 2 2
2110 34 1712
2111 42 1691
2112 22 3
2113 26 3
2114 11 3
2115 0 1
2116 24 2
2117 39 2
2118 19 2
2119 47 1669
2120 31 2
2121 6 2
2122 21 2
2123 39 2
2124 16 2
2125 9 2
2126 1 2
2127 7 2
2128 13 3
2129 16 3
2130 40 3
2131 32 1695
2132 41 1702
2133 99 1693
2134 35 1690
2135 35 2
2136 18 2
2137 44 1701
2138 26 2
2139 65 2
2140 9 2
2141 54 2
2142 37 1691
2143 37 1696
2144 40 1707
2145 0 1
2146 34 1702
2147 37 1721
2148 57 1682
2149 48 1692
2150 41 1705
2151 31 1719
2152 41 1711
2153 29 1713
2154 34 1702
2155 6 2
2156 19 2
2157 54 1708
2158 14 2
2159 0 1
2160 35 1736
2161 63 1707
2162 42 1719
2163 3 2
2164 0 1
2165 54 1689
2166 47 1696
2167 37 1681
2168 33 1697
2169 54 1695
2170 0 1
2171 43 1714
2172 0 1
2173 33 2
2174 40 1712
2175 38 1702
2176 18 4
2177 15 4
2178 12 4
2179 10 4
2180 72 2
2181 40 2
2182 34 1675
2183 31 1699
2184 30 1702
2185 44 1713
2186 45 1702
2187 39 1696
2188 36 1721
2189 38 1674
2190 40 1688
2191 65 1680
2192 45 1714
2193 48 1718
2194 10 2
2195 18 2
2196 17 3
2197 0 1
2198 6 3
2199 77 1707
2200 19 4
2201 29 4
2202 11 4
2203 10 4
2204 3 2
2205 7 2
2206 30 1697
2207 32 1672
2208 57 1692
2209 86 1702
2210 50 1708
2211 19 2
2212 44 1705
2213 1 2
2214 1 2
2215 11 3
2216 0 1
2217 41 3
2218 24 2
2219 76 1722
2220 65 1681
2221 10 3
2222 19 5
2223 20 5
2224 9 4
2225 15 4
2226 19 5
2227 3 2
2228 6 2
2229 7 2
2230 40 2
2231 42 1693
2232 68 1690
2233 47 1702
2234 54 1700
2235 39 1678
2236 36 1700
2237 55 1670
2238 34 1687
2239 34 1695
2240 90 1721
2241 93 1669
2242 53 1706
2243 37 1684
2244 34 1719
2245 35 1705
2246 38 1705
2247 54 1717
2248 77 1699
2249 34 1717
2250 5 4
2251 9 4
2252 37 4
2253 18 4
2254 47 1695
2255 35 1741
2256 38 1717
2257 3 2
2258 19 2
2259 62 1677
2260 4 2
2261 6 3
2262 6 3
2263 54 1718
2264 92 3
2265 26 3
2266 0 1
2267 47 2
2268 42 2
2269 3 2
2270 7 2
2271 48 1717
2272 41 1754
2273 42 1717
2274 38 1700
2275 10 3
2276 1 2
2277 39 3
2278 61 2
2279 10 2
2280 1 2
2281 8 2
2282 19 3
2283 46 3
2284 10 3
2285 21 2
2286 55 1679
2287 44 1699
2288 32 1697
2289 21 2
2290 22 2
2291 41 1713
2292 1 2
2293 6 2
2294 39 1719
2295 42 1674
2296 14 2
2297 28 2
2298 57 1686
2299 51 1716
2300 36 1681
2301 24 5
2302 13 5
2303 18 4
2304 5 4
2305 13 4
2306 47 1692
2307 35 1683
2308 49 1708
2309 37 1713
2310 0 1
2311 53 1697
2312 38 1685
2313 21 2
2314 37 2
2315 0 1
2316 17 2
2317 12 3
2318 35 3
2319 37 3
2320 31 2
2321 1 2
2322 20 2
2323 2 2
2324 80 2
2325 23 2
2326 17 2
2327 3 2
2328 54 4
2329 48 7
2330 76 4
2331 19 3
2332 23 4
2333 35 3
2334 9 2
2335 0 1
2336 17 3
2337 7 3
2338 19 3
2339 49 1703
2340 57 1714
2341 40 1728
2342 66 1697
2343 53 1682
2344 43 1715
2345 31 1683
2346 60 1702
2347 43 1693
2348 48 1704
2349 38 1697
2350 0 1
2351 7 2
2352 37 1701
2353 38 1684
2354 33 1709
2355 32 1717
2356 29 1671
2357 35 1693
2358 40 1695
2359 33 1694
2360 48 1686
2361 22 5
2362 10 5
2363 6 5
2364 30 4
2365 14 5
2366 39 1697
2367 75 1720
2368 72 1702
2369 29 1706
2370 32 1695
2371 38 1705
2372 31 1719
2373 44 1728
2374 43 1705
2375 37 1700
2376 35 1678
2377 41 1712
2378 109 1690
2379 56 1693
2380 72 1691
2381 42 1715
2382 38 1693
2383 32 1690
2384 60 1685
2385 57 1677
2386 35 1719
2387 36 1718
2388 0 1
2389 0 1
2390 41 1701
2391 32 1680
2392 0 1
2393 29 6
2394 9 7
2395 19 6
2396 5 7
2397 11 6
2398 7 6
2399 13 7
2400 49 1709
2401 29 1698
2402 34 1717
2403 27 5
2404 13 5
2405 13 4
2406 17 5
2407 14 5
2408 35 2
2409 5 2
2410 73 1738
2411 58 1698
2412 37 1705
2413 45 7
2414 42 1697
2415 38 1724
2416 66 1668
2417 26 5
2418 36 1710
2419 58 1693
2420 43 1694
2421 43 1726
2422 29 1664
2423 50 1705
2424 34 1711
2425 35 1703
