0 37 1718
1 28 1716
2 32 1740
3 32 1676
4 34 1708
5 25 1675
6 30 1683
7 45 1686
8 29 1694
9 40 1675
10 30 1712
11 30 1714
12 31 1682
13 34 1720
14 31 1736
15 33 1702
16 36 1668
17 30 1717
18 33 1730
19 26 1701
20 31 1708
21 27 1675
22 31 1706
23 31 1716
24 26 1683
25 29 1688
26 29 1691
27 25 1682
28 30 1690
29 29 1699
30 26 1705
31 30 1726
32 33 1695
33 30 1668
34 34 1717
35 31 1705
36 36 1687
37 32 1698
38 29 1707
39 28 1723
40 29 1693
41 26 1682
42 29 1686
43 32 1718
44 28 1709
45 33 1673
46 28 1690
47 36 1700
48 29 1701
49 31 1694
50 29 1705
51 28 1705
52 29 1707
53 34 1672
54 30 1706
55 34 1695
56 35 1683
57 34 1678
58 30 1699
59 33 1691
60 0 1
61 30 1695
62 29 1725
63 37 1716
64 31 1695
65 34 1689
66 27 1671
67 31 1690
68 36 1700
69 37 1712
70 35 1683
71 35 1711
72 28 1711
73 40 1680
74 27 1702
75 44 1712
76 57 1688
77 35 1716
78 32 1683
79 42 1679
80 31 1705
81 53 1693
82 28 1707
83 33 1703
84 28 1703
85 30 1678
86 28 1705
87 33 1717
88 33 1698
89 40 1688
90 30 1722
91 30 1733
92 26 1688
93 31 1712
94 28 1664
95 29 1701
96 31 1696
97 31 1684
98 31 1713
99 29 1729
100 28 1724
101 29 1696
102 38 1691
103 26 1670
104 31 1691
105 35 1684
106 32 1701
107 36 1678
108 30 1690
109 47 1685
110 32 1702
111 29 1701
112 28 1719
113 30 1674
114 31 1709
115 32 1697
116 31 1682
117 27 1683
118 34 1695
119 30 1704
120 30 1695
121 31 1702
122 35 1712
123 26 1681
124 31 1693
125 30 1697
126 26 1701
127 27 1692
128 28 1676
129 59 1691
130 33 1703
131 32 1708
132 29 1722
133 29 1709
134 27 1697
135 32 1677
136 33 1679
137 31 1693
138 30 1706
139 30 1690
140 34 1695
141 28 1687
142 32 1718
143 30 1688
144 47 1659
145 29 1715
146 26 1692
147 34 1739
148 24 1721
149 27 1702
150 33 1691
151 39 1690
152 39 1738
153 36 1680
154 37 1665
155 29 1690
156 35 1706
157 32 1694
158 33 1681
159 32 1715
160 34 1659
161 29 1732
162 40 1709
163 31 1693
164 25 1719
165 32 1699
166 26 1688
167 32 1694
168 27 1700
169 32 1696
170 34 1708
171 29 1688
172 37 1720
173 27 1694
174 30 1717
175 32 1706
176 35 1687
177 38 1680
178 32 1729
179 39 1696
180 32 1702
181 34 1711
182 31 1697
183 31 1689
184 34 1704
185 53 1703
186 46 1695
187 38 1695
188 32 1673
189 28 1686
190 34 1689
191 30 1678
192 30 1688
193 30 1708
194 27 1677
195 28 1671
196 29 1687
197 32 1698
198 32 1705
199 33 1724
200 38 1707
201 28 1683
202 29 1734
203 29 1716
204 30 1680
205 34 1708
206 30 1703
207 30 1701
208 30 1726
209 29 1698
210 30 1691
211 28 1707
212 26 1694
213 31 1688
214 28 1677
215 30 1662
216 30 1720
217 35 1670
218 27 1737
219 31 1719
220 35 1696
221 43 1735
222 34 1712
223 31 1720
224 32 1691
225 33 1707
226 37 1704
227 35 1736
228 35 1687
229 34 1703
230 35 1703
231 29 1702
232 41 1679
233 31 1688
234 34 1688
235 40 1719
236 37 1697
237 33 1699
238 64 1698
239 0 1
240 32 1696
241 25 1682
242 33 1703
243 29 1695
244 36 1712
245 32 1681
246 38 1680
247 41 1683
248 33 1690
249 30 1690
250 31 1713
251 30 1687
252 31 1671
253 23 1711
254 27 1687
255 49 1702
256 26 1685
257 35 1715
258 30 1699
259 39 1699
260 35 1656
261 31 1697
262 32 1681
263 26 1679
264 34 1709
265 30 1687
266 29 1704
267 28 1704
268 30 1692
269 28 1709
270 30 1687
271 28 1685
272 23 1700
273 31 1712
274 24 1704
275 29 1709
276 26 1692
277 34 1690
278 31 1721
279 29 1682
280 34 1714
281 28 1687
282 32 1702
283 30 1690
284 27 1731
285 30 1692
286 27 1682
287 32 1698
288 27 1688
289 24 1655
290 27 1687
291 30 1698
292 24 1716
293 27 1697
294 34 1720
295 28 1676
296 26 1714
297 31 1713
298 24 1697
299 28 1731
300 33 1713
301 35 1683
302 29 1683
303 28 1696
304 25 1681
305 31 1709
306 34 1694
307 27 1701
308 26 1712
309 31 1709
310 32 1701
311 31 1696
312 25 1686
313 30 1674
314 32 1688
315 27 1680
316 30 1712
317 31 1736
318 27 1683
319 28 1703
320 31 1684
321 28 1702
322 27 1688
323 25 1674
324 29 1715
325 27 1701
326 30 1673
327 25 1708
328 26 1670
329 32 1714
330 31 1692
331 31 1691
332 32 1698
333 31 1696
334 27 1702
335 0 1
336 31 1703
337 27 1708
338 30 1715
339 40 1677
340 33 1715
341 32 1709
342 37 1681
343 27 1701
344 29 1693
345 30 1710
346 52 1712
347 32 1719
348 33 1718
349 40 1735
350 29 1695
351 32 1680
352 30 1688
353 37 1687
354 32 1690
355 30 1679
356 34 1687
357 27 1709
358 35 1686
359 30 1701
360 30 1691
361 27 1690
362 28 1686
363 26 1665
364 26 1649
365 34 1712
366 32 1682
367 24 1685
368 29 1699
369 33 1672
370 28 1688
371 36 1711
372 30 1706
373 34 1703
374 33 1729
375 35 1703
376 33 1705
377 27 1720
378 25 1709
379 28 1718
380 35 1697
381 30 1697
382 28 1697
383 34 1673
384 40 1686
385 24 1716
386 33 1681
387 31 1710
388 38 1700
389 30 1702
390 30 1697
391 27 1702
392 33 1683
393 26 1694
394 31 1723
395 39 1696
396 31 1687
397 30 1708
398 47 1689
399 28 1702
400 24 1696
401 0 1
402 35 1695
403 36 1696
404 29 1666
405 36 1664
406 31 1660
407 33 1710
408 27 1703
409 29 1717
410 32 1700
411 25 1748
412 28 1694
413 37 1705
414 37 1687
415 34 1703
416 29 1691
417 31 1702
418 31 1706
419 32 1683
420 25 1690
421 25 1707
422 28 1701
423 28 1712
424 34 1687
425 30 1684
426 35 1687
427 33 1720
428 31 1696
429 29 1707
430 28 1690
431 36 1734
432 58 1702
433 36 1708
434 32 1686
435 40 1687
436 31 1688
437 33 1736
438 29 1692
439 34 1715
440 34 1691
441 34 1689
442 42 1686
443 42 1683
444 32 1726
445 33 1718
446 41 1699
447 48 1688
448 39 1710
449 31 1717
450 33 1713
451 27 1696
452 31 1698
453 26 1694
454 31 1694
455 32 1706
456 29 1714
457 28 1706
458 30 1702
459 23 1648
460 29 1685
461 31 1696
462 30 1678
463 32 1683
464 27 1699
465 34 1703
466 30 1712
467 34 1698
468 30 1713
469 29 1697
470 28 1711
471 33 1681
472 33 1741
473 27 1699
474 26 1700
475 29 1698
476 25 1709
477 30 1680
478 29 1705
479 25 1695
480 31 1702
481 29 1698
482 33 1688
483 27 1674
484 26 1688
485 30 1701
486 27 1710
487 33 1712
488 31 1677
489 33 1690
490 33 1708
491 33 1701
492 26 1707
493 28 1688
494 26 1711
495 33 1718
496 32 1721
497 46 1684
498 34 1701
499 40 1709
500 38 1690
501 31 1715
502 29 1742
503 34 1672
504 28 1723
505 31 1714
506 35 1687
507 30 1681
508 31 1698
509 30 1737
510 33 1734
511 28 1716
512 30 1715
513 30 1676
514 35 1710
515 33 1694
516 28 1696
517 33 1715
518 32 1676
519 30 1678
520 29 1704
521 31 1686
522 35 1702
523 30 1693
524 32 1713
525 28 1661
526 29 1671
527 44 1699
528 36 1707
529 34 1695
530 35 1722
531 29 1685
532 30 1712
533 30 1707
534 32 1691
535 29 1708
536 26 1709
537 32 1714
538 27 1710
539 30 1672
540 34 1674
541 29 1679
542 34 1709
543 0 1
544 57 1724
545 32 1677
546 39 1733
547 35 1733
548 38 1682
549 35 1743
550 41 1708
551 33 1698
552 29 1702
553 31 1730
554 26 1717
555 33 1682
556 30 1714
557 29 1694
558 37 1690
559 27 1676
560 32 1678
561 31 1699
562 35 1676
563 26 1712
564 28 1710
565 29 1705
566 49 1718
567 28 1690
568 38 1716
569 32 1671
570 27 1701
571 32 1689
572 31 1695
573 30 1694
574 29 1721
575 25 1679
576 30 1702
577 35 1708
578 26 1694
579 29 1698
580 31 1699
581 28 1729
582 30 1692
583 26 1687
584 26 1685
585 30 1665
586 25 1701
587 26 1708
588 29 1665
589 27 1690
590 60 1712
591 36 1698
592 35 1696
593 46 1682
594 32 1701
595 28 1719
596 30 1717
597 31 1683
598 37 1708
599 27 1704
600 26 1691
601 31 1692
602 32 1695
603 30 1691
604 34 1683
605 33 1670
606 25 1706
607 32 1704
608 39 1723
609 27 1670
610 32 1709
611 41 1668
612 43 1692
613 28 1723
614 34 1680
615 41 1653
616 101 1728
617 35 1677
618 29 1673
619 67 1716
620 75 1729
621 28 1709
622 29 1727
623 29 1712
624 28 1688
625 31 1718
626 35 1709
627 36 1662
628 29 1702
629 0 1
630 29 1688
631 29 1686
632 36 1646
633 28 1729
634 44 1675
635 35 1697
636 32 1666
637 34 1709
638 28 1705
639 31 1689
640 30 1707
641 29 1676
642 28 1697
643 35 1693
644 40 1705
645 30 1683
646 29 1694
647 36 1712
648 31 1692
649 37 1712
650 31 1730
651 28 1714
652 33 1667
653 26 1703
654 29 1670
655 31 1734
656 36 1710
657 28 1678
658 31 1688
659 31 1720
660 0 1
661 33 1706
662 35 1692
663 30 1702
664 27 1715
665 33 1692
666 27 1701
667 30 1698
668 35 1659
669 29 1708
670 33 1710
671 38 1703
672 34 1674
673 28 1721
674 27 1702
675 34 1717
676 28 1684
677 29 1693
678 29 1703
679 35 1700
680 35 1684
681 33 1706
682 36 1664
683 36 1673
684 34 1701
685 32 1731
686 23 1677
687 25 1696
688 36 1690
689 36 1690
690 36 1689
691 30 1720
692 31 1715
693 32 1700
694 31 1683
695 39 1707
696 34 1710
697 32 1702
698 28 1695
699 35 1721
700 29 1672
701 38 1680
702 26 1705
703 27 1713
704 27 1723
705 29 1675
706 33 1718
707 39 1656
708 36 1679
709 39 1691
710 32 1705
711 39 1699
712 37 1707
713 31 1701
714 30 1714
715 28 1713
716 28 1706
717 30 1675
718 25 1685
719 26 1697
720 44 1709
721 34 1721
722 39 1695
723 27 1699
724 34 1705
725 36 1698
726 41 1702
727 42 1720
728 47 1730
729 29 1721
730 31 1699
731 27 1688
732 33 1706
733 30 1708
734 29 1711
735 30 1711
736 53 1681
737 37 1701
738 29 1690
739 33 1673
740 29 1662
741 29 1715
742 29 1684
743 30 1699
744 36 1683
745 29 1658
746 37 1680
747 36 1700
748 33 1704
749 29 1682
750 38 1671
751 35 1717
752 30 1713
753 53 1706
754 29 1716
755 43 1681
756 59 1691
757 27 1726
758 33 1705
759 48 1656
760 38 1641
761 32 1695
762 32 1706
763 35 1671
764 30 1727
765 34 1725
766 28 1721
767 29 1686
768 38 1703
769 0 1
770 36 1694
771 25 1651
772 34 1684
773 33 1689
774 24 1689
775 36 1703
776 35 1712
777 25 1681
778 27 1692
779 25 1715
780 28 1673
781 28 1704
782 33 1688
783 29 1697
784 37 1688
785 33 1696
786 32 1690
787 28 1709
788 32 1689
789 38 1717
790 32 1675
791 37 1730
792 33 1669
793 31 1695
794 30 1700
795 29 1706
796 32 1709
797 34 1701
798 45 1711
799 30 1703
800 30 1693
801 30 1703
802 30 1730
803 34 1716
804 32 1702
805 31 1711
806 34 1712
807 31 1717
808 33 1689
809 30 1696
810 34 1699
811 46 1723
812 0 1
813 28 1693
814 33 1727
815 36 1729
816 28 1690
817 33 1707
818 34 1649
819 26 1685
820 28 1693
821 29 1686
822 36 1667
823 46 1710
824 49 1725
825 34 1664
826 26 1684
827 30 1717
828 30 1700
829 34 1684
830 35 1744
831 43 1701
832 29 1714
833 32 1709
834 29 1686
835 36 1672
836 30 1691
837 33 1706
838 28 1685
839 28 1698
840 27 1684
841 27 1707
842 27 1719
843 30 1696
844 32 1721
845 34 1707
846 28 1719
847 30 1733
848 27 1692
849 32 1695
850 29 1688
851 37 1693
852 31 1708
853 31 1716
854 0 1
855 28 1684
856 39 1714
857 35 1714
858 31 1703
859 33 1693
860 31 1692
861 25 1664
862 29 1692
863 41 1670
864 39 1695
865 28 1691
866 34 1704
867 35 1674
868 34 1696
869 33 1712
870 42 1688
871 36 1683
872 33 1707
873 29 1693
874 32 1684
875 28 1711
876 31 1708
877 28 1668
878 28 1682
879 27 1698
880 32 1711
881 29 1678
882 33 1695
883 33 1686
884 30 1691
885 36 1676
886 23 1699
887 31 1689
888 34 1686
889 31 1699
890 29 1698
891 28 1673
892 27 1698
893 29 1697
894 32 1688
895 31 1690
896 32 1712
897 31 1700
898 35 1681
899 34 1674
900 32 1725
901 33 1681
902 25 1684
903 32 1732
904 29 1688
905 26 1683
906 32 1683
907 31 1686
908 27 1703
909 30 1695
910 31 1697
911 31 1726
912 34 1686
913 27 1718
914 32 1715
915 32 1728
916 33 1710
917 38 1717
918 31 1717
919 36 1685
920 32 1705
921 29 1696
922 28 1723
923 34 1683
924 25 1681
925 29 1659
926 26 1704
927 35 1714
928 33 1676
929 24 1716
930 35 1698
931 31 1690
932 36 1703
933 27 1688
934 29 1738
935 27 1703
936 25 1697
937 43 1700
938 33 1673
939 33 1733
940 32 1712
941 33 1674
942 32 1677
943 32 1706
944 29 1703
945 26 1737
946 31 1711
947 29 1685
948 31 1712
949 32 1701
950 28 1708
951 31 1692
952 34 1679
953 30 1703
954 36 1692
955 25 1721
956 31 1714
957 30 1707
958 28 1718
959 32 1716
960 28 1725
961 32 1698
962 31 1709
963 29 1683
964 34 1686
965 33 1691
966 36 1713
967 36 1713
968 29 1713
969 33 1704
970 38 1674
971 29 1686
972 29 1720
973 31 1683
974 32 1692
975 37 1719
976 36 1716
977 31 1711
978 27 1705
979 34 1689
980 30 1710
981 27 1699
982 35 1703
983 40 1736
984 40 1725
985 31 1693
986 30 1694
987 26 1670
988 35 1694
989 30 1708
990 35 1722
991 39 1707
992 54 1703
993 0 1
994 33 1686
995 53 1700
996 36 1668
997 37 1681
998 34 1713
999 32 1692
1000 28 1677
1001 32 1683
1002 25 1711
1003 29 1739
1004 0 1
1005 32 1708
1006 27 1694
1007 34 1720
1008 31 1693
1009 45 1721
1010 36 1667
1011 41 1727
1012 37 1693
1013 42 1718
1014 30 1711
1015 32 1694
1016 30 1716
1017 34 1675
1018 38 1688
1019 30 1710
1020 36 1705
1021 31 1699
1022 36 1671
1023 34 1662
1024 28 1678
1025 47 1666
1026 34 1684
1027 32 1699
1028 33 1712
1029 28 1710
1030 27 1709
1031 33 1719
1032 32 1705
1033 33 1701
1034 28 1683
1035 27 1693
1036 34 1698
1037 30 1710
1038 33 1674
1039 42 1671
1040 31 1708
1041 29 1675
1042 29 1733
1043 34 1677
1044 26 1684
1045 32 1678
1046 27 1692
1047 30 1729
1048 30 1700
1049 29 1709
1050 29 1700
1051 30 1705
1052 28 1708
1053 29 1678
1054 34 1700
1055 35 1689
1056 28 1684
1057 37 1690
1058 32 1681
1059 34 1691
1060 35 1725
1061 27 1704
1062 48 1684
1063 35 1700
1064 32 1692
1065 29 1685
1066 37 1685
1067 35 1719
1068 33 1692
1069 32 1689
1070 27 1729
1071 29 1713
1072 38 1675
1073 44 1694
1074 44 1686
1075 32 1699
1076 32 1695
1077 43 1697
1078 32 1686
1079 29 1695
1080 33 1705
1081 27 1675
1082 32 1703
1083 30 1716
1084 26 1686
1085 30 1702
1086 31 1719
1087 28 1705
1088 27 1673
1089 29 1677
1090 35 1683
1091 31 1693
1092 32 1692
1093 32 1709
1094 30 1709
1095 30 1706
1096 38 1708
1097 37 1697
1098 35 1738
1099 31 1677
1100 46 1675
1101 32 1676
1102 28 1697
1103 31 1714
1104 31 1721
1105 28 1708
1106 34 1716
1107 38 1694
1108 27 1714
1109 29 1710
1110 33 1699
1111 30 1683
1112 52 1712
1113 31 1699
1114 30 1681
1115 27 1671
1116 31 1679
1117 30 1725
1118 29 1706
1119 30 1673
1120 26 1722
1121 30 1709
1122 33 1698
1123 48 1697
1124 87 1713
1125 30 1680
1126 31 1674
1127 40 1711
1128 31 1700
1129 27 1680
1130 37 1690
1131 35 1723
1132 34 1719
1133 26 1684
1134 31 1703
1135 30 1682
1136 32 1714
1137 31 1721
1138 33 1733
1139 31 1719
1140 41 1673
1141 32 1679
1142 35 1698
1143 30 1697
1144 36 1699
1145 34 1675
1146 31 1687
1147 50 1671
1148 36 1690
1149 29 1687
1150 34 1711
1151 38 1713
1152 33 1710
1153 28 1717
1154 42 1664
1155 31 1702
1156 34 1709
1157 34 1701
1158 37 1693
1159 30 1703
1160 31 1696
1161 33 1702
1162 33 1694
1163 29 1709
1164 28 1682
1165 29 1697
1166 30 1707
1167 28 1728
1168 30 1708
1169 45 1713
1170 30 1709
1171 33 1719
1172 33 1681
1173 52 1706
1174 32 1711
1175 31 1711
1176 32 1689
1177 45 1695
1178 64 1682
1179 39 1728
1180 32 1715
1181 30 1702
1182 38 1702
1183 37 1697
1184 35 1693
1185 39 1708
1186 31 1702
1187 27 1694
1188 33 1692
1189 31 1689
1190 30 1716
1191 33 1686
1192 32 1687
1193 28 1723
1194 34 1687
1195 35 1709
1196 26 1715
1197 26 1690
1198 26 1689
1199 39 1711
1200 32 1694
1201 36 1691
1202 30 1665
1203 28 1693
1204 0 1
1205 29 1716
1206 28 1703
1207 31 1667
1208 29 1700
1209 42 1653
1210 68 1713
1211 30 1709
1212 47 1715
1213 31 1715
1214 32 1689
1215 42 1688
1216 33 1702
1217 0 1
1218 42 1688
1219 33 1715
1220 35 1746
1221 37 1737
1222 43 1679
1223 35 1687
1224 29 1698
1225 32 1705
1226 30 1720
1227 46 1687
1228 35 1697
1229 40 1721
1230 32 1701
1231 35 1672
1232 35 1688
1233 37 1727
1234 33 1695
1235 34 1712
1236 65 1712
1237 35 1709
1238 35 1718
1239 44 1710
1240 35 1738
1241 30 1667
1242 34 1726
1243 17 5
1244 36 1717
1245 30 1691
1246 43 1698
1247 29 1682
1248 25 1703
1249 34 1743
1250 37 1697
1251 32 1723
1252 39 1695
1253 32 1729
1254 36 1671
1255 32 1724
1256 28 1692
1257 36 1699
1258 35 1727
1259 39 1692
1260 36 1710
1261 38 1686
1262 33 1684
1263 31 1681
1264 34 1698
1265 38 1691
1266 0 1
1267 29 1680
1268 48 1688
1269 35 1721
1270 30 1733
1271 52 1693
1272 41 1678
1273 46 1667
1274 33 1710
1275 37 1686
1276 37 1729
1277 22 3
1278 43 1683
1279 32 1681
1280 32 1663
1281 38 1704
1282 40 1692
1283 43 1680
1284 31 1737
1285 37 1700
1286 31 1705
1287 31 1706
1288 56 1701
1289 41 1720
1290 29 1691
1291 68 1683
1292 37 1676
1293 28 1713
1294 37 1681
1295 34 1703
1296 37 1695
1297 38 1694
1298 33 1680
1299 31 1739
1300 29 1715
1301 29 1682
1302 29 1667
1303 25 1687
1304 32 1723
1305 33 1686
1306 27 1710
1307 31 1700
1308 30 1696
1309 28 1712
1310 27 1652
1311 33 1671
1312 29 1731
1313 33 1701
1314 30 1716
1315 33 1650
1316 39 1696
1317 32 1698
1318 28 1737
1319 42 1718
1320 0 1
1321 30 1698
1322 43 1704
1323 34 1684
1324 66 1678
1325 48 1681
1326 56 1719
1327 41 1701
1328 33 1703
1329 31 1708
1330 30 1706
1331 0 1
1332 28 1716
1333 24 1678
1334 34 1691
1335 22 1683
1336 32 1715
1337 34 1724
1338 35 1690
1339 31 1707
1340 30 1730
1341 36 1697
1342 30 1691
1343 29 1703
1344 29 1697
1345 33 1714
1346 40 1685
1347 33 1710
1348 35 1684
1349 36 1714
1350 41 1700
1351 0 1
1352 30 1701
1353 0 1
1354 36 1698
1355 36 1735
1356 0 1
1357 37 1703
1358 32 1688
1359 42 1692
1360 40 1686
1361 33 1693
1362 36 1695
1363 30 1701
1364 0 1
1365 32 1671
1366 48 1712
1367 32 1719
1368 38 1700
1369 33 1707
1370 34 1663
1371 35 1681
1372 47 1679
1373 48 1701
1374 26 1670
1375 35 1721
1376 35 1697
1377 32 1707
1378 42 1710
1379 28 1727
1380 40 1719
1381 28 1710
1382 57 1705
1383 37 1712
1384 36 1678
1385 32 1687
1386 36 1698
1387 35 1711
1388 31 1677
1389 33 1731
1390 37 1712
1391 29 1699
1392 35 1726
1393 37 1670
1394 39 1722
1395 41 1725
1396 30 1691
1397 32 1688
1398 41 1687
1399 35 1711
1400 55 1702
1401 48 1717
1402 44 1707
1403 34 1686
1404 32 1708
1405 29 1694
1406 29 1721
1407 33 1676
1408 0 1
1409 52 1722
1410 40 1691
1411 27 1704
1412 33 1691
1413 29 1687
1414 28 1687
1415 32 1695
1416 40 1703
1417 29 1708
1418 39 1712
1419 40 1684
1420 30 1713
1421 29 1669
1422 103 1712
1423 30 1666
1424 62 1678
1425 36 1666
1426 38 1687
1427 29 1736
1428 35 1709
1429 40 1720
1430 39 1701
1431 36 1704
1432 32 1710
1433 35 1683
1434 28 1663
1435 36 1709
1436 30 1710
1437 32 1695
1438 29 1710
1439 43 1723
1440 36 1715
1441 36 1696
1442 37 1700
1443 63 1688
1444 28 1715
1445 33 1698
1446 49 1685
1447 38 1705
1448 42 1660
1449 43 1674
1450 36 1705
1451 34 1683
1452 34 1709
1453 35 1726
1454 32 1716
1455 48 1689
1456 36 1699
1457 37 1710
1458 34 1695
1459 0 1
1460 30 1719
1461 52 1696
1462 77 1718
1463 29 1689
1464 31 1706
1465 36 1696
1466 35 1692
1467 35 1695
1468 33 1697
1469 35 1715
1470 29 1694
1471 34 1683
1472 30 1670
1473 0 1
1474 35 1699
1475 33 1660
1476 32 1688
1477 31 1674
1478 31 1725
1479 36 1679
1480 28 1715
1481 37 1682
1482 55 1671
1483 0 1
1484 36 1719
1485 37 1702
1486 34 1705
1487 37 1682
1488 29 1720
1489 33 1701
1490 38 1686
1491 51 1706
1492 46 1682
1493 38 1684
1494 30 1706
1495 30 1710
1496 25 1679
1497 26 1674
1498 33 1710
1499 27 1673
1500 43 1723
1501 38 1690
1502 45 1707
1503 31 1717
1504 30 1715
1505 62 1672
1506 32 1678
1507 36 1705
1508 30 1703
1509 33 1725
1510 35 1689
1511 32 1671
1512 34 1681
1513 30 1697
1514 30 1704
1515 31 1707
1516 41 1702
1517 38 1721
1518 27 1703
1519 38 1679
1520 0 1
1521 33 1716
1522 80 1671
1523 39 1709
1524 34 1703
1525 38 1748
1526 35 1681
1527 38 1696
1528 36 1698
1529 30 1734
1530 37 1744
1531 29 1702
1532 30 1701
1533 34 1702
1534 34 1693
1535 35 1720
1536 40 1706
1537 38 1701
1538 40 1696
1539 35 1718
1540 30 1702
1541 33 1688
1542 35 1730
1543 34 1701
1544 40 1666
1545 45 1706
1546 43 1719
1547 33 1702
1548 45 1723
1549 33 1709
1550 36 1660
1551 36 1673
1552 34 1720
1553 31 1728
1554 39 1663
1555 35 1710
1556 40 1683
1557 38 1696
1558 31 1707
1559 34 1701
1560 53 1702
1561 29 1672
1562 50 1703
1563 33 1707
1564 84 1706
1565 36 1683
1566 39 1694
1567 45 1673
1568 36 1732
1569 29 1712
1570 30 1701
1571 36 1689
1572 70 1711
1573 54 1722
1574 27 1694
1575 54 1681
1576 47 1711
1577 32 1702
1578 34 1731
1579 31 1710
1580 34 1685
1581 29 1696
1582 31 1677
1583 26 1695
1584 32 1668
1585 30 1670
1586 31 1701
1587 38 1678
1588 45 1691
1589 34 1716
1590 32 1675
1591 27 1672
1592 35 1665
1593 37 1716
1594 33 1668
1595 42 1685
1596 58 1690
1597 32 1704
1598 33 1712
1599 43 1734
1600 46 1694
1601 37 1681
1602 51 1688
1603 32 1716
1604 43 1702
1605 30 1687
1606 0 1
1607 30 1710
1608 36 1719
1609 35 1714
1610 32 1692
1611 35 1732
1612 0 1
1613 35 1706
1614 55 1709
1615 43 1703
1616 39 1735
1617 32 1684
1618 48 1730
1619 0 1
1620 69 1729
1621 41 1701
1622 42 1699
1623 56 1692
1624 47 1685
1625 39 1725
1626 40 1704
1627 27 1698
1628 71 1725
1629 45 1708
1630 99 1687
1631 36 1689
1632 29 1667
1633 42 1681
1634 31 1711
1635 38 1700
1636 53 1709
1637 42 1677
1638 36 1733
1639 31 1720
1640 57 1692
1641 45 1692
1642 29 1693
1643 32 1694
1644 77 1695
1645 40 1698
1646 47 1685
1647 29 1669
1648 26 1666
1649 29 1663
1650 27 1666
1651 37 1718
1652 32 1734
1653 38 1699
1654 36 1704
1655 50 1709
1656 59 1694
1657 52 1692
1658 54 1731
1659 52 1697
1660 43 1681
1661 76 1670
1662 37 1680
1663 50 1675
1664 43 1672
1665 35 1705
1666 66 1688
1667 36 1683
1668 49 1682
1669 83 1702
1670 30 1704
1671 36 1668
1672 100 1689
1673 27 1697
1674 41 1726
1675 38 1707
1676 35 1706
1677 45 1701
1678 30 1719
1679 36 1719
1680 42 1702
1681 42 1701
1682 38 1704
1683 45 1694
1684 0 1
1685 35 1695
1686 71 1707
1687 64 1671
1688 40 1712
1689 34 1723
1690 45 1697
1691 51 1714
1692 43 1705
1693 71 1720
1694 47 1706
1695 79 1710
1696 51 1716
1697 42 1696
1698 37 1688
1699 39 1703
1700 72 1695
1701 105 1688
1702 33 1690
1703 41 1716
1704 0 1
1705 48 1693
1706 29 1697
1707 42 1689
1708 53 1693
1709 34 1705
1710 68 1637
1711 39 1697
1712 37 1702
1713 27 1706
1714 58 1689
1715 33 1732
1716 43 1717
1717 50 1680
1718 58 1686
1719 46 1690
1720 52 1688
1721 31 1675
1722 52 1692
1723 42 1675
1724 45 1714
1725 48 1688
1726 32 1718
1727 47 1707
1728 63 1692
1729 33 1707
1730 0 1
1731 46 1686
1732 0 1
1733 37 1733
1734 34 1712
1735 55 1714
1736 36 1708
1737 37 1666
1738 52 1690
1739 39 1690
1740 32 1676
1741 37 1716
1742 86 1718
1743 51 1703
1744 9 2
1745 11 2
1746 25 2
1747 12 2
1748 2 2
1749 4 2
1750 1 2
1751 4 2
1752 19 4
1753 9 4
1754 0 1
1755 23 3
1756 8 2
1757 26 2
1758 88 1702
1759 45 1707
1760 7 2
1761 0 1
1762 60 2
1763 9 2
1764 20 2
1765 0 1
1766 15 2
1767 12 2
1768 17 2
1769 5 2
1770 20 4
1771 11 4
1772 44 4
1773 34 5
1774 32 3
1775 20 3
1776 27 3
1777 13 2
1778 5 2
1779 4 2
1780 12 2
1781 6 3
1782 99 1719
1783 69 1680
1784 48 1685
1785 3 2
1786 52 2
1787 34 6
1788 0 1
1789 7 4
1790 25 5
1791 57 5
1792 8 5
1793 24 3
1794 10 3
1795 11 3
1796 0 1
1797 1 2
1798 18 5
1799 8 4
1800 12 5
1801 18 5
1802 9 5
1803 62 2
1804 27 2
1805 2 2
1806 33 2
1807 55 2
1808 5 2
1809 19 2
1810 10 2
1811 8 2
1812 12 2
1813 21 2
1814 6 2
1815 18 2
1816 1 2
1817 26 3
1818 2 3
1819 5 3
1820 22 2
1821 14 2
1822 17 3
1823 28 3
1824 5 3
1825 6 3
1826 27 4
1827 0 1
1828 6 4
1829 4 2
1830 41 2
1831 18 3
1832 3 3
1833 19 3
1834 0 1
1835 2 2
1836 14 2
1837 25 2
1838 29 6
1839 34 5
1840 32 6
1841 37 7
1842 77 5
1843 13 7
1844 47 1713
1845 34 1681
1846 41 1684
1847 39 1723
1848 39 1714
1849 47 1674
1850 38 1692
1851 37 1709
1852 59 1679
1853 34 1693
1854 40 1701
1855 50 1709
1856 41 1681
1857 43 1674
1858 37 1692
1859 38 1691
1860 49 1688
1861 16 5
1862 31 5
1863 0 1
1864 16 5
1865 12 5
1866 28 8
1867 11 7
1868 24 5
1869 31 7
1870 9 8
1871 8 2
1872 15 2
1873 36 2
1874 0 1
1875 31 2
1876 0 1
1877 2 2
1878 8 2
1879 7 3
1880 32 3
1881 7 3
1882 14 3
1883 12 3
1884 5 2
1885 0 1
1886 30 2
1887 54 1707
1888 38 1694
1889 38 1690
1890 49 1711
1891 49 1727
1892 16 5
1893 16 5
1894 74 4
1895 19 5
1896 54 5
1897 24 8
1898 63 8
1899 10 6
1900 19 5
1901 0 1
1902 21 5
1903 13 5
1904 18 4
1905 63 2
1906 20 2
1907 36 1712
1908 6 2
1909 5 2
1910 5 4
1911 23 4
1912 22 4
1913 17 4
1914 73 10
1915 34 10
1916 39 9
1917 91 10
1918 10 6
1919 34 10
1920 3 3
1921 18 6
1922 14 5
1923 7 6
1924 12 5
1925 9 6
1926 9 6
1927 16 2
1928 15 2
1929 62 2
1930 61 2
1931 22 10
1932 2 3
1933 43 10
1934 75 1684
1935 11 3
1936 3 3
1937 17 3
1938 13 2
1939 34 3
1940 5 3
1941 53 2
1942 11 2
1943 12 8
1944 8 8
1945 13 8
1946 15 8
1947 11 8
1948 9 7
1949 5 6
1950 11 8
1951 40 2
1952 36 2
1953 11 3
1954 5 4
1955 14 4
1956 17 4
1957 37 1690
1958 57 1709
1959 56 1739
1960 22 2
1961 0 1
1962 58 2
1963 7 2
1964 15 3
1965 24 3
1966 37 3
1967 20 2
1968 1 2
1969 14 2
1970 28 2
1971 0 1
1972 20 2
1973 6 3
1974 19 3
1975 35 3
1976 66 1714
1977 49 1718
1978 53 1712
1979 54 1706
1980 47 1704
1981 49 1715
1982 47 1712
1983 44 1699
1984 64 1726
1985 70 1693
1986 37 1691
1987 47 1709
1988 0 1
1989 25 2
1990 14 2
1991 3 2
1992 13 2
1993 18 4
1994 22 3
1995 14 4
1996 10 4
1997 26 3
1998 8 2
1999 20 3
2000 33 3
2001 23 3
2002 24 3
2003 18 3
2004 22 3
2005 1 2
2006 7 2
2007 11 2
2008 3 2
2009 0 1
2010 10 2
2011 45 2
2012 23 2
2013 27 2
2014 35 4
2015 29 4
2016 5 4
2017 15 4
2018 31 5
2019 10 5
2020 25 4
2021 14 5
2022 19 4
2023 20 3
2024 21 3
2025 8 3
2026 12 3
2027 20 3
2028 7 3
2029 15 2
2030 8 2
2031 28 2
2032 3 2
2033 49 1713
2034 42 1699
2035 50 1678
2036 9 13
2037 9 13
2038 10 12
2039 12 13
2040 10 12
2041 11 13
2042 8 13
2043 14 13
2044 13 13
2045 10 12
2046 16 13
2047 9 13
2048 13 13
2049 81 1689
2050 41 1730
2051 51 1719
2052 31 1683
2053 33 1695
2054 37 1713
2055 31 1688
2056 32 1701
2057 31 1714
2058 35 1682
2059 42 1708
2060 53 1704
2061 78 1693
2062 40 1688
2063 51 1694
2064 41 1717
2065 49 1659
2066 79 1717
2067 48 1695
2068 52 1658
2069 60 1694
2070 52 1716
2071 65 1692
2072 28 1721
2073 30 1707
2074 33 1729
2075 28 1697
2076 33 1693
2077 34 1702
2078 39 1683
2079 31 1705
2080 34 1702
2081 32 1673
2082 36 1711
2083 36 1686
2084 33 1699
2085 37 1698
2086 31 1740
2087 38 1710
2088 54 1687
2089 14 2
2090 48 2
2091 0 1
2092 19 5
2093 33 4
2094 18 5
2095 13 5
2096 79 1683
2097 40 3
2098 9 2
2099 8 3
2100 15 2
2101 18 2
2102 47 1684
2103 25 3
2104 11 3
2105 3 3
2106 0 1
2107 14 2
2108 55 2
2109 21 2
2110 49 1733
2111 43 1695
2112 15 3
2113 54 3
2114 16 3
2115 15 2
2116 3 2
2117 6 2
2118 14 2
2119 45 1670
2120 3 2
2121 1 2
2122 12 2
2123 8 2
2124 2 2
2125 34 2
2126 11 2
2127 6 2
2128 53 3
2129 21 3
2130 23 3
2131 37 1678
2132 40 1696
2133 66 1698
2134 37 1683
2135 18 2
2136 2 2
2137 42 1713
2138 34 2
2139 19 2
2140 15 2
2141 2 2
2142 75 1692
2143 44 1694
2144 38 1693
2145 49 1695
2146 35 1717
2147 31 1710
2148 47 1684
2149 32 1657
2150 31 1684
2151 42 1694
2152 30 1715
2153 38 1688
2154 32 1690
2155 12 2
2156 8 2
2157 65 1698
2158 51 2
2159 0 1
2160 50 1681
2161 8 3
2162 32 1705
2163 66 2
2164 4 2
2165 41 1701
2166 38 1691
2167 35 1684
2168 34 1720
2169 65 1672
2170 33 1725
2171 58 1685
2172 3 2
2173 8 2
2174 45 1711
2175 35 1682
2176 8 4
2177 13 3
2178 7 4
2179 20 3
2180 25 2
2181 1 2
2182 42 1699
2183 57 1720
2184 37 1715
2185 35 1708
2186 60 1695
2187 32 1727
2188 43 1699
2189 57 1686
2190 0 1
2191 40 1685
2192 85 1675
2193 49 1722
2194 6 2
2195 6 2
2196 12 3
2197 11 3
2198 7 3
2199 39 1698
2200 6 4
2201 13 4
2202 5 4
2203 34 4
2204 16 2
2205 4 2
2206 31 1669
2207 33 1684
2208 59 1692
2209 72 1672
2210 84 1702
2211 68 1707
2212 37 1691
2213 13 2
2214 9 2
2215 45 3
2216 11 3
2217 12 3
2218 62 1721
2219 9 3
2220 52 1704
2221 62 1687
2222 7 3
2223 4 5
2224 17 5
2225 25 5
2226 15 5
2227 7 2
2228 25 2
2229 34 2
2230 10 2
2231 105 1711
2232 99 1685
2233 44 1688
2234 47 1714
2235 42 1700
2236 34 1691
2237 35 1704
2238 52 1717
2239 42 1697
2240 54 1674
2241 59 1685
2242 38 1722
2243 17 6
2244 36 1695
2245 40 1699
2246 7 6
2247 44 1697
2248 67 1665
2249 33 1714
2250 0 1
2251 11 4
2252 33 4
2253 15 4
2254 38 1731
2255 38 1696
2256 38 1698
2257 29 2
2258 13 2
2259 57 1702
2260 28 3
2261 3 2
2262 18 3
2263 50 1702
2264 60 3
2265 15 3
2266 2 2
2267 8 2
2268 14 2
2269 25 2
2270 9 2
2271 66 1678
2272 42 1694
2273 44 1689
2274 70 1693
2275 15 3
2276 42 3
2277 5 3
2278 16 2
2279 14 2
2280 6 3
2281 21 3
2282 9 3
2283 16 2
2284 30 3
2285 4 2
2286 45 1681
2287 55 1720
2288 64 1660
2289 37 2
2290 0 1
2291 0 1
2292 6 2
2293 15 2
2294 33 1687
2295 36 1714
2296 8 2
2297 9 2
2298 59 1690
2299 94 1706
2300 42 1686
2301 13 5
2302 16 5
2303 8 4
2304 23 5
2305 4 5
2306 34 1697
2307 38 1697
2308 41 1722
2309 39 1701
2310 67 1662
2311 39 1709
2312 39 1701
2313 1 2
2314 10 2
2315 0 1
2316 28 2
2317 6 3
2318 14 3
2319 3 3
2320 7 2
2321 18 2
2322 17 2
2323 3 2
2324 7 2
2325 2 2
2326 9 2
2327 2 2
2328 58 3
2329 46 7
2330 10 3
2331 49 4
2332 5 2
2333 0 1
2334 22 2
2335 9 2
2336 23 3
2337 42 3
2338 0 1
2339 44 1712
2340 48 1684
2341 42 1677
2342 50 1690
2343 30 1732
2344 54 1675
2345 38 1696
2346 78 1721
2347 51 1719
2348 94 1699
2349 50 1732
2350 6 2
2351 8 2
2352 28 1698
2353 43 1713
2354 39 1723
2355 35 1694
2356 34 1693
2357 27 1694
2358 33 1700
2359 30 1695
2360 74 1687
2361 16 4
2362 13 5
2363 19 5
2364 10 5
2365 19 5
2366 37 1669
2367 106 1707
2368 44 1709
2369 37 1689
2370 0 1
2371 30 1679
2372 41 1722
2373 42 1708
2374 44 1691
2375 37 1702
2376 42 1688
2377 48 1729
2378 41 1719
2379 61 1683
2380 50 1670
2381 43 1687
2382 42 1727
2383 44 1701
2384 30 1695
2385 34 1708
2386 38 1707
2387 33 1713
2388 0 1
2389 22 2
2390 38 1679
2391 71 1714
2392 61 1694
2393 11 7
2394 16 6
2395 18 6
2396 21 7
2397 17 7
2398 23 7
2399 19 7
2400 47 1662
2401 48 1698
2402 50 1709
2403 20 5
2404 5 4
2405 18 5
2406 33 5
2407 30 4
2408 18 2
2409 8 2
2410 46 1677
2411 50 1706
2412 33 1709
2413 28 9
2414 72 1718
2415 77 1692
2416 89 1710
2417 95 1689
2418 51 1730
2419 37 1689
2420 40 1704
2421 51 1689
2422 34 1733
2423 41 1707
2424 77 1685
2425 49 1738
