0 30 1706
1 35 1705
2 32 1675
3 33 1680
4 34 1711
5 30 1700
6 31 1700
7 34 1723
8 26 1710
9 33 1699
10 28 1700
11 29 1703
12 35 1705
13 30 1712
14 30 1698
15 34 1710
16 30 1700
17 27 1714
18 30 1675
19 25 1696
20 30 1707
21 29 1698
22 30 1702
23 32 1682
24 37 1675
25 29 1685
26 25 1678
27 29 1707
28 27 1717
29 27 1703
30 25 1697
31 29 1702
32 30 1700
33 27 1726
34 31 1668
35 28 1705
36 33 1691
37 30 1707
38 30 1719
39 27 1722
40 24 1666
41 29 1691
42 31 1677
43 27 1694
44 30 1675
45 31 1689
46 32 1699
47 29 1720
48 31 1695
49 29 1749
50 34 1697
51 29 1693
52 34 1716
53 32 1699
54 26 1696
55 28 1702
56 27 1701
57 34 1692
58 28 1689
59 40 1691
60 31 1692
61 29 1696
62 26 1703
63 31 1688
64 32 1675
65 31 1687
66 29 1691
67 31 1671
68 31 1674
69 36 1684
70 40 1701
71 32 1685
72 28 1713
73 41 1697
74 32 1697
75 47 1702
76 26 1686
77 44 1700
78 31 1672
79 42 1691
80 52 1676
81 41 1690
82 33 1726
83 28 1683
84 26 1714
85 30 1694
86 40 1697
87 25 1688
88 33 1685
89 35 1667
90 30 1688
91 35 1690
92 31 1711
93 28 1702
94 25 1704
95 26 1703
96 33 1663
97 33 1696
98 29 1692
99 33 1674
100 31 1709
101 34 1713
102 37 1718
103 30 1715
104 28 1694
105 34 1700
106 30 1689
107 30 1716
108 51 1712
109 39 1702
110 39 1685
111 26 1693
112 28 1690
113 29 1722
114 29 1699
115 29 1709
116 34 1734
117 39 1666
118 32 1685
119 30 1687
120 32 1691
121 31 1695
122 39 1709
123 29 1706
124 32 1704
125 26 1680
126 27 1697
127 35 1723
128 33 1710
129 40 1698
130 46 1690
131 28 1681
132 35 1718
133 30 1710
134 29 1703
135 40 1710
136 29 1703
137 34 1707
138 26 1692
139 36 1675
140 34 1689
141 33 1674
142 34 1716
143 29 1698
144 35 1699
145 41 1693
146 32 1691
147 0 1
148 31 1673
149 28 1662
150 31 1706
151 34 1693
152 35 1671
153 35 1746
154 37 1718
155 31 1681
156 30 1674
157 31 1715
158 27 1686
159 32 1696
160 28 1688
161 27 1714
162 27 1725
163 33 1675
164 26 1688
165 28 1708
166 31 1701
167 29 1695
168 30 1690
169 30 1689
170 37 1669
171 44 1716
172 29 1679
173 29 1701
174 28 1661
175 33 1701
176 37 1704
177 33 1706
178 32 1714
179 32 1677
180 31 1715
181 32 1712
182 61 1724
183 32 1688
184 31 1721
185 47 1695
186 33 1701
187 37 1705
188 41 1691
189 34 1676
190 42 1722
191 0 1
192 30 1677
193 31 1713
194 29 1718
195 30 1666
196 28 1695
197 28 1692
198 32 1707
199 34 1704
200 30 1699
201 28 1700
202 27 1675
203 28 1716
204 31 1686
205 30 1692
206 31 1699
207 29 1682
208 27 1687
209 30 1683
210 31 1721
211 33 1688
212 25 1693
213 29 1700
214 31 1672
215 26 1667
216 37 1689
217 29 1684
218 34 1718
219 27 1688
220 31 1702
221 37 1682
222 27 1735
223 47 1676
224 30 1691
225 40 1669
226 27 1728
227 30 1711
228 35 1678
229 30 1726
230 32 1701
231 32 1688
232 35 1700
233 32 1691
234 45 1668
235 33 1734
236 34 1700
237 75 1710
238 27 1677
239 36 1687
240 27 1675
241 38 1686
242 33 1720
243 34 1742
244 31 1725
245 38 1738
246 28 1703
247 32 1698
248 30 1665
249 29 1720
250 36 1704
251 30 1684
252 34 1692
253 29 1694
254 25 1701
255 40 1678
256 30 1716
257 30 1709
258 27 1712
259 35 1698
260 34 1691
261 32 1695
262 30 1703
263 28 1686
264 37 1696
265 30 1737
266 28 1707
267 27 1727
268 30 1697
269 34 1722
270 29 1686
271 25 1708
272 33 1690
273 30 1710
274 23 1681
275 31 1694
276 26 1687
277 32 1711
278 26 1662
279 32 1679
280 32 1715
281 34 1708
282 26 1701
283 32 1695
284 33 1667
285 26 1681
286 27 1688
287 27 1713
288 26 1644
289 29 1708
290 29 1711
291 26 1685
292 27 1692
293 31 1694
294 26 1708
295 27 1670
296 30 1708
297 32 1739
298 35 1717
299 29 1708
300 28 1685
301 31 1714
302 30 1680
303 24 1706
304 27 1731
305 29 1734
306 33 1699
307 28 1692
308 28 1708
309 26 1699
310 28 1696
311 37 1715
312 32 1699
313 30 1665
314 28 1701
315 26 1678
316 28 1720
317 34 1695
318 24 1685
319 28 1680
320 24 1726
321 31 1733
322 30 1701
323 27 1722
324 26 1691
325 29 1704
326 26 1732
327 31 1706
328 32 1706
329 31 1700
330 33 1704
331 35 1686
332 26 1741
333 30 1717
334 28 1710
335 0 1
336 34 1707
337 27 1677
338 26 1685
339 38 1717
340 30 1725
341 29 1690
342 38 1696
343 26 1691
344 28 1726
345 31 1688
346 40 1688
347 33 1711
348 29 1710
349 35 1694
350 33 1719
351 29 1675
352 36 1689
353 31 1698
354 31 1710
355 29 1697
356 32 1709
357 39 1669
358 48 1718
359 30 1667
360 31 1714
361 31 1716
362 31 1689
363 29 1692
364 32 1691
365 35 1704
366 28 1690
367 30 1714
368 31 1693
369 27 1708
370 35 1729
371 34 1681
372 28 1718
373 31 1699
374 34 1683
375 32 1701
376 30 1711
377 32 1685
378 36 1670
379 32 1694
380 29 1716
381 29 1728
382 28 1693
383 28 1697
384 30 1687
385 28 1690
386 36 1691
387 33 1693
388 34 1686
389 32 1697
390 33 1690
391 28 1703
392 32 1694
393 26 1660
394 30 1704
395 34 1693
396 37 1702
397 0 1
398 31 1704
399 42 1704
400 30 1694
401 44 1676
402 36 1692
403 31 1693
404 31 1721
405 29 1684
406 29 1705
407 32 1695
408 32 1680
409 31 1699
410 28 1696
411 36 1682
412 28 1703
413 30 1670
414 27 1681
415 35 1731
416 29 1672
417 41 1734
418 29 1692
419 30 1699
420 28 1706
421 26 1676
422 36 1715
423 27 1695
424 30 1694
425 47 1702
426 33 1681
427 34 1690
428 29 1728
429 31 1732
430 35 1690
431 34 1704
432 59 1720
433 38 1692
434 0 1
435 26 1690
436 41 1720
437 30 1700
438 32 1700
439 34 1709
440 43 1700
441 33 1706
442 38 1692
443 38 1686
444 27 1670
445 58 1691
446 40 1680
447 30 1685
448 33 1735
449 31 1678
450 29 1694
451 29 1667
452 31 1722
453 34 1688
454 34 1726
455 32 1695
456 30 1696
457 28 1698
458 26 1720
459 31 1702
460 34 1689
461 25 1712
462 30 1725
463 28 1693
464 27 1686
465 27 1673
466 33 1707
467 29 1702
468 25 1702
469 28 1715
470 32 1694
471 36 1696
472 29 1703
473 30 1697
474 30 1666
475 28 1685
476 27 1690
477 27 1691
478 29 1679
479 25 1702
480 31 1696
481 33 1687
482 32 1716
483 29 1686
484 33 1715
485 32 1671
486 31 1717
487 30 1684
488 30 1704
489 36 1702
490 38 1672
491 30 1702
492 30 1703
493 30 1735
494 32 1696
495 29 1712
496 28 1702
497 30 1683
498 37 1690
499 35 1714
500 32 1704
501 32 1687
502 33 1694
503 30 1714
504 32 1678
505 35 1731
506 28 1688
507 30 1706
508 28 1709
509 29 1699
510 30 1707
511 31 1690
512 32 1703
513 37 1691
514 32 1697
515 38 1733
516 37 1676
517 39 1705
518 37 1675
519 32 1710
520 34 1702
521 34 1701
522 29 1693
523 34 1701
524 38 1697
525 28 1682
526 29 1691
527 34 1688
528 35 1673
529 30 1649
530 36 1717
531 34 1702
532 33 1696
533 43 1695
534 28 1690
535 30 1699
536 35 1723
537 27 1681
538 28 1701
539 28 1707
540 36 1709
541 29 1691
542 31 1701
543 32 1688
544 50 1730
545 26 1699
546 36 1685
547 31 1695
548 34 1675
549 32 1687
550 43 1695
551 28 1692
552 31 1714
553 34 1709
554 33 1697
555 32 1681
556 45 1719
557 35 1717
558 34 1711
559 34 1676
560 34 1688
561 28 1683
562 31 1679
563 29 1726
564 30 1706
565 33 1661
566 34 1699
567 32 1723
568 34 1740
569 29 1682
570 28 1700
571 36 1698
572 28 1696
573 28 1652
574 32 1701
575 27 1690
576 24 1728
577 31 1721
578 32 1696
579 31 1683
580 28 1685
581 27 1704
582 27 1691
583 29 1699
584 31 1714
585 29 1708
586 27 1686
587 25 1713
588 34 1694
589 32 1681
590 56 1686
591 35 1713
592 29 1735
593 54 1669
594 28 1695
595 27 1693
596 30 1694
597 27 1690
598 29 1649
599 26 1718
600 37 1696
601 34 1715
602 29 1680
603 35 1695
604 30 1706
605 30 1704
606 30 1683
607 44 1721
608 34 1706
609 36 1696
610 25 1686
611 47 1700
612 29 1682
613 45 1674
614 62 1729
615 36 1709
616 100 1692
617 34 1721
618 28 1719
619 53 1669
620 59 1699
621 31 1706
622 38 1698
623 34 1711
624 29 1702
625 28 1688
626 32 1682
627 30 1683
628 27 1699
629 28 1676
630 31 1709
631 38 1704
632 33 1708
633 31 1696
634 31 1696
635 32 1670
636 36 1728
637 32 1704
638 30 1713
639 32 1700
640 26 1683
641 26 1692
642 32 1703
643 31 1702
644 29 1714
645 32 1711
646 29 1705
647 29 1706
648 34 1715
649 49 1724
650 45 1697
651 27 1727
652 28 1708
653 27 1686
654 33 1706
655 29 1687
656 34 1688
657 30 1725
658 31 1718
659 33 1709
660 34 1700
661 29 1683
662 29 1703
663 36 1669
664 36 1710
665 28 1686
666 32 1700
667 27 1699
668 33 1666
669 34 1702
670 24 1683
671 30 1708
672 35 1673
673 36 1710
674 31 1705
675 32 1701
676 33 1713
677 30 1717
678 40 1690
679 34 1656
680 32 1706
681 33 1715
682 29 1732
683 35 1682
684 32 1683
685 32 1712
686 25 1696
687 31 1716
688 29 1708
689 31 1704
690 35 1700
691 39 1708
692 37 1703
693 26 1715
694 37 1718
695 47 1692
696 38 1696
697 32 1690
698 0 1
699 29 1686
700 39 1720
701 37 1698
702 37 1689
703 36 1709
704 29 1693
705 33 1690
706 36 1702
707 33 1709
708 29 1692
709 32 1689
710 34 1718
711 30 1695
712 31 1671
713 36 1679
714 32 1703
715 34 1701
716 35 1701
717 36 1685
718 33 1682
719 30 1712
720 37 1704
721 50 1710
722 38 1735
723 33 1717
724 37 1701
725 33 1694
726 33 1686
727 33 1708
728 34 1699
729 37 1671
730 30 1669
731 31 1722
732 39 1716
733 33 1691
734 44 1696
735 28 1695
736 31 1692
737 32 1705
738 28 1733
739 28 1736
740 32 1705
741 27 1680
742 26 1705
743 31 1727
744 38 1701
745 36 1713
746 38 1725
747 0 1
748 31 1695
749 33 1676
750 30 1714
751 32 1710
752 38 1713
753 33 1746
754 40 1685
755 35 1714
756 32 1699
757 36 1693
758 29 1710
759 33 1628
760 31 1712
761 34 1724
762 31 1650
763 39 1683
764 36 1718
765 27 1693
766 28 1689
767 30 1719
768 57 1686
769 32 1705
770 32 1727
771 29 1701
772 32 1721
773 28 1698
774 32 1708
775 31 1703
776 33 1706
777 31 1741
778 30 1721
779 30 1675
780 30 1695
781 27 1700
782 31 1672
783 33 1717
784 33 1712
785 30 1702
786 31 1677
787 33 1694
788 40 1687
789 33 1697
790 38 1710
791 34 1710
792 36 1683
793 30 1678
794 30 1723
795 26 1713
796 29 1715
797 28 1679
798 43 1693
799 30 1684
800 26 1692
801 31 1669
802 27 1696
803 31 1684
804 27 1703
805 34 1709
806 34 1722
807 31 1705
808 30 1688
809 0 1
810 33 1652
811 39 1700
812 69 1710
813 35 1718
814 27 1701
815 31 1720
816 33 1694
817 28 1725
818 32 1716
819 28 1729
820 29 1707
821 30 1709
822 48 1704
823 36 1700
824 42 1709
825 30 1696
826 31 1701
827 27 1706
828 29 1704
829 28 1712
830 30 1690
831 31 1699
832 34 1715
833 34 1686
834 33 1723
835 33 1687
836 29 1708
837 34 1705
838 26 1736
839 29 1697
840 35 1704
841 25 1695
842 29 1716
843 31 1722
844 26 1715
845 27 1679
846 29 1709
847 28 1685
848 33 1702
849 38 1680
850 33 1680
851 28 1700
852 26 1653
853 28 1671
854 32 1711
855 34 1695
856 34 1701
857 34 1704
858 31 1734
859 35 1701
860 33 1686
861 29 1725
862 33 1695
863 29 1684
864 42 1712
865 38 1683
866 37 1683
867 32 1706
868 41 1699
869 28 1705
870 47 1720
871 38 1709
872 40 1705
873 32 1687
874 35 1705
875 33 1696
876 35 1707
877 27 1694
878 33 1687
879 34 1704
880 30 1707
881 29 1696
882 32 1720
883 28 1714
884 26 1687
885 31 1708
886 29 1667
887 27 1706
888 28 1689
889 25 1697
890 27 1712
891 27 1692
892 36 1694
893 32 1696
894 35 1682
895 31 1692
896 30 1723
897 36 1697
898 29 1731
899 32 1674
900 29 1684
901 26 1687
902 36 1697
903 33 1718
904 33 1655
905 29 1689
906 28 1696
907 31 1706
908 28 1685
909 33 1701
910 29 1670
911 26 1736
912 37 1709
913 33 1681
914 32 1691
915 32 1739
916 31 1697
917 33 1710
918 27 1642
919 35 1715
920 30 1717
921 31 1729
922 30 1718
923 29 1692
924 30 1679
925 31 1682
926 37 1698
927 33 1705
928 27 1702
929 37 1712
930 30 1693
931 36 1694
932 36 1718
933 32 1710
934 27 1693
935 28 1699
936 32 1707
937 33 1679
938 32 1708
939 27 1732
940 29 1696
941 33 1677
942 28 1703
943 31 1693
944 26 1673
945 32 1691
946 30 1705
947 38 1728
948 29 1712
949 41 1680
950 27 1727
951 31 1699
952 30 1697
953 34 1714
954 30 1701
955 32 1690
956 33 1686
957 30 1676
958 27 1663
959 30 1688
960 27 1711
961 36 1668
962 35 1704
963 22 1692
964 33 1692
965 33 1666
966 32 1711
967 32 1703
968 29 1675
969 34 1676
970 29 1698
971 32 1702
972 32 1713
973 36 1691
974 28 1712
975 31 1682
976 36 1709
977 35 1708
978 32 1678
979 31 1706
980 28 1694
981 27 1716
982 40 1692
983 28 1694
984 34 1716
985 29 1700
986 34 1707
987 43 1664
988 36 1722
989 27 1662
990 27 1685
991 35 1678
992 45 1724
993 41 1692
994 28 1682
995 40 1702
996 29 1717
997 36 1684
998 29 1686
999 28 1678
1000 33 1699
1001 30 1703
1002 26 1704
1003 28 1691
1004 46 1708
1005 32 1724
1006 30 1689
1007 29 1706
1008 32 1692
1009 55 1697
1010 28 1688
1011 46 1702
1012 33 1685
1013 30 1697
1014 33 1700
1015 32 1714
1016 36 1722
1017 33 1691
1018 30 1689
1019 29 1697
1020 32 1719
1021 33 1668
1022 35 1701
1023 28 1691
1024 32 1706
1025 33 1712
1026 29 1702
1027 25 1706
1028 31 1707
1029 30 1709
1030 30 1705
1031 33 1720
1032 27 1704
1033 43 1695
1034 32 1705
1035 34 1691
1036 35 1712
1037 37 1723
1038 30 1685
1039 29 1704
1040 27 1699
1041 30 1701
1042 30 1701
1043 28 1702
1044 33 1708
1045 36 1715
1046 35 1644
1047 30 1682
1048 27 1676
1049 32 1691
1050 29 1705
1051 31 1688
1052 27 1713
1053 27 1676
1054 27 1693
1055 32 1742
1056 31 1696
1057 30 1690
1058 31 1681
1059 30 1725
1060 36 1723
1061 29 1681
1062 50 1688
1063 30 1699
1064 28 1699
1065 32 1701
1066 31 1714
1067 32 1699
1068 31 1702
1069 31 1690
1070 31 1694
1071 32 1740
1072 38 1692
1073 35 1704
1074 33 1702
1075 47 1712
1076 33 1687
1077 59 1716
1078 27 1727
1079 32 1710
1080 32 1693
1081 31 1700
1082 31 1686
1083 36 1695
1084 26 1704
1085 28 1709
1086 30 1684
1087 42 1671
1088 24 1708
1089 31 1711
1090 32 1692
1091 30 1692
1092 30 1678
1093 31 1714
1094 30 1703
1095 31 1688
1096 33 1694
1097 34 1701
1098 34 1687
1099 32 1715
1100 33 1721
1101 35 1685
1102 29 1709
1103 31 1699
1104 52 1693
1105 34 1697
1106 32 1677
1107 28 1681
1108 43 1693
1109 26 1711
1110 25 1679
1111 0 1
1112 33 1708
1113 32 1696
1114 41 1687
1115 30 1727
1116 30 1722
1117 37 1703
1118 26 1695
1119 35 1712
1120 38 1679
1121 29 1683
1122 36 1704
1123 46 1711
1124 60 1690
1125 32 1710
1126 28 1714
1127 52 1682
1128 29 1679
1129 28 1726
1130 33 1698
1131 36 1704
1132 29 1681
1133 33 1681
1134 29 1704
1135 27 1695
1136 31 1699
1137 27 1660
1138 31 1715
1139 40 1717
1140 30 1729
1141 34 1655
1142 36 1657
1143 35 1697
1144 0 1
1145 28 1696
1146 43 1680
1147 51 1684
1148 29 1704
1149 33 1716
1150 34 1705
1151 37 1735
1152 29 1724
1153 59 1699
1154 28 1726
1155 27 1721
1156 32 1703
1157 27 1714
1158 26 1707
1159 40 1701
1160 34 1669
1161 31 1730
1162 26 1696
1163 32 1720
1164 32 1681
1165 35 1704
1166 31 1697
1167 30 1697
1168 33 1697
1169 37 1688
1170 34 1711
1171 27 1689
1172 28 1706
1173 28 1693
1174 40 1715
1175 37 1688
1176 45 1688
1177 34 1725
1178 39 1695
1179 36 1702
1180 37 1706
1181 31 1691
1182 30 1698
1183 28 1701
1184 33 1702
1185 29 1689
1186 28 1731
1187 26 1702
1188 29 1693
1189 32 1704
1190 29 1663
1191 28 1697
1192 40 1719
1193 30 1687
1194 29 1708
1195 32 1713
1196 25 1690
1197 33 1694
1198 27 1699
1199 29 1717
1200 28 1663
1201 27 1726
1202 36 1680
1203 30 1707
1204 28 1695
1205 32 1701
1206 34 1716
1207 28 1736
1208 32 1697
1209 0 1
1210 54 1695
1211 38 1719
1212 40 1734
1213 33 1677
1214 0 1
1215 43 1696
1216 32 1673
1217 43 1709
1218 47 1695
1219 28 1718
1220 31 1690
1221 43 1700
1222 38 1710
1223 34 1700
1224 30 1719
1225 29 1716
1226 0 1
1227 34 1700
1228 57 1690
1229 27 1681
1230 40 1717
1231 36 1691
1232 30 1699
1233 31 1729
1234 30 1705
1235 46 1683
1236 39 1679
1237 36 1687
1238 31 1706
1239 33 1707
1240 35 1687
1241 28 1669
1242 36 1689
1243 36 1696
1244 35 1715
1245 29 1696
1246 38 1679
1247 39 1686
1248 35 1693
1249 29 1658
1250 34 1676
1251 30 1698
1252 36 1706
1253 27 1694
1254 33 1705
1255 42 1694
1256 32 1659
1257 28 1702
1258 34 1661
1259 31 1712
1260 53 1708
1261 49 1696
1262 38 1709
1263 36 1706
1264 37 1682
1265 29 1702
1266 42 1691
1267 30 1700
1268 43 1703
1269 36 1682
1270 32 1702
1271 32 1702
1272 34 1712
1273 41 1680
1274 35 1709
1275 30 1675
1276 34 1680
1277 43 1717
1278 32 1715
1279 47 1684
1280 31 1681
1281 36 1699
1282 36 1715
1283 32 1684
1284 30 1715
1285 31 1699
1286 31 1687
1287 30 1696
1288 42 1682
1289 35 1691
1290 39 1707
1291 40 1705
1292 30 1696
1293 26 1696
1294 32 1687
1295 31 1691
1296 47 1731
1297 32 1691
1298 29 1676
1299 33 1706
1300 28 1657
1301 29 1683
1302 33 1711
1303 30 1670
1304 31 1689
1305 23 1680
1306 43 1733
1307 34 1703
1308 32 1712
1309 34 1707
1310 26 1706
1311 26 1713
1312 33 1699
1313 30 1703
1314 33 1701
1315 30 1705
1316 45 1693
1317 37 1692
1318 43 1705
1319 33 1701
1320 34 1707
1321 31 1694
1322 32 1694
1323 27 1718
1324 44 1684
1325 30 1707
1326 37 1686
1327 36 1724
1328 34 1707
1329 42 1703
1330 36 1693
1331 42 1736
1332 40 1698
1333 31 1708
1334 30 1723
1335 30 1701
1336 28 1660
1337 30 1687
1338 39 1744
1339 31 1698
1340 29 1711
1341 30 1711
1342 33 1699
1343 32 1707
1344 35 1716
1345 32 1706
1346 35 1668
1347 31 1709
1348 33 1704
1349 33 1688
1350 35 1694
1351 45 1696
1352 36 1683
1353 37 1716
1354 32 1677
1355 30 1717
1356 33 1684
1357 34 1723
1358 42 1695
1359 33 1711
1360 0 1
1361 42 1665
1362 76 1710
1363 35 1681
1364 54 1693
1365 39 1675
1366 42 1704
1367 32 1697
1368 36 1708
1369 38 1700
1370 33 1709
1371 53 1676
1372 51 1704
1373 62 1715
1374 34 1718
1375 34 1715
1376 29 1683
1377 34 1734
1378 41 1674
1379 73 1723
1380 40 1701
1381 30 1692
1382 77 1669
1383 32 1699
1384 40 1702
1385 38 1689
1386 33 1678
1387 30 1738
1388 40 1685
1389 30 1729
1390 39 1681
1391 30 1725
1392 41 1702
1393 34 1684
1394 30 1715
1395 34 1723
1396 31 1677
1397 32 1722
1398 0 1
1399 28 1714
1400 80 1715
1401 35 1707
1402 33 1679
1403 34 1734
1404 32 1728
1405 31 1691
1406 35 1704
1407 30 1688
1408 39 1733
1409 31 1722
1410 40 1687
1411 32 1694
1412 35 1714
1413 32 1695
1414 45 1701
1415 35 1721
1416 51 1706
1417 40 1691
1418 0 1
1419 37 1693
1420 31 1685
1421 35 1709
1422 57 1705
1423 39 1709
1424 33 1733
1425 34 1675
1426 35 1696
1427 36 1663
1428 36 1714
1429 33 1700
1430 37 1732
1431 37 1682
1432 29 1708
1433 54 1714
1434 40 1688
1435 38 1718
1436 34 1679
1437 36 1709
1438 35 1725
1439 36 1709
1440 36 1679
1441 34 1652
1442 0 1
1443 32 1710
1444 27 1689
1445 33 1689
1446 41 1724
1447 34 1710
1448 39 1729
1449 35 1665
1450 42 1671
1451 37 1705
1452 34 1721
1453 35 1699
1454 44 1725
1455 47 1668
1456 40 1706
1457 33 1706
1458 31 1681
1459 53 1710
1460 34 1717
1461 42 1704
1462 38 1706
1463 30 3
1464 33 1699
1465 30 1655
1466 46 1688
1467 38 1718
1468 41 1701
1469 32 1669
1470 29 1687
1471 57 1702
1472 36 1678
1473 104 1708
1474 51 1702
1475 44 1695
1476 29 1700
1477 38 1684
1478 29 1708
1479 29 1670
1480 34 1673
1481 30 1707
1482 69 1692
1483 51 1713
1484 43 1710
1485 38 1680
1486 32 1675
1487 24 1696
1488 38 1688
1489 26 1697
1490 32 1684
1491 44 1719
1492 31 1681
1493 50 1680
1494 30 1693
1495 26 1676
1496 41 1714
1497 34 1714
1498 32 1725
1499 31 1696
1500 46 1694
1501 36 1702
1502 55 1678
1503 34 1712
1504 64 1703
1505 33 1695
1506 31 1702
1507 37 1725
1508 30 1720
1509 35 1704
1510 30 1672
1511 29 1673
1512 30 1675
1513 30 1672
1514 27 1679
1515 40 1692
1516 41 1719
1517 30 1707
1518 40 1686
1519 43 1675
1520 32 1696
1521 105 1675
1522 42 1685
1523 35 1716
1524 36 1697
1525 30 1735
1526 37 1706
1527 31 1710
1528 31 1716
1529 36 1674
1530 37 1732
1531 31 1684
1532 31 1679
1533 35 1723
1534 36 1697
1535 31 1701
1536 32 1713
1537 30 1684
1538 39 1712
1539 36 1681
1540 31 1690
1541 34 1676
1542 44 1713
1543 43 1655
1544 49 1704
1545 43 1709
1546 32 1700
1547 37 1670
1548 58 1702
1549 36 1695
1550 46 1685
1551 37 1681
1552 40 1704
1553 31 1712
1554 35 1714
1555 33 1682
1556 31 1689
1557 39 1701
1558 41 1672
1559 35 1708
1560 75 1660
1561 34 1684
1562 45 1693
1563 35 1698
1564 53 1709
1565 35 1737
1566 44 1691
1567 33 1703
1568 32 1691
1569 55 1707
1570 36 1700
1571 76 1687
1572 48 1702
1573 36 1697
1574 31 1711
1575 32 1687
1576 44 1720
1577 27 1704
1578 30 1730
1579 34 1711
1580 33 1723
1581 37 1704
1582 28 1731
1583 30 1671
1584 30 1679
1585 30 1708
1586 27 1718
1587 31 1703
1588 35 1721
1589 34 1759
1590 0 1
1591 38 1674
1592 30 1695
1593 35 1715
1594 37 1700
1595 69 1678
1596 35 1697
1597 29 1639
1598 25 1705
1599 28 1695
1600 42 1667
1601 37 1710
1602 31 1688
1603 73 1705
1604 39 1697
1605 38 1721
1606 28 1736
1607 28 1719
1608 37 1719
1609 37 1694
1610 37 1713
1611 38 1710
1612 37 1708
1613 40 1712
1614 34 1684
1615 49 1658
1616 41 1725
1617 34 1691
1618 85 1684
1619 40 1719
1620 67 1717
1621 30 1718
1622 49 1690
1623 42 1698
1624 29 1688
1625 41 1707
1626 31 1697
1627 39 1704
1628 39 1702
1629 67 1691
1630 52 1722
1631 29 1706
1632 30 1679
1633 44 1710
1634 36 1699
1635 37 1701
1636 50 1723
1637 42 1691
1638 57 1706
1639 46 1662
1640 72 1676
1641 38 1690
1642 39 1690
1643 35 1670
1644 37 1718
1645 32 1706
1646 37 1712
1647 33 1678
1648 35 1712
1649 29 1675
1650 32 1692
1651 37 1693
1652 1 3
1653 39 1681
1654 34 1687
1655 0 1
1656 52 1685
1657 0 1
1658 32 1711
1659 44 1707
1660 41 1683
1661 31 1684
1662 37 1699
1663 52 1671
1664 50 1714
1665 43 1685
1666 34 1704
1667 30 1695
1668 39 1682
1669 0 1
1670 40 1728
1671 49 1697
1672 78 1689
1673 92 1721
1674 44 1668
1675 63 1702
1676 0 1
1677 38 1716
1678 31 1716
1679 59 1684
1680 80 1712
1681 45 1671
1682 30 1682
1683 49 1719
1684 33 1691
1685 30 1682
1686 49 1696
1687 67 1714
1688 51 1719
1689 47 1691
1690 30 1727
1691 39 1696
1692 30 1723
1693 50 1706
1694 56 1677
1695 77 1717
1696 37 1708
1697 39 1712
1698 47 1708
1699 41 1700
1700 50 1696
1701 44 1696
1702 64 1724
1703 0 1
1704 36 1698
1705 41 1662
1706 38 1650
1707 34 1715
1708 38 1701
1709 67 1692
1710 44 1694
1711 83 1708
1712 25 1704
1713 37 1700
1714 35 1711
1715 47 1680
1716 52 1714
1717 39 1684
1718 53 1696
1719 37 1694
1720 66 1696
1721 37 1711
1722 55 1696
1723 0 1
1724 39 1701
1725 40 1705
1726 39 1670
1727 44 1700
1728 13 2
1729 33 1726
1730 44 1713
1731 149 1716
1732 50 1715
1733 39 1688
1734 58 1702
1735 40 1726
1736 45 1734
1737 35 1704
1738 64 1701
1739 50 1709
1740 56 1687
1741 29 1677
1742 54 1691
1743 44 1701
1744 9 2
1745 0 1
1746 11 2
1747 0 1
1748 42 2
1749 8 2
1750 1 2
1751 7 2
1752 45 4
1753 28 3
1754 15 4
1755 33 4
1756 8 2
1757 0 1
1758 47 1695
1759 38 1701
1760 60 2
1761 0 1
1762 7 2
1763 6 2
1764 13 2
1765 59 2
1766 5 2
1767 10 2
1768 4 2
1769 14 2
1770 22 5
1771 2 2
1772 23 5
1773 29 5
1774 37 3
1775 20 3
1776 21 3
1777 7 2
1778 33 2
1779 8 3
1780 15 3
1781 17 3
1782 124 1729
1783 54 1710
1784 35 1711
1785 9 2
1786 88 2
1787 68 5
1788 33 6
1789 16 6
1790 30 5
1791 31 5
1792 109 6
1793 33 3
1794 6 2
1795 10 3
1796 22 2
1797 34 2
1798 10 5
1799 0 1
1800 12 5
1801 22 5
1802 26 5
1803 22 2
1804 18 2
1805 19 2
1806 5 2
1807 5 2
1808 17 2
1809 0 1
1810 8 2
1811 66 2
1812 0 1
1813 7 2
1814 0 1
1815 8 2
1816 9 2
1817 5 3
1818 42 3
1819 26 3
1820 5 2
1821 69 2
1822 33 2
1823 12 3
1824 22 3
1825 13 4
1826 26 4
1827 16 4
1828 28 4
1829 9 2
1830 0 1
1831 15 3
1832 25 3
1833 8 3
1834 5 2
1835 12 2
1836 16 2
1837 22 2
1838 24 6
1839 10 7
1840 57 7
1841 14 5
1842 24 4
1843 46 6
1844 45 1696
1845 37 1696
1846 37 1689
1847 39 1690
1848 43 1722
1849 38 1687
1850 40 1729
1851 38 1695
1852 55 1707
1853 39 1690
1854 43 1711
1855 44 1711
1856 36 1718
1857 31 1687
1858 36 1705
1859 39 1691
1860 49 1674
1861 40 5
1862 11 5
1863 31 4
1864 24 4
1865 9 5
1866 34 8
1867 13 8
1868 9 5
1869 12 7
1870 9 8
1871 4 2
1872 44 2
1873 48 2
1874 1 2
1875 30 2
1876 2 2
1877 9 2
1878 14 2
1879 15 3
1880 16 3
1881 8 3
1882 6 3
1883 6 3
1884 23 3
1885 9 2
1886 32 2
1887 51 1690
1888 52 1671
1889 0 1
1890 40 1699
1891 47 1701
1892 11 5
1893 13 5
1894 12 5
1895 16 5
1896 17 5
1897 42 6
1898 39 8
1899 27 8
1900 24 5
1901 13 5
1902 45 5
1903 27 5
1904 11 5
1905 9 2
1906 3 2
1907 31 1704
1908 9 2
1909 0 1
1910 4 2
1911 34 3
1912 14 4
1913 2 3
1914 34 10
1915 19 6
1916 64 9
1917 42 10
1918 44 10
1919 42 8
1920 16 9
1921 11 6
1922 15 5
1923 15 6
1924 6 6
1925 5 5
1926 11 5
1927 7 2
1928 4 2
1929 33 2
1930 23 2
1931 48 8
1932 27 10
1933 43 9
1934 48 1714
1935 2 2
1936 28 3
1937 11 3
1938 12 3
1939 11 3
1940 22 3
1941 9 2
1942 18 2
1943 17 7
1944 15 8
1945 13 8
1946 26 7
1947 11 8
1948 10 8
1949 14 8
1950 10 8
1951 15 2
1952 8 2
1953 20 4
1954 19 4
1955 4 4
1956 19 4
1957 73 1688
1958 42 1721
1959 69 1732
1960 2 2
1961 2 2
1962 11 2
1963 7 2
1964 0 1
1965 18 3
1966 16 3
1967 0 1
1968 0 1
1969 16 2
1970 10 2
1971 13 2
1972 7 2
1973 18 3
1974 8 3
1975 21 3
1976 37 1723
1977 93 1690
1978 34 1690
1979 53 1698
1980 47 1672
1981 64 1725
1982 30 9
1983 49 1707
1984 52 1709
1985 108 1709
1986 33 1714
1987 73 1704
1988 63 1692
1989 11 2
1990 18 2
1991 19 2
1992 5 2
1993 21 4
1994 11 3
1995 23 4
1996 31 4
1997 3 3
1998 12 3
1999 35 3
2000 0 1
2001 17 3
2002 15 3
2003 34 3
2004 19 3
2005 11 3
2006 6 2
2007 15 2
2008 0 1
2009 0 1
2010 21 2
2011 23 2
2012 0 1
2013 0 1
2014 7 3
2015 17 4
2016 28 4
2017 27 4
2018 13 5
2019 21 5
2020 11 5
2021 7 4
2022 19 5
2023 9 2
2024 5 2
2025 17 3
2026 44 3
2027 2 2
2028 9 3
2029 12 2
2030 6 2
2031 9 2
2032 22 2
2033 44 1673
2034 51 1691
2035 61 1735
2036 10 13
2037 10 12
2038 14 12
2039 7 13
2040 14 11
2041 8 12
2042 11 11
2043 13 13
2044 16 13
2045 7 13
2046 13 12
2047 5 12
2048 6 12
2049 53 1728
2050 32 1686
2051 37 1693
2052 33 1700
2053 37 1699
2054 31 1683
2055 34 1717
2056 27 1704
2057 31 1719
2058 34 1727
2059 47 1712
2060 42 1708
2061 60 1730
2062 37 1687
2063 31 1685
2064 33 1695
2065 64 1690
2066 56 1694
2067 51 1702
2068 54 1700
2069 57 1713
2070 37 1698
2071 47 1697
2072 32 1710
2073 37 1691
2074 36 1695
2075 34 1713
2076 26 1655
2077 33 1694
2078 33 1707
2079 29 1693
2080 28 1741
2081 32 1699
2082 38 1716
2083 33 1712
2084 33 1709
2085 41 1711
2086 31 1657
2087 34 1729
2088 44 1724
2089 0 1
2090 32 2
2091 10 5
2092 3 4
2093 19 5
2094 13 5
2095 8 5
2096 38 1714
2097 86 3
2098 21 3
2099 17 3
2100 5 2
2101 0 1
2102 50 1703
2103 0 1
2104 15 3
2105 45 3
2106 31 2
2107 12 2
2108 10 2
2109 41 2
2110 40 1679
2111 43 1688
2112 32 3
2113 26 3
2114 32 3
2115 49 2
2116 47 2
2117 13 2
2118 48 2
2119 65 1722
2120 35 2
2121 49 2
2122 11 2
2123 55 2
2124 0 1
2125 64 2
2126 0 1
2127 1 2
2128 40 2
2129 29 3
2130 2 2
2131 44 1672
2132 36 1701
2133 87 1723
2134 64 1703
2135 3 2
2136 1 2
2137 46 1720
2138 13 2
2139 1 2
2140 9 2
2141 80 2
2142 35 1687
2143 48 1694
2144 35 1693
2145 61 1703
2146 46 1721
2147 35 1701
2148 67 1694
2149 57 1691
2150 32 1672
2151 28 1675
2152 37 1712
2153 33 1693
2154 32 1697
2155 111 2
2156 9 2
2157 45 1702
2158 4 2
2159 4 2
2160 46 1715
2161 33 1700
2162 43 1678
2163 10 2
2164 0 1
2165 65 1678
2166 33 1716
2167 37 1683
2168 39 1659
2169 56 1717
2170 44 1712
2171 42 1699
2172 12 2
2173 52 2
2174 35 1728
2175 35 1704
2176 37 4
2177 18 4
2178 39 4
2179 13 4
2180 59 2
2181 19 2
2182 46 1692
2183 54 1711
2184 52 1709
2185 36 1682
2186 45 1739
2187 36 1706
2188 35 1722
2189 30 1705
2190 52 1711
2191 45 1735
2192 42 1710
2193 57 1690
2194 0 1
2195 38 2
2196 7 3
2197 10 3
2198 11 3
2199 2 2
2200 5 3
2201 31 4
2202 10 4
2203 21 4
2204 32 2
2205 5 2
2206 36 1680
2207 35 1719
2208 52 1716
2209 57 1708
2210 52 1683
2211 67 1743
2212 42 1699
2213 24 2
2214 24 2
2215 17 3
2216 8 3
2217 23 3
2218 40 1678
2219 9 2
2220 42 1695
2221 82 1719
2222 8 5
2223 16 5
2224 5 5
2225 0 1
2226 9 5
2227 0 1
2228 10 2
2229 9 2
2230 8 2
2231 34 2
2232 35 1662
2233 36 1726
2234 37 1701
2235 47 1686
2236 45 1712
2237 52 1686
2238 45 1725
2239 57 1715
2240 11 3
2241 54 1713
2242 39 1662
2243 54 1697
2244 39 1717
2245 37 1719
2246 49 1703
2247 37 1706
2248 76 1685
2249 34 1712
2250 6 3
2251 13 4
2252 37 3
2253 22 4
2254 43 1710
2255 37 1704
2256 34 1697
2257 59 2
2258 14 2
2259 50 1727
2260 22 3
2261 4 2
2262 26 3
2263 51 1692
2264 51 3
2265 12 3
2266 42 3
2267 30 2
2268 8 2
2269 5 2
2270 30 2
2271 57 1677
2272 41 1695
2273 37 1687
2274 76 1694
2275 24 3
2276 11 3
2277 50 3
2278 33 2
2279 13 2
2280 33 3
2281 14 3
2282 14 3
2283 31 2
2284 13 3
2285 9 3
2286 33 1714
2287 0 1
2288 40 1701
2289 5 2
2290 35 2
2291 64 1670
2292 36 2
2293 33 2
2294 44 1697
2295 38 1730
2296 19 2
2297 30 2
2298 38 1700
2299 39 1693
2300 43 1695
2301 20 5
2302 8 5
2303 14 5
2304 3 5
2305 12 5
2306 44 1704
2307 35 1702
2308 45 1680
2309 51 1700
2310 52 1666
2311 42 1702
2312 42 1686
2313 20 2
2314 53 2
2315 2 2
2316 2 2
2317 7 2
2318 3 2
2319 26 3
2320 2 2
2321 1 2
2322 4 2
2323 0 1
2324 33 2
2325 2 2
2326 4 2
2327 77 2
2328 48 5
2329 25 7
2330 38 4
2331 29 4
2332 25 4
2333 0 1
2334 0 1
2335 79 2
2336 24 3
2337 23 2
2338 13 3
2339 52 1696
2340 0 1
2341 54 1710
2342 52 1685
2343 41 1715
2344 40 1703
2345 37 1707
2346 33 1675
2347 61 1701
2348 33 1689
2349 28 1668
2350 13 2
2351 87 2
2352 34 1709
2353 63 1681
2354 34 1652
2355 28 1716
2356 34 1709
2357 31 1682
2358 29 1666
2359 33 1704
2360 44 1706
2361 29 5
2362 20 5
2363 15 5
2364 18 5
2365 19 5
2366 45 1686
2367 38 1694
2368 39 1665
2369 42 1685
2370 39 1691
2371 41 1698
2372 42 1671
2373 41 1714
2374 37 1707
2375 39 1708
2376 35 1687
2377 20 2
2378 44 1702
2379 114 1710
2380 39 4
2381 63 1698
2382 41 1704
2383 51 1704
2384 34 1730
2385 61 1722
2386 39 1716
2387 39 1704
2388 2 2
2389 11 2
2390 42 1667
2391 34 1715
2392 39 1702
2393 21 6
2394 8 7
2395 13 7
2396 11 7
2397 12 7
2398 24 7
2399 24 7
2400 66 1693
2401 58 1687
2402 113 1726
2403 24 5
2404 14 4
2405 10 5
2406 16 5
2407 7 5
2408 0 1
2409 51 2
2410 68 1686
2411 33 1733
2412 44 1718
2413 50 1731
2414 79 1726
2415 38 1724
2416 65 1708
2417 86 1705
2418 43 1718
2419 35 1695
2420 42 1701
2421 33 1698
2422 41 1692
2423 41 1672
2424 59 1727
2425 64 1699
