1200 35 1729
1201 33 1714
1202 31 1709
1203 29 1698
1204 33 1727
1205 34 1715
1206 29 1705
1207 36 1710
1208 34 1699
1209 0 1
1210 49 1711
1211 36 1717
1212 51 1698
1213 32 1696
1214 34 1745
1215 49 1730
1216 38 1707
1217 38 1697
1218 40 1694
1219 37 1715
1220 29 1721
1221 32 1695
1222 43 1719
1223 36 1682
1224 30 1728
1225 32 1705
1226 33 1681
1227 47 1714
1228 42 1707
1229 30 1705
1230 33 1732
1231 31 1702
1232 27 1667
1233 39 1687
1234 36 1693
1235 32 1706
1236 38 1699
1237 32 1703
1238 42 1693
1239 36 1696
1240 40 1719
1241 34 1668
1242 37 1702
1243 43 1711
1244 31 1704
1245 36 1724
1246 33 1704
1247 36 1687
1248 33 1693
1249 39 1687
1250 31 1708
1251 33 1706
1252 35 1684
1253 30 1718
1254 27 1697
1255 26 1682
1256 36 1732
1257 37 1671
1258 30 1719
1259 31 1696
1260 27 1673
1261 29 1696
1262 31 1703
1263 34 1699
1264 40 1709
1265 29 1676
1266 39 1719
1267 48 1676
1268 54 1688
1269 40 1683
1270 28 1692
1271 32 1686
1272 43 1712
1273 33 1721
1274 37 1686
1275 32 1705
1276 46 1691
1277 56 1667
1278 52 1695
1279 0 1
1280 31 1689
1281 37 1718
1282 44 1711
1283 40 1702
1284 32 1727
1285 28 1713
1286 32 1711
1287 33 1726
1288 46 1677
1289 27 1726
1290 47 1704
1291 33 1697
1292 69 1705
1293 39 1689
1294 32 1700
1295 30 1694
1296 30 1698
1297 50 1696
1298 44 1712
1299 43 1733
2300 73 1672
2301 25 5
2302 21 5
2303 29 5
2304 12 4
2305 10 5
2306 41 1718
2307 38 1698
2308 39 1689
2309 45 1711
2310 56 1691
2311 0 1
2312 33 1713
2313 38 2
2314 20 2
2315 15 2
2316 37 2
2317 30 3
2318 18 3
2319 13 3
2320 18 2
2321 6 2
2322 33 2
2323 2 2
2324 1 2
2325 26 2
2326 26 2
2327 2 2
2328 32 4
2329 14 2
2330 14 3
2331 24 3
2332 12 4
2333 32 4
2334 12 2
2335 15 2
2336 6 3
2337 17 3
2338 5 3
2339 87 1746
2340 51 1710
2341 50 1701
2342 56 1708
2343 40 1696
2344 37 1684
2345 37 1675
2346 50 1712
2347 71 1675
2348 66 1698
2349 39 1700
2350 0 1
2351 36 2
2352 0 1
2353 59 1727
2354 34 1694
2355 31 1688
2356 35 1688
2357 33 1692
2358 29 1720
2359 31 1674
2360 42 1679
2361 8 5
2362 25 4
2363 20 3
2364 11 5
2365 14 5
2366 43 1705
2367 86 1711
2368 75 1674
2369 33 1698
2370 41 1678
2371 32 1682
2372 30 1691
2373 28 1685
2374 42 1702
2375 45 1723
2376 33 1665
2377 34 1703
2378 69 1673
2379 130 1728
2380 68 1723
2381 39 1679
2382 33 1709
2383 0 1
2384 55 1711
2385 39 1711
2386 0 1
2387 36 1710
2388 21 2
2389 10 2
2390 48 1715
2391 39 1708
2392 57 1707
2393 6 6
2394 24 7
2395 12 7
2396 11 7
2397 11 7
2398 38 7
2399 10 7
900 33 1694
901 39 1694
902 31 1698
903 32 1705
904 29 1724
905 34 1688
906 34 1701
907 29 1733
908 33 1700
909 31 1700
910 36 1691
911 26 1697
912 32 1697
913 29 1665
914 35 1707
915 28 1662
916 32 1686
917 30 1697
918 30 1690
919 36 1690
920 31 1671
921 27 1700
922 30 1701
923 29 1677
924 32 1702
925 40 1689
926 28 1707
927 27 1656
928 33 1712
929 30 1696
930 30 1711
931 31 1716
932 36 1690
933 28 1696
934 30 1695
935 28 1705
936 37 1711
937 32 1688
938 42 1705
939 29 1696
940 35 1711
941 42 1703
942 29 1693
943 28 1711
944 32 1700
945 31 1680
946 28 1689
947 30 1717
948 27 1683
949 34 1673
950 32 1733
951 34 1717
952 32 1700
953 29 1684
954 34 1706
955 26 1713
956 32 1664
957 33 1706
958 31 1684
959 33 1715
960 31 1693
961 30 1708
962 31 1668
963 35 1701
964 34 1699
965 36 1687
966 41 1699
967 32 1690
968 32 1681
969 31 1720
970 32 1710
971 30 1703
972 33 1679
973 33 1687
974 34 1682
975 24 1695
976 29 1707
977 38 1672
978 31 1703
979 36 1690
980 29 1692
981 29 1718
982 30 1675
983 30 1686
984 28 1705
985 29 1698
986 32 1698
987 36 1701
988 41 1692
989 39 1717
990 32 1721
991 44 1703
992 74 1707
993 48 1712
994 46 1692
995 33 1700
996 29 1694
997 33 1692
998 31 1681
999 27 1680
1500 38 1703
1501 44 1699
1502 38 1709
1503 34 1699
1504 36 1700
1505 42 1674
1506 94 1689
1507 45 1715
1508 25 1713
1509 40 1692
1510 30 1687
1511 33 1702
1512 36 1703
1513 37 1720
1514 32 1709
1515 26 1703
1516 49 1680
1517 35 1714
1518 24 1681
1519 35 1675
1520 36 1706
1521 36 1705
1522 43 1679
1523 28 1738
1524 30 1702
1525 34 1671
1526 36 1695
1527 37 1698
1528 37 1697
1529 37 1683
1530 35 1689
1531 34 1698
1532 38 1693
1533 41 1688
1534 26 1690
1535 32 1697
1536 34 1710
1537 34 1695
1538 26 1673
1539 38 1730
1540 27 1707
1541 42 1677
1542 31 1683
1543 45 1659
1544 33 1684
1545 33 1692
1546 37 1708
1547 37 1669
1548 43 1689
1549 27 1707
1550 35 1732
1551 53 1712
1552 49 1726
1553 37 1707
1554 36 1706
1555 34 1701
1556 36 1708
1557 31 1680
1558 50 1697
1559 34 1705
1560 45 1682
1561 52 1724
1562 52 1690
1563 57 1700
1564 49 1711
1565 35 1679
1566 39 1692
1567 39 1709
1568 34 1684
1569 35 1688
1570 33 1679
1571 53 1724
1572 38 1711
1573 39 1698
1574 40 1664
1575 34 1707
1576 36 1677
1577 29 1700
1578 33 1674
1579 32 1699
1580 32 1713
1581 32 1696
1582 32 1694
1583 32 1702
1584 34 1682
1585 30 1715
1586 37 1708
1587 33 1721
1588 31 1698
1589 34 1689
1590 40 1689
1591 37 1716
1592 32 1696
1593 32 1696
1594 33 1698
1595 51 1697
1596 31 1694
1597 33 1712
1598 31 1705
1599 44 1706
1900 13 5
1901 17 5
1902 24 5
1903 26 5
1904 29 5
1905 18 2
1906 3 2
1907 35 1737
1908 37 2
1909 1 2
1910 17 4
1911 39 3
1912 21 4
1913 0 1
1914 64 9
1915 29 10
1916 39 8
1917 26 8
1918 79 9
1919 122 9
1920 28 10
1921 10 5
1922 8 6
1923 9 5
1924 13 6
1925 11 6
1926 18 6
1927 26 2
1928 15 2
1929 38 2
1930 22 2
1931 29 7
1932 28 10
1933 35 10
1934 49 1703
1935 34 3
1936 2 3
1937 34 3
1938 16 3
1939 0 1
1940 28 3
1941 10 2
1942 6 2
1943 10 8
1944 19 8
1945 13 8
1946 25 8
1947 9 8
1948 20 8
1949 23 7
1950 13 7
1951 61 2
1952 6 2
1953 17 4
1954 20 3
1955 15 4
1956 32 4
1957 42 1736
1958 46 1712
1959 45 1693
1960 18 2
1961 11 2
1962 20 2
1963 14 2
1964 119 3
1965 26 3
1966 57 3
1967 1 2
1968 30 2
1969 19 2
1970 14 2
1971 12 2
1972 16 2
1973 8 3
1974 18 3
1975 43 3
1976 55 1683
1977 48 1703
1978 73 1710
1979 58 1722
1980 59 1663
1981 38 1727
1982 60 1704
1983 47 1673
1984 55 1701
1985 82 1708
1986 32 1687
1987 55 1671
1988 81 1710
1989 17 2
1990 15 2
1991 42 2
1992 41 2
1993 24 3
1994 33 4
1995 21 4
1996 8 4
1997 35 3
1998 5 3
1999 13 3
2400 39 1702
2401 71 1681
2402 45 1673
2403 14 5
2404 10 5
2405 17 4
2406 14 4
2407 12 5
2408 17 2
2409 4 2
2410 45 1718
2411 0 1
2412 46 1716
2413 80 1723
2414 78 1711
2415 9 5
2416 67 1708
2417 19 6
2418 34 1693
2419 40 1696
2420 38 1712
2421 45 1719
2422 37 1701
2423 51 1700
2424 37 1708
2425 48 1717
1000 30 1681
1001 35 1705
1002 34 1676
1003 29 1686
1004 0 1
1005 37 1701
1006 28 1711
1007 32 1667
1008 35 1682
1009 33 1703
1010 32 1709
1011 32 1704
1012 40 1699
1013 31 1702
1014 33 1698
1015 32 1702
1016 34 1680
1017 34 1691
1018 33 1699
1019 37 1690
1020 35 1700
1021 34 1700
1022 34 1736
1023 33 1697
1024 41 1700
1025 29 1664
1026 33 1731
1027 37 1721
1028 33 1709
1029 29 1700
1030 32 1707
1031 33 1707
1032 27 1700
1033 30 1702
1034 35 1719
1035 50 1710
1036 32 1691
1037 37 1690
1038 31 1685
1039 33 1687
1040 29 1714
1041 26 1695
1042 38 1675
1043 28 1703
1044 33 1709
1045 32 1699
1046 31 1735
1047 29 1680
1048 31 1672
1049 29 1715
1050 40 1694
1051 31 1697
1052 30 1696
1053 29 1728
1054 32 1729
1055 30 1705
1056 29 1709
1057 30 1694
1058 27 1678
1059 32 1681
1060 35 1719
1061 33 1678
1062 21 1647
1063 29 1691
1064 29 1725
1065 27 1674
1066 38 1676
1067 30 1725
1068 33 1715
1069 34 1696
1070 30 1683
1071 36 1711
1072 33 1715
1073 33 1685
1074 37 1709
1075 44 1727
1076 35 1690
1077 28 1722
1078 29 1697
1079 35 1714
1080 30 1699
1081 37 1722
1082 33 1685
1083 32 1703
1084 35 1700
1085 30 1710
1086 37 1683
1087 33 1711
1088 30 1712
1089 29 1693
1090 30 1700
1091 46 1659
1092 30 1707
1093 31 1721
1094 33 1716
1095 36 1691
1096 36 1722
1097 32 1670
1098 36 1715
1099 35 1707
600 28 1717
601 29 1695
602 30 1713
603 31 1735
604 31 1702
605 26 1705
606 27 1718
607 33 1715
608 30 1670
609 30 1695
610 39 1697
611 32 1730
612 35 1705
613 36 1705
614 61 1687
615 0 1
616 70 1678
617 33 1698
618 30 1678
619 36 1702
620 45 1685
621 32 1723
622 33 1675
623 32 1712
624 31 1690
625 27 1681
626 26 1695
627 31 1702
628 29 1718
629 29 1705
630 25 1707
631 33 1698
632 29 1687
633 27 1699
634 36 1661
635 43 1727
636 36 1691
637 26 1690
638 32 1720
639 40 1699
640 26 1661
641 29 1695
642 31 1732
643 27 1693
644 49 1703
645 39 1692
646 25 1675
647 37 1676
648 30 1699
649 46 1662
650 35 1737
651 34 1722
652 29 1683
653 35 1690
654 30 1719
655 31 1706
656 32 1711
657 30 1721
658 29 1741
659 36 1682
660 27 1698
661 27 1681
662 32 1690
663 30 1709
664 31 1694
665 28 1694
666 28 1707
667 37 1701
668 28 1696
669 30 1710
670 32 1681
671 38 1706
672 30 1682
673 36 1678
674 34 1698
675 31 1692
676 34 1702
677 35 1704
678 34 1679
679 33 1695
680 32 1698
681 40 1720
682 36 1709
683 32 1706
684 35 1690
685 33 1683
686 31 1722
687 34 1707
688 27 1690
689 26 1725
690 33 1705
691 33 1718
692 32 1717
693 32 1706
694 37 1713
695 33 1707
696 33 1673
697 30 1710
698 0 1
699 34 1698
100 31 1710
101 31 1682
102 34 1733
103 31 1690
104 30 1718
105 32 1713
106 27 1718
107 28 1666
108 39 1696
109 46 1705
110 29 1693
111 28 1711
112 28 1720
113 27 1723
114 32 1710
115 35 1679
116 35 1703
117 31 1714
118 31 1726
119 28 1714
120 34 1692
121 32 1704
122 32 1667
123 33 1694
124 33 1700
125 30 1681
126 26 1709
127 33 1677
128 32 1714
129 26 1682
130 37 1725
131 36 1690
132 30 1679
133 30 1737
134 32 1737
135 45 1703
136 37 1726
137 35 1735
138 34 1659
139 29 1693
140 35 1694
141 32 1699
142 27 1666
143 27 1722
144 35 1700
145 33 1703
146 26 1682
147 35 1699
148 31 1682
149 35 1669
150 36 1706
151 37 1712
152 31 1695
153 27 1677
154 49 1715
155 30 1684
156 26 1695
157 28 1692
158 30 1713
159 29 1707
160 32 1748
161 28 1712
162 32 1726
163 31 1711
164 29 1681
165 36 1698
166 30 1707
167 31 1731
168 31 1683
169 33 1705
170 35 1708
171 38 1724
172 36 1679
173 32 1714
174 29 1682
175 33 1708
176 27 1717
177 38 1701
178 34 1693
179 35 1677
180 28 1712
181 29 1724
182 44 1704
183 31 1706
184 25 1679
185 28 1705
186 40 1695
187 32 1723
188 41 1653
189 36 1672
190 24 1703
191 41 1694
192 28 1685
193 26 1696
194 30 1712
195 38 1711
196 29 1676
197 25 1698
198 31 1734
199 32 1700
0 35 1690
1 30 1696
2 31 1684
3 32 1728
4 32 1683
5 32 1702
6 38 1664
7 30 1695
8 30 1687
9 27 1681
10 31 1715
11 33 1696
12 33 1728
13 25 1680
14 31 1712
15 32 1707
16 33 1708
17 32 1696
18 30 1688
19 29 1695
20 28 1726
21 28 1684
22 31 1701
23 28 1730
24 27 1698
25 30 1716
26 29 1705
27 27 1706
28 29 1689
29 33 1711
30 31 1710
31 34 1682
32 27 1719
33 28 1697
34 32 1710
35 29 1697
36 32 1692
37 26 1717
38 32 1717
39 30 1707
40 34 1722
41 29 1685
42 29 1681
43 32 1694
44 27 1695
45 28 1695
46 29 1674
47 33 1706
48 36 1707
49 34 1713
50 28 1690
51 33 1699
52 33 1692
53 29 1695
54 30 1689
55 34 1701
56 28 1705
57 0 1
58 28 1707
59 31 1703
60 34 1712
61 32 1729
62 33 1698
63 37 1706
64 28 1681
65 30 1707
66 29 1682
67 30 1699
68 25 1673
69 35 1683
70 43 1703
71 40 1724
72 34 1696
73 37 1704
74 39 1701
75 31 1730
76 36 1711
77 31 1710
78 31 1701
79 40 1719
80 34 1714
81 33 1686
82 30 1702
83 31 1696
84 30 1712
85 27 1696
86 30 1703
87 34 1699
88 28 1734
89 34 1692
90 31 1715
91 32 1712
92 27 1705
93 26 1710
94 26 1661
95 27 1699
96 37 1687
97 29 1678
98 33 1680
99 30 1729
800 24 1659
801 28 1711
802 27 1684
803 36 1679
804 27 1708
805 27 1691
806 30 1701
807 31 1688
808 23 1659
809 30 1737
810 26 1674
811 41 1685
812 79 1700
813 32 1720
814 31 1691
815 31 1692
816 29 1730
817 26 1704
818 36 1704
819 33 1680
820 34 1728
821 26 1674
822 74 1710
823 32 1703
824 38 1698
825 32 1701
826 33 1696
827 23 1711
828 30 1717
829 27 1728
830 34 1677
831 39 1666
832 34 1686
833 30 1739
834 32 1683
835 26 1693
836 26 1696
837 27 1710
838 36 1706
839 31 1699
840 30 1684
841 26 1673
842 28 1693
843 28 1740
844 27 1670
845 29 1681
846 26 1687
847 39 1690
848 27 1708
849 33 1712
850 33 1694
851 27 1681
852 30 1675
853 30 1700
854 39 1722
855 33 1680
856 34 1704
857 30 1692
858 33 1695
859 34 1733
860 35 1683
861 29 1720
862 31 1701
863 26 1698
864 37 1717
865 42 1704
866 43 1713
867 39 1692
868 26 1728
869 34 1742
870 39 1690
871 36 1732
872 35 1713
873 32 1727
874 31 1672
875 27 1677
876 32 1715
877 28 1689
878 32 1703
879 35 1714
880 26 1710
881 37 1710
882 26 1703
883 29 1706
884 26 1695
885 32 1707
886 29 1703
887 32 1714
888 30 1721
889 34 1708
890 34 1696
891 32 1724
892 25 1675
893 34 1695
894 25 1727
895 28 1720
896 33 1723
897 28 1680
898 25 1695
899 28 1711
2100 26 2
2101 44 2
2102 54 1727
2103 11 3
2104 37 2
2105 16 3
2106 10 2
2107 0 1
2108 4 2
2109 0 1
2110 38 1704
2111 40 1706
2112 0 1
2113 19 3
2114 7 3
2115 14 2
2116 5 2
2117 17 2
2118 12 2
2119 53 1660
2120 0 1
2121 25 2
2122 5 2
2123 5 2
2124 27 2
2125 27 2
2126 10 2
2127 16 2
2128 17 3
2129 85 3
2130 16 3
2131 49 1736
2132 33 1696
2133 70 1699
2134 84 1700
2135 11 2
2136 7 2
2137 43 1705
2138 62 2
2139 39 2
2140 21 2
2141 19 2
2142 48 1694
2143 30 1702
2144 34 1662
2145 0 1
2146 47 1723
2147 50 1727
2148 126 1692
2149 51 1675
2150 34 1713
2151 41 1707
2152 31 1680
2153 31 1697
2154 38 1693
2155 6 2
2156 40 2
2157 59 1708
2158 8 2
2159 0 1
2160 65 1708
2161 76 1698
2162 35 1727
2163 14 2
2164 3 2
2165 49 1716
2166 52 1714
2167 27 1708
2168 31 1709
2169 38 1707
2170 59 1718
2171 73 1712
2172 10 2
2173 26 2
2174 38 1682
2175 32 1696
2176 10 4
2177 10 4
2178 26 3
2179 11 4
2180 7 2
2181 88 2
2182 38 1710
2183 37 1725
2184 34 1709
2185 38 1683
2186 67 1704
2187 38 1718
2188 35 1718
2189 35 1683
2190 44 1698
2191 97 1684
2192 77 1723
2193 68 1690
2194 4 2
2195 2 2
2196 16 3
2197 25 3
2198 14 3
2199 45 1688
2000 51 3
2001 18 3
2002 21 3
2003 15 3
2004 17 3
2005 48 3
2006 1 2
2007 38 2
2008 37 2
2009 1 2
2010 32 2
2011 65 2
2012 8 2
2013 8 2
2014 0 1
2015 7 4
2016 22 4
2017 29 4
2018 37 5
2019 31 4
2020 10 5
2021 10 5
2022 11 5
2023 19 3
2024 12 2
2025 5 3
2026 6 3
2027 4 3
2028 29 3
2029 5 2
2030 79 2
2031 15 2
2032 0 1
2033 37 1673
2034 39 1706
2035 54 1684
2036 12 13
2037 18 13
2038 14 13
2039 22 12
2040 9 13
2041 10 13
2042 6 12
2043 10 13
2044 10 13
2045 14 13
2046 10 12
2047 9 13
2048 8 13
2049 40 1699
2050 42 1685
2051 51 1674
2052 32 1722
2053 31 1718
2054 30 1712
2055 30 1705
2056 33 1692
2057 29 1705
2058 43 1698
2059 32 1723
2060 50 1677
2061 47 1695
2062 33 1720
2063 83 1700
2064 35 1695
2065 52 1676
2066 78 1693
2067 44 1689
2068 59 1717
2069 46 1695
2070 43 1685
2071 40 1684
2072 34 1695
2073 35 1679
2074 42 1702
2075 36 1745
2076 35 1691
2077 32 1692
2078 39 1691
2079 31 1722
2080 29 1715
2081 33 1710
2082 33 1687
2083 36 1699
2084 32 1722
2085 30 1680
2086 33 1721
2087 29 1672
2088 55 1712
2089 5 2
2090 27 2
2091 15 5
2092 28 5
2093 17 4
2094 30 5
2095 13 5
2096 41 1682
2097 31 2
2098 22 3
2099 57 3
1600 40 1684
1601 38 1690
1602 36 1710
1603 37 1687
1604 43 1662
1605 30 1707
1606 37 1719
1607 39 1655
1608 42 1718
1609 34 1686
1610 33 1716
1611 0 1
1612 32 1683
1613 34 1712
1614 32 1689
1615 32 1718
1616 43 1701
1617 32 1699
1618 35 1702
1619 28 1694
1620 47 1700
1621 33 1689
1622 30 1734
1623 62 1691
1624 45 1706
1625 43 1700
1626 66 1682
1627 37 1721
1628 41 1675
1629 59 1719
1630 7 2
1631 31 1689
1632 0 1
1633 36 1697
1634 50 1721
1635 46 1701
1636 42 1695
1637 47 1690
1638 34 1722
1639 38 1690
1640 36 1712
1641 56 1703
1642 39 1723
1643 36 1667
1644 39 1680
1645 30 1709
1646 36 1704
1647 29 1713
1648 0 1
1649 34 1685
1650 28 1704
1651 30 1709
1652 28 1693
1653 46 1714
1654 30 1728
1655 43 1722
1656 37 1704
1657 56 1711
1658 94 1719
1659 60 1701
1660 40 1701
1661 29 1687
1662 30 1696
1663 54 1691
1664 43 1689
1665 32 1686
1666 31 1714
1667 32 1685
1668 29 1708
1669 81 1724
1670 33 1738
1671 37 1707
1672 44 1713
1673 30 1706
1674 47 1708
1675 56 1688
1676 39 1731
1677 35 1680
1678 42 1686
1679 39 1710
1680 37 1693
1681 37 1714
1682 33 1695
1683 28 1687
1684 49 1678
1685 40 1687
1686 39 1683
1687 47 1695
1688 48 1722
1689 33 1699
1690 63 1672
1691 35 1708
1692 34 1681
1693 52 1708
1694 34 1694
1695 41 1690
1696 66 1712
1697 58 1729
1698 38 1698
1699 52 1694
700 36 1714
701 37 1697
702 32 1687
703 32 1708
704 32 1711
705 32 1695
706 32 1710
707 35 1722
708 30 1694
709 34 1709
710 31 1682
711 36 1718
712 32 1687
713 37 1684
714 30 1687
715 28 1700
716 26 1676
717 0 1
718 31 1690
719 35 1705
720 40 1686
721 30 1716
722 41 1718
723 31 1678
724 59 1706
725 29 1733
726 48 1677
727 29 1713
728 38 1695
729 25 1693
730 31 1690
731 37 1731
732 36 1710
733 34 1680
734 44 1693
735 38 1715
736 42 1710
737 37 1711
738 32 1711
739 29 1682
740 31 1714
741 29 1683
742 35 1686
743 31 1686
744 34 1679
745 35 1705
746 30 1677
747 37 1695
748 29 1702
749 34 1695
750 36 1731
751 30 1717
752 38 1690
753 27 1697
754 28 1685
755 38 1720
756 34 1712
757 33 1682
758 29 1697
759 36 1694
760 28 1719
761 29 1707
762 30 1701
763 27 1672
764 33 1666
765 31 1749
766 33 1688
767 30 1697
768 41 1710
769 42 1686
770 42 1677
771 27 1720
772 32 1716
773 33 1708
774 28 1683
775 29 1714
776 27 1727
777 29 1719
778 31 1738
779 28 1701
780 27 1685
781 36 1701
782 30 1698
783 30 1695
784 34 1725
785 26 1711
786 30 1696
787 30 1669
788 29 1700
789 34 1717
790 27 1706
791 32 1710
792 31 1723
793 26 1711
794 31 1718
795 34 1746
796 33 1723
797 30 1715
798 49 1708
799 33 1707
1800 9 5
1801 10 5
1802 12 5
1803 0 1
1804 15 2
1805 45 2
1806 0 1
1807 0 1
1808 0 1
1809 48 2
1810 4 2
1811 1 2
1812 17 2
1813 20 2
1814 5 2
1815 1 2
1816 2 2
1817 2 2
1818 28 3
1819 5 3
1820 10 2
1821 16 2
1822 7 3
1823 9 3
1824 26 3
1825 8 4
1826 4 4
1827 15 4
1828 12 3
1829 12 2
1830 77 2
1831 0 1
1832 15 3
1833 39 3
1834 4 2
1835 22 2
1836 6 2
1837 2 2
1838 36 6
1839 35 7
1840 0 1
1841 5 5
1842 11 6
1843 44 7
1844 48 1699
1845 35 1710
1846 45 1743
1847 36 1675
1848 31 1682
1849 41 1715
1850 37 1713
1851 44 1708
1852 40 1725
1853 37 1752
1854 32 1677
1855 43 1687
1856 39 1678
1857 36 1691
1858 41 1673
1859 32 1703
1860 38 1712
1861 14 5
1862 19 5
1863 11 5
1864 24 5
1865 39 5
1866 0 1
1867 16 8
1868 8 8
1869 33 6
1870 21 8
1871 13 2
1872 11 2
1873 8 2
1874 1 2
1875 6 2
1876 13 2
1877 54 2
1878 0 1
1879 12 3
1880 20 3
1881 7 3
1882 15 3
1883 21 3
1884 4 3
1885 7 2
1886 4 2
1887 49 1692
1888 62 1705
1889 46 1709
1890 45 1724
1891 37 1706
1892 13 4
1893 12 4
1894 11 5
1895 18 5
1896 5 5
1897 26 8
1898 19 8
1899 31 8
1700 43 1710
1701 84 1714
1702 42 1712
1703 39 1695
1704 0 1
1705 41 1711
1706 31 1730
1707 35 1694
1708 52 1678
1709 39 1692
1710 87 1688
1711 29 1706
1712 64 1679
1713 54 1685
1714 62 1681
1715 62 1721
1716 55 1683
1717 42 1677
1718 37 1707
1719 55 1685
1720 70 1701
1721 30 1674
1722 40 1691
1723 36 1714
1724 40 1729
1725 31 1708
1726 34 1693
1727 43 1647
1728 42 1679
1729 40 1727
1730 40 1692
1731 43 1707
1732 89 1722
1733 32 1683
1734 57 1694
1735 39 1697
1736 47 1711
1737 36 1701
1738 36 1690
1739 39 1690
1740 33 1720
1741 48 1680
1742 71 1702
1743 33 1696
1744 9 2
1745 9 2
1746 1 2
1747 7 2
1748 16 2
1749 5 2
1750 11 2
1751 6 2
1752 10 4
1753 32 4
1754 24 4
1755 15 4
1756 0 1
1757 1 2
1758 75 1705
1759 36 1730
1760 30 2
1761 10 2
1762 83 2
1763 16 2
1764 32 2
1765 0 1
1766 23 2
1767 0 1
1768 33 2
1769 12 2
1770 26 4
1771 60 5
1772 15 5
1773 57 5
1774 8 3
1775 18 3
1776 4 2
1777 10 2
1778 12 2
1779 23 3
1780 9 3
1781 8 3
1782 111 1696
1783 90 1678
1784 53 1729
1785 3 2
1786 33 2
1787 81 5
1788 13 6
1789 41 6
1790 50 6
1791 76 5
1792 66 6
1793 1 2
1794 12 3
1795 18 3
1796 84 2
1797 10 2
1798 21 5
1799 15 4
1100 30 1706
1101 46 1665
1102 32 1678
1103 33 1704
1104 29 1703
1105 32 1697
1106 33 1698
1107 36 1709
1108 30 1706
1109 34 1676
1110 28 1719
1111 43 1684
1112 33 1708
1113 40 1710
1114 38 1677
1115 35 1727
1116 31 1688
1117 37 1716
1118 31 1701
1119 29 1698
1120 0 1
1121 38 1699
1122 37 1677
1123 40 1736
1124 84 1712
1125 40 1711
1126 31 1721
1127 63 1719
1128 37 1669
1129 29 1693
1130 30 1715
1131 39 1719
1132 32 1688
1133 27 1684
1134 34 1718
1135 30 1723
1136 31 1705
1137 31 1724
1138 26 1665
1139 26 1706
1140 30 1696
1141 34 1715
1142 30 1709
1143 30 1710
1144 30 1687
1145 34 1725
1146 61 1700
1147 0 1
1148 43 1693
1149 32 1719
1150 34 1711
1151 41 1712
1152 27 1710
1153 62 1742
1154 40 1711
1155 30 1718
1156 39 1693
1157 36 1672
1158 31 1734
1159 30 1712
1160 30 1711
1161 34 1736
1162 29 1711
1163 29 1711
1164 29 1698
1165 34 1677
1166 30 1696
1167 30 1712
1168 35 1683
1169 52 1726
1170 28 1688
1171 26 1698
1172 30 1702
1173 97 1689
1174 35 1708
1175 39 1683
1176 34 1719
1177 52 1721
1178 33 1698
1179 28 1707
1180 45 1703
1181 30 1707
1182 37 1686
1183 31 1717
1184 42 1688
1185 31 1703
1186 30 1692
1187 33 1714
1188 36 1672
1189 32 1713
1190 30 1695
1191 30 1659
1192 28 1708
1193 41 1693
1194 30 1680
1195 32 1683
1196 29 1703
1197 32 1690
1198 32 1668
1199 40 1682
200 32 1679
201 25 1693
202 31 1659
203 31 1695
204 29 1684
205 26 1705
206 34 1703
207 35 1707
208 28 1690
209 31 1688
210 32 1724
211 33 1682
212 27 1706
213 30 1732
214 27 1701
215 29 1672
216 34 1710
217 31 1690
218 30 1675
219 29 1705
220 33 1718
221 28 1686
222 29 1711
223 32 1711
224 31 1645
225 26 1661
226 31 1726
227 33 1718
228 29 1710
229 31 1697
230 28 1690
231 28 1694
232 35 1681
233 28 1688
234 44 1681
235 30 1692
236 49 1718
237 34 1675
238 43 1692
239 40 1716
240 32 1700
241 32 1718
242 31 1727
243 0 1
244 29 1702
245 30 1716
246 28 1708
247 27 1707
248 28 1702
249 30 1711
250 28 1684
251 25 1685
252 28 1716
253 27 1701
254 31 1719
255 36 1713
256 26 1711
257 30 1723
258 29 1710
259 30 1693
260 32 1709
261 37 1678
262 28 1672
263 33 1678
264 40 1705
265 43 1704
266 28 1688
267 27 1679
268 33 1709
269 24 1695
270 30 1731
271 26 1697
272 30 1684
273 31 1710
274 28 1695
275 34 1696
276 24 1697
277 26 1714
278 28 1718
279 30 1720
280 29 1695
281 42 1716
282 28 1698
283 31 1722
284 34 1677
285 33 1708
286 21 1689
287 35 1688
288 28 1700
289 30 1714
290 29 1686
291 31 1705
292 28 1702
293 28 1691
294 31 1702
295 32 1693
296 30 1713
297 30 1708
298 46 1687
299 33 1673
500 30 1678
501 29 1687
502 39 1693
503 38 1679
504 33 1674
505 33 1670
506 34 1712
507 31 1716
508 28 1677
509 36 1737
510 53 1689
511 26 1681
512 31 1702
513 32 1689
514 34 1672
515 34 1736
516 29 1689
517 0 1
518 32 1701
519 31 1687
520 38 1673
521 33 1701
522 38 1684
523 36 1710
524 27 1718
525 26 1712
526 31 1713
527 32 1696
528 28 1651
529 37 1671
530 46 1726
531 30 1706
532 33 1741
533 35 1701
534 30 1712
535 31 1714
536 40 1711
537 28 1706
538 27 1704
539 28 1716
540 27 1740
541 30 1705
542 40 1712
543 30 1702
544 34 1707
545 45 1685
546 45 1669
547 32 1695
548 31 1688
549 50 1696
550 43 1697
551 31 1709
552 36 1691
553 38 1704
554 30 1715
555 36 1698
556 29 1694
557 29 1717
558 60 1695
559 29 1690
560 32 1683
561 26 1701
562 31 1717
563 30 1678
564 27 1718
565 36 1724
566 56 1664
567 36 1720
568 34 1718
569 33 1683
570 31 1704
571 32 1674
572 37 1698
573 34 1707
574 29 1713
575 26 1689
576 27 1693
577 30 1702
578 37 1719
579 27 1692
580 33 1689
581 28 1698
582 26 1698
583 26 1673
584 26 1725
585 31 1688
586 34 1724
587 27 1690
588 31 1709
589 33 1731
590 38 1682
591 61 1704
592 29 1692
593 44 1722
594 34 1708
595 32 1718
596 30 1669
597 26 1729
598 27 1713
599 31 1706
400 29 1701
401 36 1669
402 43 1730
403 29 1692
404 31 1678
405 34 1712
406 32 1718
407 31 1736
408 32 1709
409 32 1706
410 32 1656
411 29 1708
412 35 1685
413 29 1717
414 27 1709
415 34 1709
416 23 1701
417 28 1703
418 30 1712
419 32 1696
420 31 1689
421 29 1695
422 32 1661
423 27 1730
424 28 1701
425 35 1703
426 39 1720
427 44 1683
428 29 1711
429 28 1705
430 34 1685
431 33 1699
432 31 1702
433 35 1702
434 36 1686
435 42 1675
436 31 1685
437 28 1725
438 31 1706
439 35 1716
440 44 1690
441 38 1703
442 31 1702
443 42 1713
444 33 1684
445 48 1691
446 38 1697
447 34 1706
448 29 1693
449 32 1707
450 29 1679
451 27 1727
452 28 1706
453 31 1708
454 25 1678
455 30 1693
456 27 1705
457 25 1742
458 37 1677
459 29 1721
460 29 1702
461 28 1677
462 33 1689
463 28 1718
464 32 1734
465 26 1740
466 32 1702
467 26 1681
468 28 1689
469 34 1698
470 25 1752
471 27 1671
472 29 1688
473 27 1680
474 29 1710
475 32 1736
476 31 1716
477 24 1721
478 25 1701
479 29 1708
480 30 1709
481 34 1712
482 32 1688
483 30 1682
484 30 1680
485 36 1690
486 28 1653
487 32 1718
488 27 1709
489 36 1689
490 32 1687
491 26 1702
492 27 1688
493 32 1690
494 29 1725
495 31 1706
496 38 1672
497 36 1704
498 29 1708
499 29 1695
2200 12 4
2201 9 4
2202 27 4
2203 12 3
2204 1 2
2205 5 2
2206 33 1695
2207 30 1712
2208 41 1693
2209 33 1707
2210 39 1685
2211 58 1705
2212 46 1719
2213 44 2
2214 30 2
2215 11 3
2216 16 3
2217 30 3
2218 3 3
2219 46 1683
2220 73 1725
2221 88 1718
2222 8 5
2223 36 5
2224 10 5
2225 10 4
2226 9 4
2227 6 2
2228 17 2
2229 28 2
2230 42 2
2231 110 1690
2232 94 1692
2233 34 1701
2234 38 1691
2235 42 1705
2236 42 1656
2237 37 1711
2238 57 1717
2239 49 1695
2240 199 1685
2241 55 1679
2242 39 1660
2243 35 1719
2244 37 1698
2245 49 1684
2246 43 1718
2247 13 6
2248 80 1667
2249 34 1682
2250 13 3
2251 0 1
2252 10 4
2253 14 4
2254 36 1679
2255 44 1712
2256 34 1691
2257 2 2
2258 19 2
2259 36 1677
2260 10 3
2261 14 3
2262 17 3
2263 104 1710
2264 6 3
2265 29 3
2266 99 3
2267 37 2
2268 72 2
2269 24 2
2270 25 2
2271 0 1
2272 55 1698
2273 44 1720
2274 47 1704
2275 9 3
2276 26 3
2277 19 2
2278 1 2
2279 25 2
2280 38 3
2281 7 3
2282 27 3
2283 50 3
2284 3 2
2285 19 3
2286 52 1697
2287 48 1664
2288 36 1688
2289 14 2
2290 0 1
2291 30 1694
2292 22 2
2293 5 2
2294 35 1693
2295 29 1707
2296 0 1
2297 36 2
2298 39 1699
2299 56 1699
1300 29 1707
1301 29 1735
1302 33 1734
1303 35 1707
1304 37 1699
1305 34 1678
1306 32 1703
1307 26 1690
1308 31 1697
1309 33 1710
1310 31 1716
1311 26 1696
1312 35 1679
1313 27 1740
1314 27 1717
1315 31 1708
1316 31 1666
1317 38 1707
1318 29 1694
1319 33 1712
1320 34 1713
1321 42 1697
1322 42 1693
1323 35 1703
1324 0 1
1325 48 1709
1326 48 1722
1327 49 1711
1328 44 1708
1329 40 1690
1330 31 1716
1331 39 1672
1332 37 1701
1333 40 1721
1334 34 1719
1335 30 1696
1336 33 1680
1337 30 1715
1338 37 1712
1339 36 1686
1340 29 1674
1341 35 1721
1342 40 1699
1343 30 1714
1344 28 1730
1345 35 1681
1346 33 1708
1347 32 1712
1348 28 1707
1349 38 1670
1350 31 1693
1351 40 1674
1352 37 1705
1353 39 1707
1354 32 1686
1355 40 1690
1356 36 1725
1357 37 1705
1358 33 1728
1359 44 1688
1360 56 1710
1361 33 1704
1362 42 1691
1363 36 1684
1364 32 1716
1365 35 1683
1366 30 1710
1367 34 1699
1368 37 1714
1369 32 1689
1370 32 1705
1371 56 1714
1372 41 1673
1373 36 1703
1374 37 1711
1375 30 1714
1376 30 1687
1377 34 1709
1378 91 1684
1379 38 1704
1380 53 1675
1381 33 1702
1382 36 1718
1383 31 1688
1384 30 1669
1385 33 1692
1386 39 1701
1387 37 1695
1388 36 1697
1389 36 1695
1390 39 1690
1391 37 1655
1392 35 1673
1393 28 1715
1394 36 1717
1395 32 1723
1396 30 1703
1397 30 1728
1398 43 1699
1399 37 1715
300 26 1714
301 31 1699
302 27 1710
303 30 1688
304 28 1697
305 29 1697
306 34 1654
307 28 1668
308 28 1690
309 34 1718
310 28 1679
311 32 1680
312 25 1702
313 31 1722
314 30 1738
315 32 1704
316 34 1686
317 32 1718
318 24 1701
319 25 1702
320 27 1690
321 30 1686
322 29 1708
323 28 1698
324 29 1713
325 35 1700
326 28 1697
327 31 1696
328 26 1681
329 33 1721
330 31 1708
331 33 1704
332 31 1711
333 29 1696
334 34 1675
335 58 1683
336 30 1701
337 27 1693
338 29 1719
339 30 1724
340 33 1716
341 36 1701
342 32 1714
343 32 1752
344 35 1686
345 34 1691
346 31 1711
347 32 1693
348 33 1667
349 44 1712
350 27 1722
351 31 1712
352 35 1698
353 35 1703
354 28 1676
355 29 1694
356 42 1720
357 32 1674
358 0 1
359 30 1696
360 27 1701
361 29 1699
362 29 1669
363 34 1698
364 33 1668
365 32 1702
366 28 1700
367 30 1692
368 28 1686
369 28 1718
370 30 1713
371 29 1675
372 31 1653
373 30 1713
374 29 1693
375 30 1666
376 32 1698
377 28 1697
378 33 1697
379 30 1699
380 28 1695
381 34 1703
382 34 1725
383 28 1645
384 30 1671
385 27 1696
386 51 1692
387 27 1716
388 33 1698
389 30 1690
390 31 1700
391 28 1702
392 34 1695
393 29 1716
394 34 1715
395 30 1700
396 37 1715
397 31 1694
398 35 1685
399 35 1700
1400 55 1702
1401 9 2
1402 48 1703
1403 33 1697
1404 32 1702
1405 34 1717
1406 34 1704
1407 37 1697
1408 37 1697
1409 0 1
1410 38 1687
1411 35 1731
1412 34 1729
1413 28 1687
1414 30 1720
1415 32 1720
1416 40 1664
1417 31 1731
1418 36 1716
1419 47 1671
1420 39 1695
1421 27 1728
1422 0 1
1423 30 1695
1424 42 1714
1425 37 1705
1426 36 1696
1427 36 1696
1428 26 1688
1429 28 1694
1430 40 1718
1431 37 1717
1432 30 1693
1433 68 1705
1434 69 1736
1435 39 1730
1436 29 1694
1437 2 2
1438 42 1700
1439 39 1700
1440 36 1708
1441 49 1687
1442 23 1702
1443 47 1664
1444 40 1713
1445 39 1707
1446 39 1705
1447 41 1724
1448 41 1674
1449 40 1684
1450 30 1718
1451 32 1662
1452 39 1708
1453 29 1690
1454 37 1700
1455 44 1696
1456 32 1693
1457 43 1710
1458 34 1705
1459 49 1702
1460 43 1678
1461 36 1692
1462 43 1668
1463 37 1732
1464 37 1717
1465 30 1697
1466 37 1713
1467 36 1708
1468 32 1680
1469 34 1708
1470 28 1681
1471 37 1690
1472 33 1680
1473 80 1674
1474 42 1692
1475 34 1673
1476 27 1704
1477 31 1683
1478 31 1718
1479 36 1705
1480 33 1747
1481 33 1715
1482 50 1725
1483 32 1688
1484 54 1701
1485 40 1682
1486 35 1689
1487 35 1692
1488 36 1689
1489 42 1702
1490 31 1693
1491 42 1715
1492 38 1705
1493 34 1701
1494 72 1668
1495 25 1689
1496 71 1712
1497 32 1648
1498 33 1686
1499 43 1674
