1900 8 4
1901 7 5
1902 26 5
1903 20 5
1904 8 5
1905 12 2
1906 12 2
1907 45 1701
1908 3 2
1909 1 2
1910 13 4
1911 12 4
1912 27 4
1913 16 4
1914 57 10
1915 60 8
1916 52 7
1917 50 8
1918 31 10
1919 27 9
1920 13 10
1921 8 6
1922 11 6
1923 18 5
1924 12 6
1925 14 6
1926 10 6
1927 13 2
1928 3 2
1929 15 2
1930 18 2
1931 53 9
1932 54 9
1933 20 10
1934 69 1708
1935 54 3
1936 12 3
1937 11 3
1938 5 3
1939 31 3
1940 36 3
1941 0 1
1942 55 2
1943 5 8
1944 9 8
1945 11 8
1946 10 8
1947 19 8
1948 26 8
1949 16 8
1950 11 7
1951 45 2
1952 2 2
1953 30 4
1954 12 4
1955 34 4
1956 14 4
1957 70 1688
1958 51 1715
1959 66 1693
1960 0 1
1961 4 2
1962 21 2
1963 25 2
1964 45 3
1965 49 3
1966 53 3
1967 7 2
1968 23 2
1969 3 2
1970 44 2
1971 0 1
1972 7 2
1973 0 1
1974 8 3
1975 14 3
1976 49 1702
1977 54 1697
1978 78 1713
1979 62 1712
1980 53 1732
1981 49 1697
1982 37 1683
1983 79 1681
1984 58 1694
1985 60 1695
1986 34 1726
1987 52 1708
1988 83 1721
1989 21 2
1990 3 2
1991 8 2
1992 7 2
1993 16 3
1994 16 4
1995 19 4
1996 7 4
1997 20 3
1998 8 3
1999 11 3
800 29 1700
801 33 1676
802 25 1715
803 28 1681
804 31 1674
805 30 1713
806 32 1706
807 26 1689
808 28 1687
809 37 1689
810 39 1683
811 37 1698
812 44 1721
813 30 1710
814 29 1699
815 30 1722
816 34 1720
817 33 1692
818 31 1716
819 31 1689
820 34 1679
821 31 1685
822 32 1692
823 43 1729
824 48 1722
825 36 1711
826 30 1703
827 34 1714
828 30 1737
829 34 1693
830 31 1708
831 43 1695
832 34 1708
833 30 1716
834 29 1701
835 33 1727
836 32 1705
837 29 1720
838 31 1699
839 28 1723
840 24 1666
841 26 1678
842 28 1697
843 29 1683
844 32 1673
845 30 1699
846 27 1733
847 30 1671
848 35 1720
849 37 1706
850 26 1692
851 27 1677
852 28 1704
853 30 1660
854 41 1716
855 36 1696
856 33 1708
857 28 1666
858 38 1688
859 29 1708
860 27 1682
861 33 1752
862 37 1691
863 35 1697
864 37 1674
865 34 1688
866 31 1698
867 33 1698
868 31 1672
869 36 1717
870 38 1717
871 27 1677
872 59 1665
873 36 1689
874 32 1699
875 33 1693
876 26 1700
877 30 1686
878 29 1688
879 25 1683
880 29 1707
881 35 1690
882 30 1702
883 30 1688
884 27 1712
885 27 1704
886 32 1720
887 28 1693
888 34 1737
889 28 1690
890 33 1721
891 28 1703
892 27 1720
893 27 1681
894 27 1712
895 31 1683
896 30 1697
897 51 1711
898 30 1723
899 29 1692
2400 70 1685
2401 48 1695
2402 39 1709
2403 8 5
2404 13 4
2405 17 5
2406 21 5
2407 19 5
2408 25 2
2409 0 1
2410 38 1686
2411 0 1
2412 38 1708
2413 85 1677
2414 59 1670
2415 60 1721
2416 59 1682
2417 0 1
2418 48 1684
2419 66 1679
2420 40 1712
2421 34 1716
2422 42 1714
2423 29 1671
2424 49 1681
2425 0 1
600 27 1713
601 34 1728
602 30 1672
603 39 1688
604 32 1698
605 26 1689
606 27 1677
607 34 1695
608 29 1694
609 32 1686
610 37 1683
611 36 1694
612 32 1721
613 26 1730
614 35 1692
615 37 1722
616 92 1719
617 38 1683
618 30 1689
619 44 1679
620 47 1731
621 30 1698
622 31 1716
623 30 1701
624 29 1734
625 25 1677
626 32 1718
627 33 1717
628 36 1667
629 31 1683
630 32 1724
631 35 1702
632 34 1684
633 28 1717
634 36 1711
635 35 1683
636 33 1690
637 34 1684
638 27 1692
639 27 1706
640 30 1692
641 29 1648
642 34 1701
643 32 1678
644 28 1697
645 34 1721
646 29 1716
647 37 1709
648 29 1657
649 61 1692
650 36 1718
651 31 1706
652 31 1701
653 33 1703
654 31 1688
655 29 1699
656 29 1693
657 30 1697
658 31 1677
659 28 1716
660 41 1714
661 27 1652
662 29 1703
663 33 1707
664 28 1709
665 28 1698
666 27 1687
667 35 1704
668 33 1679
669 31 1736
670 30 1729
671 0 1
672 31 1713
673 36 1697
674 28 1687
675 36 1749
676 35 1668
677 35 1693
678 40 1728
679 29 1692
680 34 1701
681 27 1678
682 36 1708
683 33 1700
684 35 1698
685 34 1721
686 31 1723
687 31 1706
688 33 1752
689 29 1710
690 32 1712
691 37 1697
692 35 1696
693 38 1694
694 33 1687
695 26 1687
696 32 1671
697 32 1695
698 36 1752
699 33 1719
1500 39 1703
1501 44 1717
1502 54 1705
1503 35 1670
1504 43 1711
1505 69 1666
1506 37 1715
1507 39 1712
1508 30 1678
1509 28 1664
1510 32 1710
1511 33 1679
1512 30 1710
1513 32 1702
1514 33 1718
1515 32 1689
1516 38 1710
1517 34 1698
1518 32 1724
1519 29 1701
1520 30 1723
1521 135 1685
1522 85 1688
1523 36 1707
1524 33 1687
1525 31 1713
1526 39 1686
1527 34 1672
1528 30 1686
1529 32 1715
1530 34 1732
1531 41 1682
1532 35 1685
1533 32 1700
1534 30 1720
1535 38 1683
1536 55 1667
1537 41 1698
1538 35 1682
1539 49 1706
1540 37 1721
1541 49 1713
1542 41 1714
1543 35 1706
1544 43 1652
1545 37 1693
1546 36 1711
1547 29 1674
1548 0 1
1549 38 1684
1550 50 1680
1551 48 1699
1552 0 1
1553 30 1694
1554 29 1686
1555 41 1687
1556 29 1724
1557 38 1711
1558 44 1706
1559 36 1691
1560 43 1737
1561 30 1688
1562 49 1721
1563 59 1712
1564 55 1735
1565 39 1691
1566 29 1698
1567 36 1701
1568 35 1723
1569 42 1689
1570 35 1725
1571 34 1674
1572 50 1716
1573 35 1704
1574 37 1701
1575 39 1722
1576 0 1
1577 33 1717
1578 34 1702
1579 33 1701
1580 30 1686
1581 28 1689
1582 30 1693
1583 34 1705
1584 31 1693
1585 32 1706
1586 30 1708
1587 41 1681
1588 30 1682
1589 26 1722
1590 40 1674
1591 40 1690
1592 28 1668
1593 33 1681
1594 28 1685
1595 93 1695
1596 41 1711
1597 33 1678
1598 38 1681
1599 30 1718
100 33 1693
101 25 1676
102 31 1689
103 31 1722
104 26 1705
105 33 1705
106 32 1669
107 36 1738
108 33 1701
109 36 1701
110 32 1695
111 33 1702
112 27 1727
113 28 1657
114 33 1703
115 30 1699
116 36 1672
117 34 1698
118 31 1680
119 35 1698
120 26 1684
121 30 1703
122 33 1706
123 36 1684
124 32 1720
125 34 1685
126 30 1681
127 26 1706
128 33 1713
129 32 1694
130 34 1693
131 31 1697
132 33 1683
133 32 1694
134 32 1694
135 33 1717
136 30 1648
137 30 1722
138 28 1691
139 32 1698
140 33 1696
141 36 1724
142 33 1669
143 26 1695
144 38 1695
145 27 1682
146 36 1702
147 26 1741
148 36 1700
149 36 1698
150 38 1697
151 33 1710
152 31 1696
153 37 1697
154 35 1727
155 33 1702
156 35 1692
157 34 1669
158 30 1697
159 29 1671
160 25 1700
161 29 1697
162 30 1723
163 26 1672
164 29 1687
165 28 1687
166 29 1690
167 28 1684
168 31 1679
169 39 1690
170 36 1695
171 42 1712
172 30 1683
173 33 1713
174 25 1695
175 30 1708
176 30 1712
177 34 1721
178 28 1696
179 30 1714
180 30 1690
181 33 1701
182 35 1706
183 33 1693
184 34 1709
185 31 1704
186 32 1704
187 31 1701
188 40 1736
189 35 1728
190 29 1706
191 46 1707
192 28 1696
193 32 1716
194 28 1678
195 31 1720
196 30 1713
197 26 1696
198 32 1714
199 32 1696
1200 32 1717
1201 36 1675
1202 34 1719
1203 27 1727
1204 34 1697
1205 35 1698
1206 36 1695
1207 40 1720
1208 36 1732
1209 31 1729
1210 45 1691
1211 32 1718
1212 35 1699
1213 36 1693
1214 30 1701
1215 33 1689
1216 50 1686
1217 30 1680
1218 56 1680
1219 33 1707
1220 33 1722
1221 32 1724
1222 35 1701
1223 42 1661
1224 28 1683
1225 31 1719
1226 34 1694
1227 36 1681
1228 30 1712
1229 35 1701
1230 34 1731
1231 42 1681
1232 43 1693
1233 31 1709
1234 33 1688
1235 30 1710
1236 37 1679
1237 38 1705
1238 44 1698
1239 45 1714
1240 55 1675
1241 35 1676
1242 36 1700
1243 34 1725
1244 0 1
1245 31 1725
1246 50 1711
1247 38 1723
1248 33 1699
1249 39 1711
1250 36 1688
1251 39 1697
1252 33 1693
1253 30 1679
1254 38 1712
1255 33 1690
1256 34 1693
1257 29 1672
1258 36 1686
1259 35 1724
1260 32 1716
1261 40 1724
1262 30 1706
1263 40 1674
1264 31 1697
1265 31 1713
1266 28 1684
1267 42 1698
1268 41 1660
1269 44 1704
1270 31 1689
1271 46 1686
1272 57 1700
1273 43 1702
1274 48 1734
1275 0 1
1276 39 1692
1277 40 1684
1278 37 1685
1279 41 1711
1280 33 1691
1281 33 1708
1282 37 1718
1283 0 1
1284 41 1696
1285 43 1690
1286 37 1692
1287 28 1687
1288 35 1706
1289 29 1703
1290 51 1729
1291 28 1680
1292 57 1699
1293 33 1702
1294 28 1696
1295 42 1699
1296 40 1697
1297 38 1683
1298 43 1708
1299 34 1714
2300 43 1697
2301 19 5
2302 21 4
2303 13 5
2304 10 5
2305 26 5
2306 37 1693
2307 34 1711
2308 41 1730
2309 45 1725
2310 43 1664
2311 43 1736
2312 34 1697
2313 3 2
2314 2 2
2315 0 1
2316 9 2
2317 7 3
2318 25 3
2319 11 3
2320 30 2
2321 18 2
2322 13 2
2323 2 2
2324 5 2
2325 5 2
2326 2 2
2327 14 2
2328 25 5
2329 39 6
2330 28 4
2331 16 4
2332 21 4
2333 23 3
2334 11 2
2335 9 2
2336 2 3
2337 0 1
2338 18 3
2339 49 1731
2340 69 1693
2341 60 1681
2342 67 1680
2343 86 1713
2344 39 1696
2345 42 1716
2346 58 1715
2347 78 1699
2348 53 1711
2349 45 1686
2350 12 2
2351 36 2
2352 0 1
2353 39 1732
2354 33 1672
2355 31 1709
2356 29 1698
2357 38 1679
2358 34 1721
2359 30 1696
2360 199 1314
2361 11 5
2362 28 5
2363 4 5
2364 18 5
2365 21 5
2366 50 1725
2367 0 1
2368 36 1716
2369 34 1735
2370 35 1717
2371 35 1670
2372 40 1683
2373 33 1683
2374 37 1675
2375 40 1721
2376 34 1684
2377 46 1718
2378 132 1690
2379 0 1
2380 47 1692
2381 27 1699
2382 54 1679
2383 33 1724
2384 34 1688
2385 66 1702
2386 36 1708
2387 39 1686
2388 24 2
2389 32 2
2390 63 1684
2391 49 1718
2392 47 1717
2393 17 6
2394 20 7
2395 18 7
2396 22 7
2397 10 7
2398 13 7
2399 34 7
2100 3 2
2101 25 2
2102 46 1696
2103 20 3
2104 31 3
2105 21 3
2106 42 2
2107 8 2
2108 7 2
2109 51 2
2110 37 1692
2111 34 1687
2112 11 2
2113 16 3
2114 12 3
2115 5 2
2116 13 2
2117 25 2
2118 31 2
2119 39 1696
2120 23 2
2121 12 2
2122 3 2
2123 3 2
2124 6 2
2125 10 2
2126 42 2
2127 39 2
2128 1 2
2129 0 1
2130 5 3
2131 34 1713
2132 50 1679
2133 77 1679
2134 56 1719
2135 0 1
2136 5 2
2137 40 1677
2138 42 2
2139 20 2
2140 10 2
2141 6 2
2142 35 1716
2143 38 1715
2144 38 1690
2145 0 1
2146 0 1
2147 35 1705
2148 31 1699
2149 45 1726
2150 32 1728
2151 46 1696
2152 36 1697
2153 36 1715
2154 32 1719
2155 1 2
2156 6 2
2157 51 1697
2158 10 2
2159 48 2
2160 42 1728
2161 40 1745
2162 51 1724
2163 9 2
2164 27 2
2165 45 1716
2166 47 1690
2167 39 1692
2168 46 1687
2169 36 1706
2170 51 1709
2171 39 1686
2172 28 2
2173 40 2
2174 49 1691
2175 37 1726
2176 6 4
2177 10 4
2178 28 4
2179 62 3
2180 0 1
2181 13 2
2182 41 1704
2183 39 1701
2184 41 1710
2185 37 1699
2186 40 1701
2187 36 1698
2188 34 1726
2189 0 1
2190 33 1706
2191 28 1663
2192 38 1723
2193 41 1691
2194 36 2
2195 24 2
2196 9 3
2197 17 3
2198 65 3
2199 61 1687
1000 32 1727
1001 32 1674
1002 31 1695
1003 29 1686
1004 37 1714
1005 32 1708
1006 26 1691
1007 30 1704
1008 33 1691
1009 44 1645
1010 27 1685
1011 31 1694
1012 46 1712
1013 35 1698
1014 30 1707
1015 25 1681
1016 32 1711
1017 27 1715
1018 29 1682
1019 28 1714
1020 30 1710
1021 35 1698
1022 33 1704
1023 26 1685
1024 30 1691
1025 31 1714
1026 32 1721
1027 30 1669
1028 39 1706
1029 28 1710
1030 32 1700
1031 29 1704
1032 31 1725
1033 30 1712
1034 28 1673
1035 35 1695
1036 31 1725
1037 32 1681
1038 33 1702
1039 34 1677
1040 30 1717
1041 40 1690
1042 30 1699
1043 34 1705
1044 33 1689
1045 33 1716
1046 30 1733
1047 33 1693
1048 28 1671
1049 30 1709
1050 27 1706
1051 31 1701
1052 26 1727
1053 31 1722
1054 32 1735
1055 32 1691
1056 36 1714
1057 30 1682
1058 44 1708
1059 30 1697
1060 46 1672
1061 27 1729
1062 32 1710
1063 31 1707
1064 31 1708
1065 30 1683
1066 32 1710
1067 33 1699
1068 31 1689
1069 33 1693
1070 29 1676
1071 30 1703
1072 36 1705
1073 34 1716
1074 31 1681
1075 34 1691
1076 30 1689
1077 69 1686
1078 29 1705
1079 29 1685
1080 30 1708
1081 30 1676
1082 24 1711
1083 29 1704
1084 29 1712
1085 31 1708
1086 33 1733
1087 34 1689
1088 29 1699
1089 28 1715
1090 31 1721
1091 38 1681
1092 29 1720
1093 33 1700
1094 29 1712
1095 31 1687
1096 33 1685
1097 40 1733
1098 32 1730
1099 35 1672
1800 28 4
1801 19 5
1802 45 4
1803 8 2
1804 0 1
1805 16 2
1806 20 2
1807 19 2
1808 37 2
1809 10 2
1810 18 2
1811 0 1
1812 38 2
1813 27 2
1814 0 1
1815 13 2
1816 10 2
1817 4 3
1818 8 3
1819 21 3
1820 12 2
1821 1 2
1822 9 3
1823 9 3
1824 16 3
1825 12 4
1826 8 4
1827 6 4
1828 9 4
1829 2 2
1830 0 1
1831 7 3
1832 18 3
1833 13 3
1834 10 2
1835 4 2
1836 9 2
1837 2 2
1838 17 6
1839 78 7
1840 8 6
1841 27 6
1842 36 4
1843 25 7
1844 46 1697
1845 35 1683
1846 43 1709
1847 43 1686
1848 43 1724
1849 42 1691
1850 39 1667
1851 36 1696
1852 0 1
1853 40 1668
1854 31 1687
1855 44 1700
1856 34 1718
1857 40 1672
1858 32 1678
1859 47 1682
1860 39 1692
1861 26 4
1862 26 4
1863 0 1
1864 20 5
1865 18 5
1866 46 8
1867 27 7
1868 32 8
1869 24 8
1870 10 6
1871 0 1
1872 30 2
1873 5 2
1874 30 2
1875 8 2
1876 3 2
1877 11 2
1878 1 2
1879 5 3
1880 19 3
1881 18 3
1882 40 3
1883 24 3
1884 12 3
1885 0 1
1886 5 2
1887 83 10
1888 48 1669
1889 59 1705
1890 42 1686
1891 39 1678
1892 11 5
1893 7 5
1894 9 5
1895 16 5
1896 30 5
1897 29 6
1898 25 8
1899 16 8
1100 29 1732
1101 37 1705
1102 39 1707
1103 31 1719
1104 45 1669
1105 28 1664
1106 31 1739
1107 31 1689
1108 30 1705
1109 35 1670
1110 41 1687
1111 28 1696
1112 33 1708
1113 41 1697
1114 47 1706
1115 31 1678
1116 28 1695
1117 36 1696
1118 34 1709
1119 24 1672
1120 33 1691
1121 33 1703
1122 31 1698
1123 48 1716
1124 41 1696
1125 35 1689
1126 35 1708
1127 42 1695
1128 40 1705
1129 29 1704
1130 34 1691
1131 37 1716
1132 26 1690
1133 28 1697
1134 36 1699
1135 44 1702
1136 33 1704
1137 29 1732
1138 34 1734
1139 44 1697
1140 33 1724
1141 39 1698
1142 34 1685
1143 38 1721
1144 36 1720
1145 30 1674
1146 37 1702
1147 43 1708
1148 35 1676
1149 31 1709
1150 32 1701
1151 32 1715
1152 31 1706
1153 30 1682
1154 31 1699
1155 30 1717
1156 32 1680
1157 32 1684
1158 37 1694
1159 39 1698
1160 37 1722
1161 35 1705
1162 35 1714
1163 31 1714
1164 34 1659
1165 32 1711
1166 29 1693
1167 24 1662
1168 28 1715
1169 39 1733
1170 29 1716
1171 29 1679
1172 31 1657
1173 32 1699
1174 32 1711
1175 32 1685
1176 33 1680
1177 29 1696
1178 73 1708
1179 40 1678
1180 34 1741
1181 30 1720
1182 29 1671
1183 35 1707
1184 36 1714
1185 31 1709
1186 29 1690
1187 31 1686
1188 29 1699
1189 36 1731
1190 30 1730
1191 32 1708
1192 33 1702
1193 36 1684
1194 32 1685
1195 31 1712
1196 28 1696
1197 27 1700
1198 31 1708
1199 35 1728
1700 38 1720
1701 51 1688
1702 60 1709
1703 0 1
1704 5 2
1705 36 1708
1706 28 1658
1707 37 1718
1708 46 1715
1709 87 1692
1710 57 1702
1711 30 1669
1712 58 1713
1713 43 1700
1714 61 1645
1715 37 1672
1716 38 1712
1717 47 1702
1718 48 1682
1719 41 1697
1720 45 1691
1721 44 1719
1722 0 1
1723 51 1702
1724 49 1698
1725 37 1704
1726 36 1715
1727 33 1688
1728 60 1707
1729 32 1718
1730 0 1
1731 50 1723
1732 41 1695
1733 30 1695
1734 76 1730
1735 54 1665
1736 27 1716
1737 30 1682
1738 75 1680
1739 38 1699
1740 38 1724
1741 51 1680
1742 0 1
1743 68 1715
1744 1 2
1745 17 2
1746 1 2
1747 14 2
1748 64 2
1749 14 2
1750 21 2
1751 49 2
1752 6 3
1753 20 4
1754 21 4
1755 30 4
1756 11 2
1757 5 2
1758 68 1714
1759 36 1707
1760 15 2
1761 22 2
1762 18 2
1763 23 2
1764 0 1
1765 9 2
1766 2 2
1767 3 2
1768 28 2
1769 39 2
1770 54 5
1771 24 4
1772 51 5
1773 31 5
1774 23 3
1775 26 3
1776 36 3
1777 16 2
1778 12 2
1779 5 3
1780 2 2
1781 17 3
1782 71 1681
1783 67 1682
1784 51 1718
1785 15 2
1786 1 2
1787 99 6
1788 39 6
1789 23 4
1790 36 6
1791 7 4
1792 67 6
1793 29 3
1794 18 3
1795 9 3
1796 9 2
1797 44 2
1798 29 5
1799 12 5
300 32 1686
301 29 1708
302 29 1697
303 30 1718
304 27 1722
305 33 1688
306 26 1713
307 28 1701
308 34 1701
309 29 1704
310 35 1709
311 33 1700
312 33 1716
313 36 1722
314 34 1720
315 32 1700
316 28 1707
317 28 1658
318 30 1686
319 31 1677
320 28 1678
321 37 1702
322 29 1696
323 28 1747
324 31 1696
325 26 1662
326 28 1688
327 24 1713
328 33 1705
329 30 1721
330 31 1687
331 28 1685
332 36 1691
333 27 1685
334 31 1697
335 39 1720
336 28 1675
337 35 1697
338 26 1685
339 25 1697
340 28 1708
341 36 1726
342 29 1709
343 32 1690
344 35 1665
345 32 1702
346 33 1721
347 30 1698
348 36 1670
349 49 1703
350 28 1718
351 26 1700
352 28 1657
353 32 1693
354 32 1702
355 32 1721
356 38 1707
357 36 1661
358 38 1712
359 33 1686
360 30 1714
361 27 1698
362 32 1676
363 29 1714
364 34 1689
365 35 1689
366 25 1688
367 29 1695
368 28 1721
369 31 1693
370 26 1668
371 33 1722
372 30 1726
373 28 1721
374 28 1698
375 29 1697
376 35 1726
377 26 1680
378 30 1708
379 34 1669
380 36 1690
381 33 1703
382 31 1682
383 24 1703
384 37 1743
385 24 1691
386 30 1704
387 29 1695
388 38 1708
389 33 1709
390 28 1689
391 29 1748
392 40 1676
393 36 1710
394 33 1684
395 36 1695
396 33 1695
397 28 1728
398 28 1697
399 51 1719
1600 41 1702
1601 31 1691
1602 39 1728
1603 36 1709
1604 39 1725
1605 26 1696
1606 28 1696
1607 30 1688
1608 0 1
1609 29 1681
1610 34 1701
1611 39 1687
1612 31 1699
1613 33 1689
1614 31 1685
1615 36 1724
1616 38 1697
1617 31 1687
1618 40 1696
1619 35 1723
1620 40 1706
1621 41 1709
1622 35 1687
1623 39 1699
1624 30 1690
1625 32 1710
1626 28 1714
1627 31 1707
1628 40 1714
1629 77 1691
1630 45 1692
1631 36 1698
1632 41 1686
1633 34 1696
1634 38 1682
1635 52 1702
1636 38 1681
1637 33 1717
1638 41 1723
1639 50 1703
1640 67 1717
1641 14 3
1642 42 1709
1643 30 1697
1644 39 1707
1645 31 1706
1646 43 1705
1647 35 1696
1648 31 1708
1649 28 1684
1650 30 1731
1651 49 1681
1652 36 1721
1653 74 1727
1654 56 1692
1655 45 1702
1656 44 1718
1657 79 1698
1658 32 1701
1659 31 1708
1660 25 1666
1661 56 1695
1662 34 1670
1663 30 1659
1664 36 1691
1665 135 1707
1666 40 1709
1667 34 1675
1668 35 1717
1669 34 1693
1670 33 1704
1671 28 1691
1672 41 1708
1673 66 1680
1674 35 1676
1675 70 1687
1676 33 1678
1677 31 1716
1678 38 1671
1679 46 1661
1680 43 1715
1681 51 1698
1682 41 1705
1683 0 1
1684 40 1678
1685 36 1662
1686 39 1696
1687 55 1694
1688 40 1693
1689 53 1716
1690 48 1679
1691 39 1700
1692 30 1704
1693 95 1688
1694 54 1707
1695 0 1
1696 75 1662
1697 32 1698
1698 36 1705
1699 36 1710
0 28 1716
1 30 1695
2 33 1686
3 31 1705
4 26 1707
5 27 1712
6 30 1699
7 36 1693
8 27 1704
9 28 1678
10 31 1681
11 28 1674
12 33 1689
13 35 1707
14 30 1726
15 25 1705
16 34 1712
17 29 1672
18 25 1667
19 32 1703
20 32 1711
21 26 1690
22 30 1734
23 33 1703
24 26 1722
25 31 1722
26 29 1717
27 33 1707
28 26 1718
29 26 1680
30 29 1714
31 32 1709
32 27 1681
33 35 1713
34 32 1740
35 34 1731
36 33 1710
37 32 1704
38 32 1670
39 28 1699
40 30 1695
41 28 1685
42 32 1701
43 30 1704
44 31 1697
45 28 1721
46 29 1696
47 29 1686
48 31 1703
49 30 1718
50 31 1699
51 29 1707
52 35 1699
53 26 1717
54 29 1696
55 35 1676
56 24 1681
57 30 1733
58 29 1719
59 37 1701
60 38 1710
61 36 1722
62 31 1702
63 42 1662
64 32 1709
65 31 1692
66 27 1694
67 27 1688
68 31 1692
69 27 1727
70 35 1726
71 31 1681
72 32 1692
73 31 1704
74 27 1716
75 42 1687
76 31 1702
77 35 1695
78 29 1710
79 47 1701
80 0 1
81 33 1677
82 34 1718
83 33 1713
84 37 1716
85 32 1739
86 32 1676
87 32 1720
88 27 1692
89 25 1692
90 35 1718
91 38 1704
92 28 1666
93 27 1709
94 28 1698
95 27 1712
96 31 1681
97 33 1716
98 29 1699
99 35 1701
400 30 1719
401 67 1691
402 37 1673
403 44 1726
404 30 1688
405 30 1726
406 30 1683
407 27 1708
408 32 1672
409 32 1679
410 29 1706
411 34 1694
412 28 1715
413 32 1686
414 35 1692
415 35 1717
416 32 1700
417 41 1711
418 23 1690
419 33 1675
420 30 1704
421 29 1733
422 32 1690
423 30 1715
424 31 1699
425 40 1700
426 30 1701
427 32 1709
428 29 1705
429 34 1701
430 32 1717
431 36 1670
432 27 1710
433 32 1706
434 39 1727
435 47 1701
436 30 1718
437 30 1719
438 27 1646
439 30 1718
440 44 1698
441 36 1681
442 31 1689
443 35 1693
444 38 1726
445 37 1697
446 50 1728
447 51 1709
448 44 1677
449 35 1703
450 30 1691
451 29 1659
452 31 1681
453 35 1678
454 27 1690
455 28 1700
456 31 1686
457 36 1680
458 27 1723
459 28 1702
460 30 1713
461 32 1700
462 32 1718
463 31 1720
464 30 1686
465 28 1708
466 30 1700
467 26 1706
468 27 1690
469 30 1703
470 29 1705
471 24 1676
472 27 1710
473 28 1705
474 28 1684
475 31 1715
476 28 1746
477 29 1696
478 31 1737
479 27 1722
480 28 1710
481 32 1701
482 29 1674
483 29 1706
484 30 1682
485 37 1694
486 32 1667
487 34 1698
488 27 1696
489 33 1695
490 36 1694
491 33 1699
492 28 1710
493 31 1708
494 32 1692
495 35 1704
496 34 1697
497 37 1684
498 30 1700
499 33 1731
2000 6 3
2001 11 3
2002 13 3
2003 13 3
2004 0 1
2005 10 3
2006 0 1
2007 17 2
2008 2 2
2009 32 2
2010 0 1
2011 40 2
2012 13 2
2013 29 2
2014 23 3
2015 31 4
2016 28 4
2017 11 3
2018 8 5
2019 5 5
2020 19 5
2021 13 5
2022 11 5
2023 38 3
2024 6 2
2025 51 2
2026 26 3
2027 15 3
2028 0 1
2029 32 2
2030 40 2
2031 23 2
2032 6 2
2033 37 1710
2034 48 1695
2035 83 1707
2036 14 12
2037 17 13
2038 6 13
2039 17 12
2040 13 13
2041 10 13
2042 7 12
2043 10 13
2044 16 12
2045 11 13
2046 12 13
2047 6 13
2048 8 13
2049 82 1725
2050 55 1682
2051 38 1671
2052 31 1731
2053 31 1712
2054 33 1706
2055 35 1704
2056 32 1710
2057 35 1703
2058 50 1712
2059 47 1729
2060 35 1703
2061 38 1720
2062 58 1689
2063 48 1693
2064 34 1697
2065 56 1710
2066 42 1701
2067 43 1708
2068 64 1733
2069 35 1727
2070 42 1703
2071 60 1676
2072 32 1677
2073 30 1691
2074 37 1720
2075 32 1684
2076 29 1700
2077 32 1686
2078 35 1712
2079 29 1697
2080 28 1706
2081 37 1679
2082 34 1699
2083 31 1737
2084 32 1716
2085 34 1673
2086 31 1689
2087 36 1690
2088 53 1686
2089 73 2
2090 24 2
2091 12 5
2092 18 5
2093 7 5
2094 22 5
2095 17 5
2096 99 1689
2097 30 3
2098 25 3
2099 34 3
200 32 1712
201 29 1720
202 28 1727
203 33 1713
204 39 1700
205 29 1706
206 33 1692
207 26 1690
208 29 1690
209 32 1677
210 26 1705
211 26 1673
212 33 1677
213 28 1706
214 31 1710
215 28 1718
216 25 1678
217 28 1663
218 26 1715
219 28 1699
220 31 1682
221 31 1691
222 26 1706
223 34 1716
224 27 1718
225 32 1698
226 34 1717
227 32 1702
228 30 1689
229 29 1714
230 31 1703
231 32 1697
232 28 1701
233 39 1703
234 34 1690
235 31 1715
236 34 1701
237 45 1660
238 57 1695
239 27 1704
240 28 1719
241 39 1688
242 29 1701
243 29 1697
244 29 1706
245 35 1681
246 34 1707
247 52 1697
248 33 1679
249 24 1676
250 32 1700
251 28 1693
252 32 1725
253 28 1690
254 34 1687
255 34 1712
256 29 1681
257 32 1700
258 28 1700
259 27 1694
260 31 1696
261 28 1672
262 36 1694
263 32 1694
264 34 1723
265 38 1692
266 25 1675
267 34 1691
268 28 1704
269 28 1706
270 30 1729
271 26 1712
272 29 1678
273 30 1693
274 28 1667
275 32 1690
276 26 1695
277 26 1681
278 24 1690
279 29 1674
280 35 1695
281 28 1679
282 31 1699
283 32 1712
284 29 1717
285 29 1734
286 28 1724
287 26 1707
288 23 1675
289 27 1702
290 31 1698
291 31 1710
292 25 1696
293 28 1705
294 31 1733
295 28 1688
296 29 1676
297 31 1702
298 43 1703
299 26 1709
500 37 1714
501 29 1727
502 31 1722
503 30 1713
504 33 1714
505 36 1710
506 34 1696
507 30 1701
508 26 1723
509 39 1679
510 32 1694
511 30 1696
512 38 1717
513 29 1681
514 32 1700
515 32 1695
516 31 1686
517 31 1676
518 30 1683
519 39 1671
520 26 1711
521 49 1667
522 30 1710
523 35 1719
524 26 1693
525 31 1684
526 32 1697
527 34 1699
528 32 1715
529 31 1672
530 41 1716
531 29 1697
532 29 1713
533 46 1699
534 31 1713
535 35 1686
536 30 1691
537 36 1709
538 29 1702
539 35 1715
540 34 1705
541 32 1665
542 34 1715
543 44 1707
544 28 1691
545 34 1687
546 36 1725
547 36 1700
548 33 1700
549 32 1706
550 46 1706
551 31 1727
552 32 1688
553 28 1728
554 38 1686
555 33 1721
556 30 1704
557 32 1710
558 42 1672
559 32 1666
560 34 1757
561 29 1713
562 31 1713
563 28 1722
564 25 1698
565 32 1686
566 51 1683
567 31 1706
568 32 1690
569 32 1724
570 29 1712
571 34 1678
572 31 1722
573 32 1700
574 32 1722
575 31 1696
576 23 1692
577 38 1709
578 29 1678
579 29 1709
580 31 1710
581 28 1682
582 29 1719
583 29 1703
584 33 1681
585 36 1668
586 31 1699
587 31 1702
588 30 1709
589 26 1701
590 43 1713
591 37 1723
592 30 1713
593 34 1665
594 31 1724
595 28 1698
596 35 1683
597 30 1695
598 28 1691
599 25 1720
900 32 1689
901 29 1721
902 34 1683
903 33 1716
904 31 1692
905 30 1685
906 34 1692
907 32 1721
908 27 1719
909 33 1695
910 29 1736
911 30 1697
912 29 1700
913 37 1677
914 43 1706
915 34 1678
916 26 1696
917 32 1723
918 32 1715
919 30 1683
920 32 1690
921 31 1714
922 29 1706
923 28 1708
924 30 1705
925 27 1671
926 31 1664
927 31 1700
928 31 1660
929 31 1702
930 37 1684
931 26 1683
932 39 1702
933 33 1681
934 28 1650
935 32 1714
936 30 1711
937 29 1671
938 35 1711
939 30 1718
940 35 1705
941 30 1717
942 32 1703
943 27 1743
944 26 1707
945 31 1701
946 28 1692
947 28 1705
948 31 1691
949 35 1690
950 28 1699
951 28 1711
952 30 1686
953 29 1675
954 30 1704
955 32 1722
956 28 1690
957 30 1725
958 31 1709
959 37 1707
960 29 1697
961 26 1699
962 29 1701
963 31 1675
964 33 1704
965 38 1650
966 38 1694
967 34 1687
968 34 1701
969 30 1690
970 29 1677
971 25 1708
972 27 1718
973 29 1703
974 34 1698
975 32 1721
976 34 1711
977 32 1692
978 37 1671
979 34 1723
980 35 1681
981 27 1703
982 48 1680
983 28 1697
984 36 1718
985 37 1686
986 0 1
987 37 1716
988 40 1706
989 44 1708
990 28 1694
991 0 1
992 35 1706
993 31 1731
994 29 1710
995 50 1702
996 31 1700
997 32 1692
998 26 1690
999 34 1698
1400 47 1720
1401 60 1708
1402 32 1684
1403 34 1719
1404 33 1709
1405 33 1688
1406 31 1690
1407 33 1694
1408 34 1671
1409 43 1732
1410 30 1704
1411 34 1701
1412 32 1704
1413 23 1664
1414 30 1701
1415 30 1699
1416 42 1694
1417 30 1689
1418 33 1697
1419 45 1722
1420 36 1699
1421 31 1713
1422 36 1708
1423 29 1723
1424 43 1687
1425 49 1689
1426 32 1686
1427 33 1671
1428 35 1716
1429 38 1699
1430 29 1675
1431 43 1721
1432 30 1696
1433 35 1713
1434 35 1710
1435 45 1722
1436 28 1698
1437 37 1702
1438 39 1695
1439 36 1714
1440 32 1689
1441 39 1670
1442 44 1700
1443 52 1710
1444 29 1717
1445 35 1665
1446 37 1705
1447 31 1702
1448 32 1684
1449 36 1670
1450 37 1737
1451 35 1696
1452 49 1705
1453 31 1679
1454 34 1704
1455 41 1670
1456 34 1719
1457 40 1718
1458 27 1725
1459 43 1680
1460 40 1700
1461 33 1703
1462 33 1708
1463 52 1689
1464 32 1695
1465 34 1721
1466 29 1681
1467 35 1676
1468 34 1694
1469 32 1685
1470 33 1696
1471 32 1718
1472 32 1698
1473 56 1707
1474 39 1714
1475 45 1683
1476 34 1713
1477 34 1706
1478 35 1685
1479 36 1706
1480 31 1688
1481 30 1685
1482 73 1681
1483 43 1689
1484 32 1709
1485 37 1687
1486 0 1
1487 31 1702
1488 28 1682
1489 46 1712
1490 36 1696
1491 24 1682
1492 42 1681
1493 30 1675
1494 32 1684
1495 36 1717
1496 57 1717
1497 33 1668
1498 32 1717
1499 38 1683
700 37 1683
701 35 1743
702 39 1691
703 27 1685
704 26 1698
705 32 1674
706 37 1669
707 28 1700
708 26 1702
709 30 1693
710 30 1694
711 28 1687
712 26 1664
713 35 1699
714 38 1708
715 32 1704
716 26 1714
717 34 1693
718 31 1700
719 30 1714
720 31 1711
721 32 1690
722 35 1730
723 38 1710
724 50 1747
725 41 1687
726 37 1721
727 33 1689
728 45 1683
729 34 1693
730 26 1692
731 33 1699
732 27 1686
733 35 1689
734 34 1702
735 28 1677
736 37 1705
737 39 1706
738 36 1697
739 27 1697
740 29 1710
741 31 1675
742 40 1720
743 34 1708
744 33 1723
745 32 1709
746 28 1679
747 29 1695
748 29 1696
749 37 1741
750 29 1699
751 29 1709
752 29 1685
753 35 1722
754 43 1695
755 43 1681
756 31 1729
757 34 1697
758 32 1697
759 33 1696
760 34 1723
761 30 1699
762 29 1722
763 32 1706
764 32 1678
765 35 1712
766 30 1700
767 27 1687
768 55 1691
769 50 1680
770 36 1706
771 28 1699
772 30 1707
773 30 1675
774 27 1665
775 29 1714
776 26 1699
777 30 1727
778 29 1681
779 30 1696
780 33 1704
781 26 1708
782 31 1718
783 31 1704
784 34 1699
785 28 1675
786 28 1681
787 25 1702
788 33 1686
789 37 1675
790 28 1679
791 35 1698
792 30 1675
793 29 1723
794 32 1688
795 32 1680
796 40 1713
797 31 1691
798 45 1699
799 34 1728
2200 52 4
2201 5 4
2202 21 4
2203 9 4
2204 39 2
2205 4 2
2206 34 1738
2207 34 1690
2208 45 1680
2209 115 1723
2210 58 1719
2211 47 1742
2212 52 1685
2213 6 2
2214 23 2
2215 5 3
2216 11 3
2217 24 3
2218 122 1696
2219 48 1688
2220 83 1695
2221 86 1709
2222 19 5
2223 7 5
2224 29 4
2225 27 5
2226 20 5
2227 17 2
2228 7 2
2229 0 1
2230 33 2
2231 50 1695
2232 70 1706
2233 34 1677
2234 46 1723
2235 47 1671
2236 38 1704
2237 41 1720
2238 46 1712
2239 45 1703
2240 90 1713
2241 0 1
2242 45 1700
2243 52 1700
2244 38 1682
2245 45 1684
2246 40 1705
2247 41 1683
2248 53 1696
2249 29 1689
2250 18 4
2251 23 4
2252 12 4
2253 2 3
2254 37 1671
2255 39 1688
2256 33 1689
2257 4 2
2258 2 2
2259 43 1724
2260 4 3
2261 2 2
2262 23 3
2263 45 1698
2264 64 3
2265 13 3
2266 12 3
2267 22 2
2268 7 2
2269 15 2
2270 29 2
2271 55 1668
2272 37 1723
2273 65 1739
2274 65 1704
2275 15 3
2276 9 3
2277 17 3
2278 26 2
2279 62 2
2280 36 3
2281 20 2
2282 7 3
2283 63 2
2284 11 3
2285 37 3
2286 35 1676
2287 39 1713
2288 49 1682
2289 21 2
2290 25 2
2291 49 1728
2292 17 2
2293 5 2
2294 31 1698
2295 39 1709
2296 0 1
2297 3 2
2298 39 1705
2299 71 1694
1300 30 1704
1301 31 1710
1302 30 1691
1303 36 1688
1304 32 1682
1305 28 1671
1306 38 1728
1307 31 1702
1308 0 1
1309 34 1673
1310 36 1663
1311 32 1707
1312 26 1662
1313 33 1716
1314 35 1697
1315 41 1701
1316 62 1702
1317 34 1734
1318 37 1663
1319 37 1700
1320 44 1681
1321 33 1704
1322 34 1712
1323 41 1718
1324 50 1671
1325 50 1690
1326 42 1713
1327 30 1724
1328 30 1660
1329 39 1710
1330 31 1671
1331 39 1671
1332 35 1697
1333 32 1718
1334 27 1714
1335 31 1707
1336 31 1706
1337 35 1700
1338 36 1680
1339 32 1700
1340 29 1690
1341 37 1702
1342 31 1705
1343 47 1747
1344 32 1720
1345 28 1735
1346 34 1670
1347 36 1730
1348 34 1711
1349 38 1713
1350 26 1716
1351 43 1675
1352 37 1700
1353 26 1718
1354 30 1707
1355 33 1697
1356 36 1727
1357 31 1713
1358 39 1712
1359 30 1706
1360 43 1712
1361 32 1705
1362 44 1712
1363 36 1689
1364 32 1717
1365 32 1680
1366 31 1687
1367 35 1688
1368 39 1715
1369 35 1709
1370 37 1696
1371 47 1700
1372 54 1696
1373 33 1692
1374 35 1704
1375 40 1702
1376 36 1700
1377 32 1706
1378 96 1684
1379 32 1672
1380 41 1704
1381 31 1696
1382 68 1700
1383 31 1699
1384 34 1705
1385 31 1694
1386 38 1696
1387 31 1702
1388 45 1709
1389 35 1670
1390 38 1693
1391 30 1640
1392 35 1686
1393 35 1664
1394 34 1701
1395 46 1730
1396 0 1
1397 33 1712
1398 52 1680
1399 44 1706
