1400 39 1679
1401 58 1705
1402 62 1705
1403 28 1682
1404 58 1694
1405 35 1708
1406 32 1733
1407 30 1701
1408 37 1683
1409 36 1674
1410 30 1672
1411 31 1725
1412 36 1697
1413 30 1690
1414 25 1694
1415 33 1674
1416 35 1698
1417 38 1697
1418 35 1714
1419 31 1671
1420 33 1686
1421 31 1725
1422 69 1701
1423 33 1699
1424 37 1680
1425 35 1696
1426 31 1713
1427 36 1712
1428 33 1688
1429 42 1697
1430 27 1690
1431 45 1718
1432 39 1693
1433 42 1653
1434 31 1712
1435 31 1706
1436 61 1680
1437 38 1678
1438 42 1668
1439 37 1682
1440 35 1701
1441 40 1660
1442 43 1658
1443 34 1707
1444 38 1690
1445 42 1686
1446 38 1724
1447 46 1698
1448 42 1714
1449 39 1689
1450 34 1680
1451 34 1713
1452 29 1717
1453 38 1669
1454 31 1710
1455 0 1
1456 32 1707
1457 35 1676
1458 30 1717
1459 35 1703
1460 48 1756
1461 39 1704
1462 51 1710
1463 30 1699
1464 28 1704
1465 35 1703
1466 30 1695
1467 38 1705
1468 33 1693
1469 27 1682
1470 29 1659
1471 31 1670
1472 26 1705
1473 55 1713
1474 38 1701
1475 35 1686
1476 41 1678
1477 31 1701
1478 41 1659
1479 39 1722
1480 45 1651
1481 44 1700
1482 0 1
1483 30 1675
1484 0 1
1485 37 1683
1486 31 1716
1487 29 1696
1488 57 1711
1489 33 1725
1490 27 1694
1491 33 1697
1492 46 1705
1493 30 1714
1494 50 1711
1495 31 1693
1496 92 1704
1497 30 1704
1498 38 1689
1499 33 1725
700 37 1708
701 38 1678
702 32 1738
703 33 1692
704 31 1698
705 28 1678
706 41 1706
707 35 1717
708 30 1732
709 37 1704
710 30 1698
711 31 1682
712 36 1691
713 31 1686
714 30 1692
715 28 1686
716 32 1729
717 28 1663
718 35 1690
719 29 1713
720 42 1719
721 36 1682
722 34 1683
723 32 1742
724 52 1703
725 26 1703
726 38 1693
727 32 1696
728 59 1668
729 30 1710
730 33 1678
731 31 1739
732 36 1693
733 33 1710
734 41 1728
735 31 1713
736 33 1700
737 0 1
738 27 1679
739 26 1687
740 32 1682
741 31 1715
742 34 1705
743 26 1728
744 34 1687
745 33 1685
746 29 1689
747 29 1730
748 31 1734
749 28 1705
750 57 1706
751 31 1668
752 29 1684
753 34 1695
754 33 1722
755 29 1697
756 34 1684
757 31 1718
758 33 1696
759 27 1690
760 44 1711
761 31 1727
762 34 1709
763 32 1715
764 35 1707
765 38 1691
766 36 1723
767 31 1698
768 28 1695
769 32 1717
770 43 1681
771 29 1699
772 30 1695
773 29 1700
774 30 1696
775 34 1708
776 28 1698
777 26 1689
778 31 1697
779 33 1679
780 28 1703
781 28 1687
782 33 1713
783 32 1696
784 36 1679
785 46 1687
786 29 1696
787 31 1690
788 34 1682
789 27 1720
790 32 1697
791 29 1706
792 30 1736
793 28 1722
794 27 1701
795 31 1700
796 28 1704
797 36 1710
798 34 1743
799 33 1672
900 30 1705
901 34 1661
902 28 1703
903 27 1706
904 33 1673
905 31 1707
906 31 1707
907 34 1727
908 28 1717
909 29 1746
910 31 1724
911 34 1691
912 31 1720
913 31 1723
914 29 1715
915 33 1707
916 26 1694
917 33 1694
918 28 1696
919 29 1702
920 26 1719
921 30 1713
922 31 1724
923 34 1710
924 31 1716
925 34 1697
926 31 1667
927 30 1706
928 32 1692
929 33 1681
930 32 1693
931 27 1687
932 31 1696
933 32 1704
934 31 1690
935 24 1670
936 32 1714
937 29 1741
938 36 1695
939 36 1711
940 29 1704
941 32 1719
942 36 1661
943 26 1723
944 28 1699
945 25 1711
946 30 1712
947 33 1683
948 29 1687
949 29 1695
950 28 1720
951 31 1726
952 34 1686
953 28 1681
954 31 1680
955 29 1680
956 30 1669
957 33 1709
958 28 1701
959 32 1701
960 35 1687
961 27 1727
962 28 1685
963 29 1696
964 39 1706
965 38 1698
966 36 1724
967 28 1710
968 30 1717
969 32 1674
970 32 1721
971 28 1692
972 28 1699
973 31 1702
974 28 1678
975 33 1708
976 32 1686
977 31 1709
978 29 1703
979 32 1707
980 36 1684
981 32 1666
982 41 1718
983 31 1717
984 27 1718
985 32 1689
986 32 1713
987 40 1689
988 36 1701
989 34 1689
990 37 1681
991 37 1712
992 72 1699
993 49 1683
994 38 1690
995 37 1710
996 34 1721
997 35 1708
998 29 1701
999 30 1697
0 31 1734
1 28 1711
2 29 1692
3 31 1709
4 36 1703
5 28 1695
6 31 1711
7 33 1718
8 31 1684
9 0 1
10 30 1700
11 30 1704
12 32 1714
13 33 1706
14 34 1690
15 29 1687
16 27 1714
17 28 1688
18 27 1698
19 35 1703
20 33 1662
21 26 1684
22 27 1699
23 26 1686
24 28 1708
25 34 1688
26 32 1690
27 29 1705
28 33 1705
29 25 1696
30 28 1698
31 28 1714
32 28 1705
33 30 1687
34 27 1679
35 27 1681
36 30 1708
37 29 1688
38 28 1687
39 29 1703
40 26 1715
41 29 1666
42 31 1694
43 28 1691
44 29 1690
45 33 1688
46 28 1729
47 28 1728
48 27 1698
49 31 1682
50 29 1700
51 29 1684
52 28 1671
53 28 1703
54 29 1693
55 28 1680
56 24 1717
57 30 1725
58 36 1679
59 32 1724
60 42 1708
61 34 1689
62 28 1702
63 29 1684
64 33 1701
65 28 1701
66 36 1712
67 31 1699
68 32 1717
69 30 1710
70 33 1695
71 41 1694
72 31 1707
73 34 1684
74 35 1722
75 29 1683
76 40 1689
77 37 1689
78 31 1706
79 32 1683
80 32 1716
81 31 1697
82 32 1691
83 28 1707
84 36 1709
85 35 1674
86 31 1673
87 32 1706
88 34 1691
89 31 1705
90 34 1706
91 34 1709
92 31 1694
93 31 1672
94 33 1702
95 27 1709
96 30 1697
97 30 1726
98 31 1688
99 29 1688
1300 31 1695
1301 30 1706
1302 31 1692
1303 31 1717
1304 28 1672
1305 0 1
1306 26 1717
1307 30 1696
1308 31 1729
1309 35 1718
1310 36 1705
1311 28 1705
1312 36 1669
1313 31 1669
1314 34 1693
1315 31 1703
1316 57 1696
1317 29 1707
1318 30 1716
1319 28 1707
1320 32 1740
1321 32 1697
1322 27 1695
1323 37 1692
1324 38 1685
1325 49 1673
1326 37 1714
1327 0 1
1328 38 1681
1329 37 1688
1330 32 1679
1331 46 1684
1332 33 1685
1333 35 1699
1334 33 1690
1335 26 1682
1336 30 1661
1337 31 1696
1338 35 1684
1339 38 1713
1340 26 1699
1341 31 1692
1342 34 1701
1343 29 1700
1344 35 1710
1345 38 1684
1346 37 1688
1347 30 1714
1348 42 1684
1349 36 1688
1350 33 1716
1351 49 1683
1352 34 1702
1353 0 1
1354 27 1707
1355 32 1743
1356 0 1
1357 32 1678
1358 43 1706
1359 32 1726
1360 53 1706
1361 39 1698
1362 26 1668
1363 35 1687
1364 30 1699
1365 41 1699
1366 39 1709
1367 48 1701
1368 40 1718
1369 35 1691
1370 33 1705
1371 38 1687
1372 54 1696
1373 68 1696
1374 31 1684
1375 32 1692
1376 40 1669
1377 35 1680
1378 39 1744
1379 71 1691
1380 38 1691
1381 28 1704
1382 43 1686
1383 28 1668
1384 37 1735
1385 32 1676
1386 28 1722
1387 34 1757
1388 40 1760
1389 27 1732
1390 36 1697
1391 33 1723
1392 33 1649
1393 32 1713
1394 34 1711
1395 36 1694
1396 28 1668
1397 30 1688
1398 31 1731
1399 49 1705
2200 0 1
2201 11 4
2202 6 4
2203 13 4
2204 13 2
2205 3 2
2206 35 1705
2207 31 1682
2208 46 1736
2209 41 1712
2210 54 1709
2211 43 1692
2212 37 1710
2213 2 2
2214 27 2
2215 27 3
2216 13 3
2217 5 3
2218 54 1689
2219 57 1731
2220 67 1663
2221 122 1725
2222 13 5
2223 15 5
2224 12 5
2225 17 5
2226 14 5
2227 18 2
2228 18 2
2229 2 2
2230 24 2
2231 86 1717
2232 47 1667
2233 43 1712
2234 37 1695
2235 46 1708
2236 37 1696
2237 31 1713
2238 49 1716
2239 38 1736
2240 62 3
2241 71 1727
2242 36 1692
2243 33 1709
2244 0 1
2245 51 1682
2246 59 1696
2247 44 1696
2248 81 1686
2249 34 1680
2250 11 4
2251 32 4
2252 25 4
2253 4 4
2254 33 1681
2255 34 1705
2256 0 1
2257 16 2
2258 1 2
2259 63 1683
2260 0 1
2261 9 3
2262 20 3
2263 72 1674
2264 71 2
2265 19 3
2266 57 3
2267 66 2
2268 42 2
2269 31 2
2270 6 2
2271 13 5
2272 12 4
2273 37 1708
2274 51 1710
2275 20 3
2276 30 3
2277 45 3
2278 21 2
2279 0 1
2280 5 3
2281 10 3
2282 19 3
2283 0 1
2284 8 3
2285 31 2
2286 35 1686
2287 52 1701
2288 47 1675
2289 4 2
2290 5 2
2291 34 1713
2292 44 2
2293 7 2
2294 37 1709
2295 33 1689
2296 45 2
2297 17 2
2298 78 1702
2299 0 1
1600 53 1704
1601 46 1723
1602 35 1689
1603 36 1686
1604 0 1
1605 42 1699
1606 43 1680
1607 31 1727
1608 47 1712
1609 42 1658
1610 32 1695
1611 31 1667
1612 60 1718
1613 31 1717
1614 118 1693
1615 41 1722
1616 35 1689
1617 35 1726
1618 47 1702
1619 41 1725
1620 69 1712
1621 39 1712
1622 35 1699
1623 0 1
1624 0 1
1625 41 1690
1626 30 1687
1627 31 1702
1628 54 1670
1629 39 1695
1630 79 1692
1631 30 1694
1632 30 1670
1633 57 1692
1634 50 1713
1635 59 1694
1636 37 1692
1637 29 1708
1638 37 1689
1639 32 1719
1640 30 1721
1641 43 1687
1642 56 1697
1643 39 1686
1644 52 1717
1645 41 1712
1646 38 1696
1647 28 1688
1648 29 1690
1649 27 1686
1650 28 1672
1651 35 1686
1652 30 1690
1653 27 1706
1654 33 1697
1655 27 1712
1656 34 1737
1657 34 1684
1658 35 1708
1659 31 1693
1660 32 1720
1661 31 1723
1662 37 1673
1663 63 1711
1664 56 1737
1665 45 1703
1666 45 1678
1667 35 1680
1668 63 1698
1669 47 1682
1670 30 1667
1671 35 1706
1672 0 1
1673 46 1706
1674 87 1726
1675 55 1715
1676 30 1690
1677 55 1707
1678 48 1697
1679 39 1686
1680 34 1697
1681 49 1714
1682 32 1703
1683 33 1696
1684 31 1696
1685 41 1678
1686 40 1657
1687 56 1708
1688 44 1703
1689 49 1737
1690 39 1714
1691 66 1683
1692 29 1685
1693 62 1696
1694 34 1699
1695 57 1696
1696 44 1710
1697 0 1
1698 30 1681
1699 36 1731
300 26 1670
301 32 1677
302 29 1717
303 28 1720
304 29 1673
305 31 1691
306 29 1706
307 29 1719
308 25 1703
309 28 1691
310 30 1680
311 32 1718
312 26 1663
313 26 1680
314 37 1710
315 31 1702
316 27 1701
317 28 1666
318 26 1661
319 29 1696
320 27 1694
321 26 1675
322 28 1709
323 29 1672
324 32 1715
325 35 1723
326 26 1733
327 31 1710
328 31 1705
329 28 1686
330 34 1676
331 32 1715
332 30 1710
333 34 1699
334 31 1708
335 35 1701
336 30 1680
337 27 1710
338 31 1702
339 0 1
340 30 1694
341 34 1707
342 39 1695
343 31 1695
344 27 1668
345 30 1688
346 27 1717
347 36 1680
348 32 1724
349 35 1703
350 33 1724
351 25 1676
352 41 1697
353 35 1709
354 29 1725
355 31 1713
356 35 1713
357 32 1730
358 82 1699
359 32 1697
360 42 1666
361 29 1695
362 25 1692
363 29 1716
364 32 1693
365 42 1705
366 31 1695
367 25 1704
368 26 1668
369 30 1720
370 37 1695
371 36 1669
372 32 1680
373 31 1722
374 31 1698
375 32 1673
376 35 1701
377 36 1707
378 33 1701
379 31 1697
380 28 1730
381 32 1685
382 31 1692
383 33 1708
384 33 1695
385 27 1671
386 44 1715
387 29 1715
388 31 1696
389 33 1691
390 31 1694
391 28 1677
392 32 1686
393 35 1676
394 39 1694
395 29 1708
396 27 1700
397 33 1694
398 37 1669
399 33 1711
1100 45 1723
1101 46 1737
1102 29 1718
1103 35 1685
1104 34 1670
1105 28 1718
1106 25 1681
1107 31 1717
1108 26 1709
1109 25 1681
1110 36 1700
1111 33 1711
1112 42 1693
1113 35 1697
1114 41 1712
1115 42 1720
1116 29 1693
1117 31 1709
1118 34 1685
1119 34 1710
1120 27 1667
1121 35 1737
1122 0 1
1123 33 1705
1124 71 1680
1125 33 1639
1126 33 1720
1127 0 1
1128 39 1699
1129 37 1699
1130 28 1717
1131 31 1739
1132 32 1713
1133 31 1710
1134 35 1727
1135 30 1732
1136 34 1693
1137 29 1717
1138 34 1680
1139 35 1698
1140 42 1701
1141 29 1687
1142 50 1700
1143 32 1711
1144 39 1735
1145 30 1693
1146 71 1689
1147 50 1719
1148 36 1700
1149 29 1714
1150 43 1694
1151 37 1691
1152 29 1714
1153 32 1737
1154 30 1689
1155 27 1696
1156 30 1730
1157 36 1676
1158 26 1699
1159 29 1698
1160 47 1739
1161 39 1697
1162 44 1712
1163 30 1653
1164 29 1692
1165 30 1698
1166 31 1693
1167 29 1692
1168 35 1688
1169 42 1682
1170 29 1702
1171 35 1700
1172 32 1701
1173 35 1720
1174 36 1675
1175 30 1706
1176 27 1682
1177 57 1694
1178 31 1725
1179 32 1712
1180 38 1692
1181 29 1701
1182 37 1692
1183 36 1696
1184 34 1698
1185 28 1693
1186 32 1688
1187 30 1679
1188 32 1690
1189 31 1719
1190 33 1697
1191 30 1727
1192 29 1722
1193 33 1715
1194 28 1705
1195 29 1705
1196 28 1700
1197 34 1731
1198 33 1712
1199 34 1681
1700 52 1699
1701 76 1700
1702 49 1729
1703 62 1699
1704 41 1723
1705 42 1689
1706 37 1696
1707 33 1700
1708 32 1727
1709 69 1695
1710 122 1709
1711 26 1684
1712 46 1701
1713 54 1687
1714 77 1701
1715 39 1688
1716 34 1702
1717 48 1705
1718 48 1726
1719 38 1711
1720 45 1689
1721 41 1704
1722 36 1701
1723 50 1687
1724 36 1693
1725 39 1738
1726 33 1709
1727 30 1716
1728 41 1708
1729 35 1705
1730 32 1670
1731 31 2
1732 41 1676
1733 91 1694
1734 51 1732
1735 37 1709
1736 39 1705
1737 32 1660
1738 51 1702
1739 36 1715
1740 59 1719
1741 39 1679
1742 46 1699
1743 54 1677
1744 5 2
1745 0 1
1746 24 2
1747 17 2
1748 2 2
1749 4 2
1750 0 1
1751 15 2
1752 41 4
1753 13 4
1754 35 3
1755 23 4
1756 6 2
1757 0 1
1758 92 1706
1759 53 1697
1760 16 2
1761 6 2
1762 21 2
1763 15 2
1764 10 2
1765 3 2
1766 29 2
1767 65 2
1768 16 2
1769 63 2
1770 12 5
1771 55 5
1772 16 5
1773 42 4
1774 24 3
1775 18 3
1776 7 3
1777 7 2
1778 5 2
1779 12 3
1780 15 3
1781 8 3
1782 85 1675
1783 57 1723
1784 46 1681
1785 37 2
1786 67 2
1787 121 5
1788 45 5
1789 17 6
1790 81 5
1791 50 5
1792 51 6
1793 6 3
1794 9 3
1795 30 3
1796 45 2
1797 7 2
1798 10 5
1799 14 5
1800 15 5
1801 9 5
1802 9 5
1803 0 1
1804 30 2
1805 4 2
1806 1 2
1807 6 2
1808 41 2
1809 6 2
1810 30 2
1811 1 2
1812 33 2
1813 11 2
1814 39 2
1815 0 1
1816 65 2
1817 19 3
1818 16 3
1819 8 3
1820 7 2
1821 1 2
1822 10 3
1823 40 3
1824 32 3
1825 18 4
1826 14 4
1827 12 4
1828 16 4
1829 35 2
1830 24 2
1831 23 2
1832 7 3
1833 13 3
1834 1 2
1835 4 2
1836 17 2
1837 0 1
1838 45 6
1839 46 7
1840 19 6
1841 11 4
1842 23 5
1843 42 7
1844 38 1701
1845 38 1716
1846 35 1721
1847 34 1690
1848 40 1709
1849 44 1687
1850 36 1717
1851 31 1684
1852 41 1703
1853 52 1715
1854 41 1684
1855 42 1686
1856 36 1702
1857 40 1702
1858 31 1697
1859 41 1677
1860 33 1690
1861 12 5
1862 8 4
1863 15 5
1864 16 5
1865 14 5
1866 40 8
1867 25 8
1868 21 8
1869 17 6
1870 38 8
1871 11 2
1872 8 2
1873 39 2
1874 2 2
1875 17 2
1876 0 1
1877 10 2
1878 13 2
1879 2 3
1880 11 3
1881 10 3
1882 39 3
1883 13 3
1884 4 3
1885 6 2
1886 2 2
1887 43 1712
1888 42 1712
1889 54 1698
1890 57 1704
1891 50 1694
1892 19 5
1893 30 5
1894 28 4
1895 22 4
1896 8 5
1897 28 7
1898 12 8
1899 50 8
2000 6 3
2001 9 2
2002 27 3
2003 22 3
2004 26 3
2005 31 3
2006 0 1
2007 0 1
2008 0 1
2009 4 2
2010 11 2
2011 34 2
2012 1 2
2013 4 2
2014 7 4
2015 20 4
2016 31 4
2017 43 4
2018 9 5
2019 6 4
2020 27 5
2021 15 5
2022 11 4
2023 16 3
2024 5 2
2025 26 3
2026 28 3
2027 25 3
2028 9 3
2029 12 2
2030 3 2
2031 12 2
2032 18 2
2033 36 1696
2034 38 1684
2035 117 1696
2036 10 12
2037 9 13
2038 12 13
2039 9 13
2040 10 13
2041 7 13
2042 9 13
2043 12 13
2044 6 12
2045 7 11
2046 9 13
2047 10 11
2048 6 13
2049 0 1
2050 68 1725
2051 39 1696
2052 35 1699
2053 35 1700
2054 28 1701
2055 31 1698
2056 35 1694
2057 32 1686
2058 60 1711
2059 54 1693
2060 61 1697
2061 39 1709
2062 49 1698
2063 50 1708
2064 38 1675
2065 46 1696
2066 40 1685
2067 56 1698
2068 46 1688
2069 71 1697
2070 41 1678
2071 61 1713
2072 36 1668
2073 34 1724
2074 36 1678
2075 32 1692
2076 31 1677
2077 38 1680
2078 30 1702
2079 33 1714
2080 35 1681
2081 32 1690
2082 34 1711
2083 28 1714
2084 36 1709
2085 29 1671
2086 29 1669
2087 31 1692
2088 0 1
2089 14 2
2090 18 2
2091 15 5
2092 16 5
2093 14 5
2094 9 4
2095 9 5
2096 80 1688
2097 29 3
2098 0 1
2099 0 1
400 30 1736
401 43 1669
402 39 1696
403 37 1713
404 26 1693
405 33 1700
406 32 1708
407 36 1707
408 25 1709
409 31 1699
410 33 1694
411 31 1701
412 28 1707
413 29 1685
414 30 1695
415 27 1651
416 34 1698
417 29 1682
418 27 1713
419 31 1669
420 33 1696
421 29 1715
422 31 1691
423 29 1721
424 30 1713
425 31 1706
426 38 1699
427 37 1707
428 33 1685
429 36 1692
430 32 1705
431 37 1686
432 34 1707
433 41 1719
434 42 1714
435 40 1713
436 36 1683
437 33 1705
438 31 1719
439 35 1691
440 38 1699
441 34 1703
442 31 1669
443 47 1718
444 40 1683
445 58 1702
446 31 1651
447 36 1668
448 33 1713
449 32 1715
450 33 1713
451 33 1707
452 33 1716
453 29 1718
454 29 1702
455 24 1706
456 28 1717
457 27 1717
458 32 1732
459 35 1676
460 31 1697
461 26 1695
462 27 1711
463 31 1675
464 26 1724
465 31 1705
466 33 1706
467 24 1683
468 34 1739
469 30 1670
470 32 1695
471 27 1674
472 29 1678
473 23 1700
474 30 1695
475 33 1710
476 27 1699
477 31 1692
478 29 1688
479 25 1690
480 28 1705
481 26 1701
482 30 1721
483 34 1696
484 33 1701
485 31 1716
486 31 1664
487 30 1682
488 33 1710
489 39 1707
490 33 1708
491 26 1721
492 29 1724
493 32 1696
494 30 1736
495 32 1717
496 29 1692
497 29 1689
498 31 1680
499 28 1689
500 35 1665
501 33 1712
502 24 1675
503 33 1682
504 36 1683
505 35 1719
506 39 1683
507 33 1662
508 33 1688
509 30 1679
510 33 1698
511 34 1699
512 28 1702
513 33 1702
514 31 1735
515 30 1718
516 34 1690
517 35 1705
518 28 1721
519 38 1692
520 33 1677
521 32 1708
522 32 1697
523 33 1698
524 31 1696
525 31 1679
526 29 1699
527 47 1704
528 37 1686
529 34 1697
530 44 1678
531 28 1707
532 24 1689
533 29 1686
534 39 1723
535 35 1667
536 36 1718
537 27 1712
538 33 1687
539 29 1678
540 34 1722
541 40 1708
542 34 1696
543 39 1693
544 39 1674
545 33 1718
546 42 1701
547 29 1736
548 34 1693
549 49 1664
550 0 1
551 30 1735
552 30 1706
553 28 1699
554 40 1704
555 31 1727
556 30 1689
557 34 1675
558 42 1691
559 34 1704
560 36 1694
561 29 1734
562 33 1696
563 31 1711
564 28 1712
565 31 1692
566 46 1729
567 30 1705
568 35 1668
569 34 1686
570 36 1700
571 31 1712
572 31 1702
573 32 1720
574 36 1698
575 31 1684
576 31 1668
577 28 1730
578 26 1706
579 35 1705
580 32 1667
581 26 1682
582 33 1692
583 27 1696
584 31 1710
585 33 1696
586 29 1696
587 30 1718
588 28 1724
589 30 1706
590 36 1706
591 41 1708
592 30 1708
593 45 1688
594 32 1688
595 32 1718
596 28 1728
597 32 1716
598 29 1710
599 30 1688
200 32 1682
201 33 1674
202 37 1664
203 29 1679
204 29 1726
205 33 1679
206 30 1721
207 33 1695
208 29 1708
209 35 1693
210 33 1703
211 27 1684
212 32 1690
213 27 1702
214 33 1723
215 31 1689
216 35 1672
217 36 1700
218 33 1687
219 29 1701
220 32 1675
221 30 1697
222 31 1727
223 36 1679
224 29 1678
225 34 1742
226 29 1699
227 30 1683
228 33 1720
229 34 1712
230 29 1678
231 42 1716
232 29 1694
233 38 1701
234 43 1691
235 31 1696
236 43 1718
237 42 1728
238 35 1694
239 34 1688
240 30 1706
241 36 1695
242 28 1706
243 36 1687
244 36 1712
245 27 1697
246 31 1674
247 33 1726
248 31 1709
249 27 1711
250 29 1731
251 34 1684
252 26 1693
253 36 1695
254 29 1690
255 31 1698
256 37 1706
257 35 1700
258 32 1711
259 30 1713
260 29 1686
261 28 1693
262 33 1671
263 32 1699
264 40 1707
265 28 1686
266 34 1669
267 28 1698
268 31 1711
269 26 1686
270 25 1694
271 26 1709
272 27 1702
273 27 1713
274 27 1707
275 30 1672
276 30 1724
277 28 1689
278 27 1677
279 27 1696
280 31 1710
281 35 1680
282 31 1691
283 33 1708
284 26 1715
285 30 1703
286 31 1705
287 29 1674
288 27 1698
289 33 1683
290 28 1695
291 28 1732
292 33 1711
293 26 1715
294 25 1708
295 29 1703
296 30 1723
297 26 1710
298 28 1719
299 32 1679
2100 34 2
2101 5 2
2102 41 1699
2103 3 3
2104 24 3
2105 12 3
2106 10 2
2107 64 2
2108 8 2
2109 8 2
2110 34 1716
2111 32 1707
2112 27 3
2113 4 3
2114 17 3
2115 2 2
2116 12 2
2117 16 2
2118 9 2
2119 76 1713
2120 12 2
2121 70 2
2122 44 2
2123 36 2
2124 0 1
2125 25 2
2126 10 2
2127 1 2
2128 30 3
2129 8 3
2130 39 3
2131 38 1716
2132 41 1695
2133 95 1709
2134 37 1687
2135 69 2
2136 7 2
2137 0 1
2138 15 2
2139 15 2
2140 18 2
2141 33 2
2142 46 1720
2143 37 1683
2144 32 1707
2145 67 1687
2146 45 1685
2147 36 1693
2148 69 1722
2149 40 1706
2150 42 1687
2151 37 1708
2152 32 1671
2153 38 1716
2154 32 1668
2155 2 2
2156 0 1
2157 60 1727
2158 17 2
2159 93 2
2160 39 1714
2161 51 1675
2162 58 1703
2163 14 2
2164 10 2
2165 49 1656
2166 58 1698
2167 35 1712
2168 34 1689
2169 7 2
2170 33 1685
2171 36 1696
2172 10 2
2173 4 2
2174 41 1677
2175 34 1706
2176 15 4
2177 3 3
2178 10 3
2179 0 1
2180 55 2
2181 9 2
2182 53 1676
2183 51 1703
2184 35 1732
2185 45 1688
2186 46 1704
2187 33 1686
2188 40 1675
2189 47 1711
2190 41 1689
2191 45 1712
2192 53 1682
2193 72 1702
2194 4 2
2195 5 2
2196 15 3
2197 36 3
2198 8 3
2199 39 1686
1000 40 1706
1001 32 1692
1002 27 1677
1003 0 1
1004 38 1706
1005 34 1675
1006 31 1711
1007 37 1707
1008 35 1695
1009 36 1691
1010 32 1695
1011 34 1710
1012 35 1697
1013 46 1685
1014 33 1728
1015 30 1691
1016 29 1696
1017 38 1713
1018 31 1722
1019 34 1697
1020 34 1725
1021 37 1692
1022 36 1709
1023 30 1690
1024 27 1677
1025 31 1696
1026 34 1706
1027 36 1726
1028 32 1701
1029 28 1687
1030 34 1696
1031 28 1709
1032 33 1670
1033 34 1685
1034 30 1709
1035 29 1679
1036 41 1680
1037 36 1675
1038 31 1687
1039 32 1706
1040 33 1699
1041 34 1701
1042 46 1687
1043 27 1682
1044 28 1701
1045 34 1722
1046 30 1674
1047 29 1701
1048 25 1701
1049 27 1684
1050 32 1715
1051 38 1672
1052 30 1732
1053 32 1686
1054 29 1715
1055 32 1676
1056 31 1687
1057 33 1710
1058 35 1714
1059 30 1713
1060 35 1706
1061 27 1672
1062 30 1689
1063 37 1709
1064 33 1685
1065 29 1705
1066 31 1699
1067 33 1717
1068 37 1690
1069 28 1701
1070 29 1689
1071 35 1678
1072 30 1679
1073 36 1705
1074 40 1678
1075 33 1704
1076 33 1723
1077 54 1674
1078 35 1712
1079 35 1691
1080 35 1731
1081 32 1694
1082 32 1690
1083 28 1688
1084 36 1679
1085 32 1687
1086 32 1680
1087 28 1721
1088 34 1681
1089 30 1708
1090 30 1698
1091 38 1672
1092 38 1683
1093 32 1727
1094 39 1675
1095 35 1704
1096 39 1678
1097 33 1702
1098 37 1717
1099 38 1700
2400 39 1683
2401 0 1
2402 49 1705
2403 8 5
2404 11 5
2405 5 5
2406 20 5
2407 25 5
2408 9 2
2409 4 2
2410 51 1707
2411 37 1699
2412 39 1755
2413 47 1729
2414 51 1686
2415 75 1724
2416 105 1695
2417 52 1730
2418 52 1697
2419 39 1708
2420 55 1713
2421 36 1706
2422 40 1693
2423 36 1717
2424 64 1687
2425 45 1711
1900 9 5
1901 11 5
1902 5 4
1903 13 5
1904 14 5
1905 0 1
1906 0 1
1907 42 1688
1908 19 2
1909 1 2
1910 22 4
1911 13 4
1912 10 4
1913 31 3
1914 79 7
1915 27 10
1916 48 10
1917 10 6
1918 78 8
1919 9 9
1920 23 9
1921 12 6
1922 12 5
1923 26 5
1924 13 6
1925 17 4
1926 16 6
1927 0 1
1928 21 2
1929 4 2
1930 8 2
1931 59 9
1932 20 9
1933 127 9
1934 0 1
1935 19 3
1936 20 3
1937 7 3
1938 25 3
1939 9 3
1940 6 3
1941 47 2
1942 20 2
1943 27 8
1944 14 8
1945 14 8
1946 7 8
1947 9 8
1948 16 7
1949 17 8
1950 12 8
1951 11 2
1952 27 2
1953 16 4
1954 20 4
1955 11 4
1956 9 4
1957 59 1687
1958 67 1681
1959 60 1697
1960 23 2
1961 0 1
1962 4 2
1963 3 2
1964 31 3
1965 24 3
1966 34 3
1967 2 2
1968 16 2
1969 26 2
1970 11 2
1971 2 2
1972 8 2
1973 5 3
1974 23 3
1975 10 3
1976 30 1684
1977 199 1611
1978 60 1720
1979 40 1719
1980 40 1708
1981 36 1680
1982 46 1731
1983 58 1686
1984 45 1713
1985 91 1731
1986 39 1695
1987 63 1683
1988 92 1696
1989 13 2
1990 1 2
1991 1 2
1992 2 2
1993 1 3
1994 14 4
1995 8 4
1996 20 4
1997 26 3
1998 12 3
1999 17 3
800 30 1735
801 32 1692
802 29 1715
803 30 1702
804 28 1694
805 30 1675
806 27 1703
807 27 1697
808 33 1715
809 27 1671
810 33 1690
811 35 1674
812 31 1709
813 31 1709
814 26 1696
815 29 1704
816 33 1717
817 33 1699
818 29 1685
819 32 1720
820 26 1674
821 27 1686
822 31 1705
823 31 1709
824 40 1714
825 41 1709
826 29 1703
827 29 1698
828 27 1700
829 35 1704
830 28 1686
831 29 1682
832 33 1694
833 27 1679
834 27 1690
835 33 1673
836 27 1706
837 32 1704
838 34 1683
839 27 1707
840 29 1704
841 32 1685
842 30 1693
843 33 1670
844 28 1717
845 29 1711
846 34 1686
847 28 1718
848 29 1694
849 35 1692
850 29 1709
851 24 1720
852 38 1661
853 32 1689
854 37 1707
855 32 1721
856 29 1724
857 35 1729
858 34 1714
859 31 1668
860 32 1701
861 34 1710
862 33 1679
863 32 1701
864 32 1688
865 37 1712
866 27 1697
867 35 1674
868 37 1671
869 40 1686
870 37 1696
871 34 1702
872 33 1692
873 31 1690
874 28 1700
875 31 1685
876 30 1687
877 36 1728
878 29 1718
879 29 1730
880 34 1683
881 26 1680
882 28 1717
883 31 1666
884 30 1708
885 29 1712
886 30 1692
887 30 1679
888 28 1723
889 30 1696
890 30 1673
891 28 1713
892 29 1699
893 34 1693
894 29 1698
895 31 1716
896 35 1666
897 37 1718
898 31 1686
899 33 1696
100 33 1716
101 30 1757
102 33 1677
103 30 1684
104 26 1682
105 26 1676
106 29 1720
107 33 1681
108 37 1732
109 31 1741
110 26 1672
111 31 1707
112 36 1688
113 28 1687
114 30 1718
115 27 1724
116 33 1676
117 27 1670
118 35 1695
119 30 1675
120 36 1700
121 29 1708
122 34 1729
123 31 1704
124 29 1662
125 32 1702
126 40 1681
127 26 1708
128 30 1695
129 63 1708
130 27 1664
131 39 1705
132 30 1703
133 42 1654
134 32 1697
135 33 1698
136 33 1702
137 31 1708
138 28 1694
139 29 1708
140 31 1717
141 32 1664
142 27 1736
143 29 1722
144 42 1697
145 29 1705
146 35 1683
147 36 1711
148 30 1708
149 33 1705
150 28 1700
151 32 1715
152 33 1725
153 33 1714
154 38 1699
155 32 1689
156 31 1720
157 32 1694
158 38 1702
159 28 1685
160 32 1725
161 28 1679
162 36 1708
163 33 1708
164 30 1696
165 31 1695
166 28 1705
167 29 1709
168 31 1670
169 31 1693
170 29 1692
171 40 1719
172 33 1698
173 33 1711
174 27 1706
175 30 1699
176 27 1680
177 26 1687
178 32 1664
179 31 1682
180 26 1651
181 28 1682
182 32 1682
183 34 1696
184 36 1743
185 0 1
186 37 1723
187 31 1679
188 38 1698
189 36 1712
190 41 1710
191 36 1703
192 43 1681
193 26 1708
194 37 1668
195 27 1702
196 33 1705
197 31 1703
198 32 1697
199 28 1712
600 28 1701
601 27 1681
602 26 1713
603 29 1686
604 29 1720
605 31 1687
606 29 1703
607 34 1688
608 33 1656
609 31 1736
610 34 1729
611 37 1711
612 36 1675
613 33 1719
614 40 1697
615 33 1702
616 43 1685
617 30 1702
618 28 1720
619 47 1673
620 43 1698
621 30 1694
622 30 1709
623 29 1707
624 34 1693
625 25 1712
626 24 1716
627 33 1680
628 31 1710
629 24 1702
630 30 1676
631 29 1704
632 39 1728
633 28 1700
634 38 1697
635 36 1738
636 43 1673
637 34 1690
638 27 1728
639 32 1672
640 33 1704
641 28 1674
642 29 1689
643 31 1700
644 38 1689
645 38 1687
646 38 1707
647 29 1705
648 36 1707
649 38 1708
650 37 1724
651 29 1726
652 30 1709
653 28 1705
654 33 1736
655 29 1697
656 28 1703
657 34 1696
658 35 1702
659 31 1723
660 31 1709
661 36 1695
662 35 1667
663 27 1701
664 27 1697
665 26 1684
666 30 1684
667 35 1734
668 31 1701
669 33 1696
670 38 1721
671 31 1690
672 31 1691
673 37 1667
674 30 1674
675 37 1725
676 30 1713
677 33 1699
678 34 1716
679 31 1693
680 34 1715
681 36 1717
682 38 1697
683 34 1678
684 29 1706
685 32 1668
686 31 1691
687 29 1671
688 37 1697
689 30 1658
690 29 1716
691 33 1735
692 34 1718
693 26 1694
694 39 1693
695 34 1712
696 37 1725
697 37 1703
698 31 1724
699 36 1682
2300 34 1703
2301 9 5
2302 17 5
2303 26 5
2304 31 5
2305 10 5
2306 34 1715
2307 43 1685
2308 48 1698
2309 38 1714
2310 36 1702
2311 53 1701
2312 42 1727
2313 11 2
2314 7 2
2315 0 1
2316 20 2
2317 7 3
2318 25 3
2319 15 3
2320 48 2
2321 25 2
2322 22 2
2323 9 2
2324 15 2
2325 6 2
2326 7 2
2327 28 2
2328 36 5
2329 72 6
2330 36 4
2331 52 4
2332 9 4
2333 5 2
2334 2 2
2335 11 2
2336 2 2
2337 23 3
2338 28 3
2339 76 1708
2340 43 1717
2341 43 1706
2342 60 1697
2343 12 2
2344 34 1690
2345 35 1701
2346 54 1685
2347 68 1709
2348 47 1710
2349 51 1700
2350 11 2
2351 2 2
2352 71 1731
2353 72 1758
2354 32 1688
2355 31 1719
2356 33 1698
2357 37 1693
2358 29 1695
2359 39 1697
2360 47 1715
2361 21 5
2362 21 5
2363 22 5
2364 17 5
2365 16 5
2366 35 1670
2367 37 1695
2368 88 1736
2369 39 1667
2370 34 1668
2371 34 1685
2372 35 1706
2373 32 1689
2374 44 1683
2375 45 1672
2376 35 1729
2377 31 1715
2378 59 1681
2379 54 1685
2380 58 1702
2381 49 1701
2382 36 1711
2383 29 1690
2384 29 1684
2385 47 1705
2386 37 1701
2387 34 1695
2388 55 2
2389 111 2
2390 37 1717
2391 44 1707
2392 62 1699
2393 13 7
2394 7 7
2395 22 6
2396 11 7
2397 25 7
2398 15 6
2399 12 6
1200 36 1740
1201 29 1712
1202 29 1689
1203 39 1693
1204 36 1672
1205 36 1691
1206 28 1689
1207 34 1709
1208 33 1667
1209 27 1693
1210 33 1706
1211 37 1710
1212 0 1
1213 45 1660
1214 44 1708
1215 40 1687
1216 34 1697
1217 34 1723
1218 44 1684
1219 33 1707
1220 27 1724
1221 34 1698
1222 38 1680
1223 41 1725
1224 29 1714
1225 34 1709
1226 39 1714
1227 35 1686
1228 30 1673
1229 39 1704
1230 28 1694
1231 36 1700
1232 30 1712
1233 32 1698
1234 29 1686
1235 35 1706
1236 27 1686
1237 28 1657
1238 35 1679
1239 34 1711
1240 33 1701
1241 38 1685
1242 36 1711
1243 5 4
1244 66 1715
1245 38 1670
1246 40 1695
1247 48 1661
1248 29 1709
1249 38 1669
1250 32 1721
1251 29 1682
1252 32 1714
1253 40 1661
1254 34 1720
1255 33 1689
1256 30 1682
1257 31 1703
1258 29 1696
1259 35 1694
1260 44 1695
1261 27 1667
1262 34 1713
1263 30 1695
1264 32 1702
1265 31 1685
1266 34 1692
1267 41 1698
1268 59 1684
1269 28 1696
1270 32 1700
1271 52 1689
1272 60 1666
1273 31 1718
1274 35 1716
1275 37 1678
1276 33 1697
1277 62 1701
1278 59 1716
1279 31 1682
1280 34 1692
1281 33 1726
1282 38 1686
1283 33 1687
1284 34 1716
1285 28 1689
1286 32 1720
1287 31 1722
1288 64 1715
1289 44 1690
1290 47 1701
1291 33 1697
1292 28 1677
1293 46 1713
1294 39 1687
1295 46 1687
1296 30 1671
1297 39 1726
1298 40 1691
1299 38 1703
1500 40 1701
1501 35 1739
1502 39 1696
1503 35 1683
1504 39 1695
1505 32 1703
1506 44 1699
1507 31 1675
1508 31 1710
1509 31 1719
1510 31 1737
1511 35 1719
1512 30 1699
1513 30 1679
1514 30 1697
1515 31 1710
1516 25 1663
1517 30 1677
1518 51 1675
1519 31 1713
1520 31 1703
1521 35 1704
1522 37 1689
1523 32 1674
1524 31 1707
1525 32 1704
1526 40 1716
1527 34 1721
1528 32 1694
1529 36 1693
1530 27 1690
1531 32 1713
1532 40 1723
1533 36 1694
1534 36 1685
1535 34 1690
1536 50 1709
1537 36 1698
1538 31 1714
1539 44 1682
1540 31 1711
1541 39 1690
1542 32 1689
1543 39 1669
1544 43 1708
1545 38 1720
1546 35 1683
1547 37 1675
1548 0 1
1549 36 1692
1550 29 1706
1551 31 1727
1552 35 1676
1553 32 1728
1554 37 1661
1555 34 1688
1556 42 1715
1557 56 1728
1558 46 1682
1559 39 1707
1560 37 1703
1561 30 1701
1562 0 1
1563 39 1705
1564 0 1
1565 36 1689
1566 35 1726
1567 32 1685
1568 31 1700
1569 44 1711
1570 35 1711
1571 0 1
1572 55 1696
1573 41 1711
1574 38 1706
1575 35 1707
1576 38 1701
1577 32 1698
1578 31 1705
1579 30 1691
1580 32 1698
1581 32 1723
1582 33 1697
1583 31 1716
1584 33 1679
1585 32 1711
1586 29 1713
1587 35 1708
1588 36 1689
1589 32 1706
1590 33 1705
1591 28 1703
1592 27 1717
1593 33 1692
1594 33 1683
1595 77 1696
1596 35 1722
1597 34 1684
1598 28 1729
1599 40 1706
