0 30 1697
1 34 1687
2 28 1669
3 32 1670
4 33 1718
5 29 1734
6 27 1706
7 38 1703
8 30 1677
9 28 1698
10 30 1690
11 32 1703
12 34 1718
13 34 1720
14 34 1722
15 31 1700
16 30 1696
17 31 1681
18 33 1707
19 33 1702
20 33 1690
21 28 1741
22 26 1661
23 32 1678
24 29 1711
25 29 1711
26 32 1683
27 25 1699
28 30 1710
29 30 1675
30 32 1697
31 28 1712
32 26 1701
33 28 1706
34 26 1719
35 31 1701
36 28 1688
37 30 1685
38 26 1709
39 31 1682
40 31 1688
41 30 1735
42 34 1709
43 27 1682
44 23 1704
45 29 1698
46 30 1726
47 32 1684
48 30 1700
49 35 1715
50 29 1679
51 29 1679
52 32 1685
53 29 1693
54 29 1698
55 28 1708
56 27 1718
57 30 1676
58 51 1686
59 33 1712
60 33 1712
61 36 1680
62 33 1725
63 38 1683
64 33 1705
65 35 1699
66 29 1665
67 30 1698
68 26 1681
69 28 1701
70 27 1706
71 32 1703
72 29 1709
73 33 1734
74 39 1704
75 25 1728
76 33 1714
77 31 1676
78 37 1725
79 34 1695
80 37 1736
81 51 1702
82 37 1704
83 43 1698
84 36 1686
85 26 1671
86 29 1717
87 29 1720
88 28 1706
89 28 1717
90 34 1674
91 31 1690
92 34 1692
93 33 1714
94 34 1685
95 32 1696
96 29 1700
97 27 1698
98 29 1731
99 30 1674
100 32 1722
101 31 1704
102 30 1699
103 32 1746
104 29 1723
105 33 1683
106 33 1723
107 33 1707
108 32 1688
109 36 1691
110 28 1716
111 25 1679
112 27 1695
113 30 1670
114 29 1704
115 30 1722
116 31 1707
117 28 1722
118 37 1718
119 32 1719
120 34 1706
121 29 1688
122 32 1701
123 35 1698
124 30 1702
125 32 1687
126 27 1692
127 31 1676
128 33 1711
129 45 1695
130 32 1700
131 32 1683
132 29 1710
133 28 1682
134 31 1702
135 36 1704
136 31 1689
137 31 1703
138 31 1677
139 32 1706
140 26 1708
141 33 1714
142 33 1715
143 31 1731
144 37 1753
145 30 1728
146 40 1705
147 35 1709
148 34 1703
149 32 1685
150 24 1652
151 29 1690
152 27 1726
153 29 1678
154 33 1693
155 29 1693
156 31 1722
157 33 1687
158 34 1721
159 35 1680
160 25 1667
161 33 1696
162 33 1687
163 31 1681
164 27 1687
165 35 1693
166 30 1692
167 25 1674
168 28 1706
169 37 1727
170 38 1707
171 33 1700
172 31 1691
173 35 1712
174 28 1705
175 32 1702
176 38 1731
177 25 1696
178 38 1678
179 31 1696
180 30 1683
181 31 1729
182 50 1710
183 32 1675
184 29 1706
185 35 1709
186 40 1679
187 35 1699
188 28 1719
189 40 1716
190 29 1689
191 45 1712
192 32 1683
193 29 1690
194 25 1700
195 34 1710
196 32 1680
197 30 1704
198 29 1708
199 34 1711
200 28 1706
201 34 1720
202 32 1698
203 30 1677
204 32 1717
205 26 1689
206 27 1716
207 27 1720
208 27 1698
209 32 1702
210 31 1685
211 32 1698
212 32 1720
213 37 1673
214 29 1718
215 30 1717
216 30 1685
217 32 1698
218 29 1695
219 26 1708
220 38 1723
221 33 1707
222 32 1696
223 29 1702
224 35 1669
225 44 1709
226 38 1710
227 33 1716
228 34 1688
229 34 1703
230 32 1715
231 32 1700
232 30 1704
233 26 1663
234 32 1693
235 31 1687
236 39 1670
237 33 1721
238 54 1719
239 44 1665
240 37 1689
241 36 1713
242 30 1675
243 46 1695
244 37 1693
245 29 1691
246 36 1658
247 33 1698
248 31 1685
249 29 1689
250 29 1699
251 32 1725
252 26 1702
253 25 1685
254 28 1736
255 39 1676
256 30 1702
257 31 1695
258 31 1697
259 28 1679
260 35 1705
261 33 1697
262 37 1673
263 26 1696
264 66 1720
265 31 1714
266 26 1700
267 33 1653
268 31 1696
269 31 1694
270 29 1695
271 27 1693
272 27 1712
273 30 1726
274 26 1690
275 29 1700
276 27 1690
277 31 1726
278 30 1686
279 33 1686
280 37 1702
281 29 1698
282 30 1691
283 31 1713
284 31 1693
285 31 1698
286 30 1708
287 26 1672
288 34 1686
289 28 1688
290 28 1680
291 27 1687
292 28 1685
293 22 1678
294 30 1698
295 27 1729
296 29 1710
297 32 1680
298 34 1687
299 28 1699
300 29 1708
301 30 1697
302 27 1694
303 35 1731
304 29 1698
305 33 1711
306 26 1682
307 33 1698
308 28 1697
309 31 1710
310 29 1679
311 26 1707
312 34 1665
313 31 1692
314 25 1666
315 34 1690
316 30 1703
317 33 1683
318 26 1689
319 28 1696
320 25 1691
321 32 1708
322 28 1678
323 30 1711
324 31 1710
325 27 1703
326 25 1667
327 30 1664
328 33 1697
329 27 1719
330 30 1687
331 27 1719
332 25 1690
333 33 1688
334 26 1694
335 27 1670
336 31 1685
337 31 1704
338 28 1713
339 39 1764
340 25 1648
341 30 1684
342 33 1693
343 35 1736
344 31 1734
345 30 1687
346 36 1689
347 39 1718
348 29 1676
349 28 1712
350 30 1690
351 35 1733
352 43 1723
353 26 1688
354 32 1703
355 26 1725
356 38 1714
357 30 1728
358 110 1683
359 30 1720
360 33 1718
361 30 1679
362 30 1678
363 34 1726
364 33 1669
365 33 1725
366 32 1706
367 29 1689
368 30 1663
369 33 1674
370 34 1709
371 31 1732
372 31 1711
373 34 1700
374 34 1698
375 30 1719
376 30 1693
377 30 1701
378 28 1705
379 25 1669
380 39 1717
381 29 1702
382 35 1702
383 31 1698
384 31 1700
385 28 1690
386 42 1707
387 28 1730
388 32 1667
389 32 1680
390 28 1703
391 33 1713
392 27 1668
393 33 1712
394 31 1699
395 29 1687
396 27 1702
397 31 1729
398 29 1678
399 44 1692
400 32 1705
401 42 1697
402 35 1695
403 35 1683
404 24 1701
405 26 1674
406 29 1684
407 27 1714
408 31 1692
409 28 1719
410 34 1690
411 31 1697
412 29 1712
413 31 1697
414 31 1718
415 40 1699
416 28 1715
417 34 1697
418 34 1699
419 31 1681
420 26 1679
421 32 1692
422 31 1694
423 24 1706
424 26 1708
425 34 1680
426 34 1672
427 32 1696
428 32 1670
429 34 1712
430 37 1711
431 33 1675
432 34 1694
433 0 1
434 28 1709
435 32 1716
436 30 1680
437 27 1701
438 36 1681
439 28 1694
440 34 1709
441 36 1703
442 38 1726
443 32 1707
444 32 1661
445 32 1679
446 35 1689
447 29 1728
448 47 1669
449 32 1701
450 30 1709
451 33 1704
452 23 1683
453 34 1695
454 27 1679
455 33 1677
456 29 1667
457 25 1694
458 27 1677
459 28 1712
460 27 1700
461 32 1723
462 24 1705
463 26 1677
464 27 1685
465 30 1699
466 26 1714
467 29 1669
468 31 1678
469 27 1698
470 27 1739
471 29 1732
472 25 1682
473 28 1731
474 27 1684
475 32 1690
476 31 1712
477 27 1673
478 28 1691
479 27 1719
480 36 1726
481 24 1711
482 33 1696
483 27 1697
484 31 1731
485 31 1680
486 27 1680
487 30 1702
488 29 1681
489 34 1702
490 30 1706
491 28 1699
492 27 1709
493 28 1664
494 30 1712
495 38 1702
496 33 1669
497 37 1685
498 42 1673
499 39 1690
500 42 1696
501 34 1672
502 32 1683
503 33 1700
504 34 1739
505 30 1698
506 38 1696
507 35 1694
508 38 1704
509 0 1
510 39 1675
511 33 1689
512 27 1703
513 37 1721
514 37 1717
515 30 1707
516 34 1700
517 32 1713
518 29 1699
519 28 1726
520 43 1702
521 38 1694
522 33 1707
523 30 1657
524 28 1694
525 26 1667
526 29 1713
527 31 1703
528 35 1717
529 35 1671
530 34 1678
531 27 1689
532 28 1675
533 43 1698
534 33 1722
535 26 1728
536 32 1682
537 35 1699
538 29 1705
539 27 1683
540 39 1696
541 31 1701
542 26 1693
543 35 1700
544 37 1726
545 34 1689
546 47 1673
547 30 1714
548 29 1666
549 41 1703
550 32 1722
551 31 1686
552 32 1703
553 33 1702
554 30 1690
555 34 1692
556 29 1717
557 36 1707
558 34 1682
559 39 1705
560 40 1699
561 29 1706
562 32 1699
563 30 1706
564 30 1700
565 32 1685
566 39 1689
567 0 1
568 24 1689
569 33 1699
570 34 1711
571 26 1678
572 29 1682
573 35 1706
574 26 1691
575 27 1691
576 30 1687
577 66 1691
578 34 1710
579 33 1689
580 29 1712
581 27 1668
582 30 1716
583 25 1699
584 29 1685
585 30 1690
586 35 1670
587 29 1703
588 33 1708
589 31 1720
590 44 1712
591 32 1707
592 34 1717
593 31 1663
594 27 1699
595 31 1697
596 30 1702
597 27 1694
598 27 1713
599 27 1730
600 26 1707
601 26 1697
602 35 1715
603 37 1727
604 32 1712
605 30 1700
606 30 1691
607 35 1707
608 37 1688
609 35 1700
610 39 1698
611 39 1738
612 33 1700
613 32 1682
614 43 1679
615 46 1723
616 66 1710
617 34 1751
618 28 1727
619 42 1655
620 43 1705
621 28 1700
622 32 1688
623 35 1735
624 30 1697
625 27 1693
626 30 1713
627 30 1701
628 30 1713
629 29 1710
630 27 1694
631 29 1715
632 28 1686
633 30 1679
634 37 1712
635 35 1691
636 36 1687
637 35 1680
638 31 1687
639 31 1697
640 0 1
641 30 1713
642 27 1679
643 39 1708
644 34 1679
645 38 1678
646 27 1699
647 31 1690
648 31 1725
649 39 1679
650 34 1716
651 28 1726
652 30 1735
653 27 1713
654 27 1688
655 36 1688
656 35 1713
657 27 1702
658 37 1698
659 31 1709
660 39 1688
661 30 1704
662 37 1742
663 32 1722
664 35 1684
665 30 1715
666 28 1701
667 25 1696
668 27 1684
669 36 1686
670 29 1703
671 29 1681
672 39 1704
673 32 1691
674 27 1710
675 38 1689
676 35 1720
677 33 1702
678 33 1701
679 33 1684
680 29 1710
681 28 1698
682 35 1716
683 30 1706
684 32 1692
685 33 1687
686 32 1678
687 26 1710
688 32 1663
689 33 1677
690 39 1690
691 36 1725
692 30 1715
693 30 1702
694 30 1694
695 32 1716
696 33 1695
697 28 1688
698 31 1695
699 38 1708
700 29 1706
701 36 1679
702 31 1689
703 34 1721
704 41 1683
705 30 1702
706 33 1673
707 33 1699
708 31 1689
709 31 1688
710 34 1715
711 37 1660
712 39 1694
713 34 1709
714 32 1696
715 32 1711
716 31 1701
717 33 1707
718 35 1679
719 34 1720
720 27 1695
721 30 1699
722 32 1688
723 34 1689
724 56 1699
725 38 1706
726 33 1723
727 30 1698
728 34 1660
729 26 1716
730 35 1721
731 29 1723
732 40 1696
733 38 1699
734 44 1705
735 27 1662
736 38 1716
737 31 1705
738 27 1676
739 29 1710
740 29 1686
741 29 1674
742 32 1681
743 35 1708
744 29 1689
745 34 1710
746 27 1715
747 29 1687
748 33 1671
749 30 1732
750 30 1664
751 29 1681
752 29 1677
753 47 1687
754 39 1693
755 0 1
756 48 1707
757 35 1698
758 35 1681
759 0 1
760 37 1687
761 29 1677
762 32 1662
763 31 1694
764 30 1682
765 32 1697
766 38 1713
767 31 1711
768 54 1682
769 39 1675
770 61 1688
771 30 1699
772 31 1698
773 27 1693
774 28 1713
775 34 1727
776 33 1707
777 26 1731
778 27 1710
779 25 1675
780 30 1713
781 32 1702
782 29 1703
783 26 1692
784 32 1678
785 30 1684
786 39 1698
787 36 1683
788 37 1676
789 28 1653
790 30 1691
791 32 1702
792 30 1676
793 28 1730
794 30 1700
795 25 1666
796 34 1710
797 33 1734
798 36 1710
799 33 1712
800 30 1686
801 25 1697
802 29 1656
803 30 1701
804 32 1732
805 27 1712
806 33 1721
807 31 1706
808 31 1663
809 33 1718
810 28 1702
811 53 1679
812 29 1677
813 31 1678
814 30 1697
815 32 1711
816 27 1693
817 32 1682
818 31 1701
819 30 1697
820 33 1682
821 35 1688
822 30 1697
823 50 1689
824 47 1714
825 36 1690
826 30 1687
827 30 1710
828 23 1675
829 35 1688
830 28 1681
831 32 1729
832 28 1693
833 28 1699
834 31 1709
835 35 1710
836 30 1693
837 29 1692
838 35 1702
839 25 1696
840 31 1693
841 35 1708
842 28 1689
843 25 1702
844 27 1695
845 30 1687
846 28 1691
847 34 1701
848 33 1695
849 34 1704
850 37 1686
851 29 1702
852 26 1680
853 31 1727
854 0 1
855 31 1699
856 33 1663
857 33 1728
858 30 1689
859 28 1670
860 34 1695
861 35 1690
862 34 1701
863 33 1696
864 41 1743
865 27 1701
866 35 1718
867 39 1709
868 34 1708
869 37 1693
870 0 1
871 37 1681
872 33 1696
873 26 1694
874 36 1717
875 30 1719
876 30 1681
877 35 1719
878 32 1680
879 25 1707
880 28 1665
881 26 1720
882 27 1676
883 33 1667
884 28 1715
885 27 1692
886 28 1721
887 31 1718
888 36 1704
889 32 1708
890 30 1685
891 31 1684
892 31 1697
893 33 1718
894 27 1689
895 29 1670
896 28 1715
897 29 1716
898 31 1704
899 31 1709
900 26 1692
901 31 1691
902 31 1693
903 30 1660
904 29 1685
905 31 1687
906 36 1690
907 33 1715
908 30 1726
909 29 1708
910 28 1705
911 32 1692
912 30 1690
913 36 1749
914 27 1695
915 31 1706
916 28 1717
917 31 1682
918 30 1714
919 35 1683
920 26 1705
921 31 1688
922 26 1746
923 27 1695
924 34 1706
925 36 1696
926 31 1702
927 26 1701
928 28 1705
929 36 1689
930 29 1702
931 32 1711
932 37 1693
933 27 1700
934 36 1670
935 30 1705
936 35 1734
937 36 1711
938 28 1703
939 27 1672
940 33 1702
941 29 1710
942 33 1695
943 29 1684
944 28 1700
945 28 1711
946 34 1676
947 28 1689
948 31 1691
949 33 1672
950 32 1707
951 37 1718
952 26 1668
953 29 1707
954 30 1725
955 28 1701
956 33 1728
957 27 1650
958 27 1685
959 32 1686
960 28 1709
961 34 1716
962 31 1706
963 28 1702
964 43 1698
965 38 1705
966 31 1702
967 31 1716
968 25 1680
969 34 1713
970 32 1718
971 31 1682
972 31 1731
973 27 1709
974 31 1666
975 30 1711
976 27 1704
977 29 1732
978 29 1663
979 29 1666
980 29 1669
981 30 1725
982 31 1689
983 38 1667
984 30 1702
985 38 1708
986 28 1723
987 70 1696
988 37 1702
989 70 1685
990 32 1669
991 29 1673
992 51 1712
993 49 1712
994 33 1685
995 0 1
996 33 1678
997 34 1715
998 33 1670
999 35 1720
1000 29 1720
1001 33 1713
1002 38 1733
1003 30 1723
1004 39 1658
1005 42 1717
1006 29 1736
1007 32 1675
1008 37 1692
1009 33 1684
1010 31 1719
1011 42 1708
1012 37 1694
1013 33 1674
1014 37 1708
1015 29 1691
1016 28 1700
1017 29 1749
1018 35 1657
1019 34 1718
1020 31 1708
1021 28 1716
1022 26 1690
1023 29 1720
1024 32 1675
1025 30 1702
1026 34 1667
1027 32 1687
1028 37 1671
1029 38 1684
1030 29 1716
1031 29 1717
1032 29 1671
1033 33 1705
1034 0 1
1035 25 1684
1036 31 1700
1037 36 1693
1038 38 1683
1039 33 1712
1040 26 1709
1041 44 1700
1042 42 1703
1043 30 1712
1044 31 1731
1045 29 1703
1046 27 1676
1047 25 1694
1048 33 1725
1049 30 1709
1050 33 1677
1051 32 1666
1052 27 1738
1053 26 1706
1054 29 1696
1055 31 1708
1056 30 1706
1057 31 1695
1058 31 1717
1059 30 1725
1060 0 1
1061 29 1695
1062 33 1686
1063 30 1702
1064 31 1683
1065 27 1712
1066 27 1672
1067 32 1691
1068 36 1720
1069 37 1682
1070 29 1709
1071 29 1683
1072 37 1694
1073 34 1711
1074 27 1704
1075 37 1700
1076 34 1710
1077 40 1690
1078 33 1693
1079 35 1719
1080 28 1708
1081 34 1701
1082 30 1697
1083 38 1682
1084 31 1693
1085 34 1686
1086 35 1716
1087 36 1700
1088 32 1705
1089 31 1706
1090 28 1704
1091 32 1683
1092 29 1689
1093 32 1666
1094 39 1707
1095 35 1705
1096 30 1693
1097 29 1710
1098 32 1692
1099 32 1695
1100 41 1691
1101 32 1713
1102 40 1682
1103 35 1717
1104 56 1699
1105 28 1709
1106 36 1694
1107 27 1708
1108 37 1687
1109 35 1700
1110 33 1699
1111 33 1704
1112 40 1692
1113 36 1731
1114 41 1682
1115 36 1742
1116 30 1708
1117 30 1688
1118 27 1706
1119 28 1678
1120 33 1681
1121 32 1683
1122 34 1684
1123 28 1666
1124 39 1725
1125 40 1680
1126 41 1685
1127 58 1700
1128 31 1683
1129 26 1699
1130 38 1694
1131 32 1690
1132 34 1705
1133 30 1704
1134 30 1690
1135 29 1687
1136 30 1693
1137 30 1698
1138 32 1714
1139 60 1703
1140 37 1696
1141 40 1691
1142 35 1703
1143 38 1675
1144 34 1733
1145 29 1685
1146 0 1
1147 40 1704
1148 26 1721
1149 39 1709
1150 37 1707
1151 37 1743
1152 29 1711
1153 61 1700
1154 27 1698
1155 33 1704
1156 33 1715
1157 38 1739
1158 27 1702
1159 33 1708
1160 30 1726
1161 32 1751
1162 31 1714
1163 32 1724
1164 28 1720
1165 25 1731
1166 32 1691
1167 29 1702
1168 30 1708
1169 29 1724
1170 27 1700
1171 28 1674
1172 35 1701
1173 38 1716
1174 34 1674
1175 0 1
1176 0 1
1177 39 1713
1178 29 1662
1179 33 1708
1180 62 1707
1181 24 1683
1182 42 1721
1183 35 1683
1184 30 1681
1185 40 1676
1186 26 1688
1187 30 1731
1188 34 1698
1189 35 1706
1190 31 1714
1191 31 1735
1192 44 1694
1193 28 1707
1194 25 1659
1195 31 1676
1196 32 1698
1197 29 1727
1198 26 1709
1199 35 1691
1200 41 1709
1201 42 1678
1202 28 1682
1203 35 1664
1204 34 1697
1205 32 1697
1206 35 1712
1207 32 1713
1208 27 1691
1209 32 1683
1210 43 1703
1211 33 1697
1212 32 1677
1213 38 1736
1214 27 1721
1215 34 1709
1216 39 1701
1217 50 1703
1218 29 1704
1219 35 1717
1220 30 1718
1221 38 1683
1222 33 1719
1223 40 1734
1224 32 1700
1225 29 1700
1226 28 1698
1227 25 1687
1228 31 1692
1229 39 1720
1230 38 1707
1231 44 1690
1232 39 1697
1233 32 1720
1234 36 1690
1235 31 1720
1236 47 1697
1237 31 1704
1238 34 1691
1239 40 1714
1240 38 1700
1241 37 1664
1242 31 1698
1243 47 1724
1244 51 1720
1245 32 1679
1246 41 1695
1247 39 1706
1248 34 1706
1249 39 1722
1250 30 1698
1251 29 1680
1252 0 1
1253 30 1749
1254 31 1689
1255 27 1707
1256 32 1660
1257 30 1665
1258 26 1722
1259 0 1
1260 48 1701
1261 36 1682
1262 49 1687
1263 37 1702
1264 37 1729
1265 31 1678
1266 35 1705
1267 43 1686
1268 47 1694
1269 32 1698
1270 30 1690
1271 41 1710
1272 37 1708
1273 39 1672
1274 52 1710
1275 38 1710
1276 42 1705
1277 45 1718
1278 38 1701
1279 44 1705
1280 37 1694
1281 33 1682
1282 31 1706
1283 33 1703
1284 24 1706
1285 32 1696
1286 26 1694
1287 33 1710
1288 40 1709
1289 35 1697
1290 52 1698
1291 37 1697
1292 47 1663
1293 32 1695
1294 27 1680
1295 34 1671
1296 33 1674
1297 40 1716
1298 38 1686
1299 27 1680
1300 31 1700
1301 33 1664
1302 28 1697
1303 28 1690
1304 32 1694
1305 31 1664
1306 32 1722
1307 30 1654
1308 0 1
1309 29 1717
1310 37 1735
1311 32 1707
1312 34 1739
1313 29 1701
1314 30 1692
1315 31 1699
1316 30 1681
1317 36 1717
1318 37 1718
1319 33 1709
1320 31 1690
1321 35 1699
1322 44 1690
1323 38 1690
1324 37 1668
1325 101 1697
1326 39 1709
1327 48 1738
1328 36 1718
1329 31 1715
1330 35 1685
1331 39 1697
1332 34 1691
1333 36 1695
1334 37 1708
1335 31 1703
1336 33 1684
1337 33 1675
1338 28 1704
1339 27 1666
1340 34 1679
1341 39 1702
1342 35 1705
1343 29 1683
1344 31 1691
1345 29 1706
1346 35 1699
1347 29 1665
1348 34 1673
1349 38 1692
1350 41 1683
1351 35 1692
1352 29 1693
1353 34 1671
1354 30 1719
1355 36 1693
1356 42 1689
1357 34 1673
1358 41 1702
1359 31 1708
1360 31 1653
1361 33 1702
1362 33 1706
1363 42 1695
1364 36 1692
1365 38 1699
1366 36 1692
1367 33 1701
1368 34 1687
1369 35 1715
1370 43 1675
1371 84 1712
1372 36 1723
1373 36 1702
1374 32 1710
1375 36 1705
1376 36 1694
1377 31 1683
1378 41 1684
1379 48 1673
1380 45 1678
1381 30 1742
1382 47 1690
1383 29 1689
1384 28 1708
1385 35 1705
1386 29 1714
1387 33 1706
1388 40 1704
1389 30 1738
1390 34 1705
1391 38 1681
1392 33 1685
1393 32 1707
1394 30 1705
1395 33 1722
1396 33 1722
1397 36 1717
1398 44 1713
1399 51 1699
1400 39 1664
1401 0 1
1402 40 1691
1403 29 1677
1404 33 1711
1405 35 1676
1406 35 1710
1407 33 1718
1408 36 1708
1409 26 1678
1410 33 1704
1411 28 1687
1412 33 1709
1413 27 1673
1414 34 1655
1415 29 1728
1416 31 1689
1417 32 1713
1418 59 1662
1419 34 1677
1420 33 1711
1421 32 1716
1422 48 1707
1423 34 1680
1424 41 1704
1425 33 1696
1426 32 1667
1427 33 1701
1428 35 1696
1429 34 1709
1430 36 1715
1431 48 1717
1432 33 1717
1433 0 1
1434 74 1718
1435 34 1699
1436 41 1701
1437 33 1718
1438 40 1684
1439 46 1683
1440 30 1690
1441 37 1695
1442 34 1713
1443 70 1718
1444 37 1676
1445 40 1693
1446 34 1678
1447 48 1705
1448 33 1699
1449 37 1686
1450 33 1696
1451 37 1690
1452 29 1698
1453 41 1696
1454 40 1710
1455 38 1695
1456 31 1689
1457 45 1668
1458 32 1677
1459 46 1675
1460 29 1696
1461 34 1709
1462 64 1684
1463 30 1699
1464 42 1684
1465 32 1705
1466 31 1697
1467 39 1676
1468 34 1705
1469 35 1693
1470 31 1689
1471 40 1711
1472 32 1730
1473 40 1701
1474 37 1714
1475 34 1717
1476 33 1713
1477 45 1726
1478 31 1661
1479 37 1707
1480 30 1686
1481 30 1698
1482 94 1720
1483 46 1693
1484 35 1704
1485 42 1708
1486 34 1724
1487 27 1704
1488 44 1678
1489 50 1702
1490 43 1710
1491 54 1709
1492 42 1702
1493 41 1713
1494 33 1721
1495 28 1708
1496 60 1732
1497 29 1698
1498 30 1675
1499 32 1723
1500 34 1668
1501 36 1738
1502 43 1680
1503 43 1707
1504 37 1707
1505 36 1739
1506 37 1683
1507 31 1646
1508 31 1711
1509 38 1706
1510 31 1730
1511 28 1695
1512 35 1688
1513 31 1724
1514 34 1687
1515 32 1690
1516 38 1709
1517 58 1693
1518 42 1687
1519 30 1704
1520 30 1682
1521 1 2
1522 0 1
1523 32 1681
1524 42 1708
1525 37 1693
1526 28 1686
1527 33 1719
1528 30 1691
1529 39 1710
1530 35 1692
1531 38 1678
1532 35 1697
1533 31 1717
1534 31 1704
1535 35 1721
1536 75 1668
1537 36 1704
1538 33 1711
1539 36 1685
1540 36 1688
1541 36 1699
1542 48 1722
1543 43 1702
1544 37 1666
1545 44 1700
1546 34 1685
1547 54 1698
1548 41 1679
1549 34 1703
1550 0 1
1551 28 1683
1552 33 1708
1553 34 1705
1554 48 1675
1555 40 1677
1556 44 1720
1557 0 1
1558 51 1664
1559 37 1693
1560 40 1660
1561 40 1712
1562 37 1695
1563 52 1732
1564 57 1658
1565 31 1724
1566 32 1680
1567 35 1715
1568 0 1
1569 32 1729
1570 36 1717
1571 51 1697
1572 58 1692
1573 30 1713
1574 32 1704
1575 0 1
1576 50 1697
1577 30 1702
1578 33 1727
1579 32 1698
1580 31 1713
1581 33 1676
1582 33 1682
1583 30 1720
1584 32 1723
1585 38 1719
1586 27 1685
1587 28 1703
1588 32 1696
1589 30 1691
1590 29 1673
1591 31 1710
1592 38 1655
1593 36 1694
1594 35 1705
1595 58 1691
1596 28 1692
1597 29 1690
1598 35 1688
1599 51 1677
1600 39 1689
1601 40 1718
1602 32 1709
1603 55 1678
1604 32 1728
1605 28 1694
1606 0 1
1607 34 1665
1608 33 1723
1609 33 1695
1610 33 1688
1611 44 1735
1612 34 1673
1613 42 1710
1614 33 1696
1615 39 1709
1616 30 1721
1617 29 1701
1618 0 1
1619 30 1683
1620 34 1686
1621 0 1
1622 42 1731
1623 53 1714
1624 40 1685
1625 40 1715
1626 56 1735
1627 38 1740
1628 0 1
1629 45 1745
1630 55 1680
1631 36 1684
1632 36 1696
1633 37 1692
1634 40 1712
1635 42 1740
1636 44 1713
1637 37 1701
1638 47 1688
1639 33 1687
1640 57 1708
1641 33 1707
1642 26 1741
1643 88 1724
1644 31 1697
1645 48 1737
1646 40 1702
1647 30 1688
1648 26 1681
1649 29 1675
1650 25 1688
1651 28 1683
1652 28 1693
1653 37 1703
1654 34 1683
1655 46 1705
1656 56 1696
1657 32 1723
1658 41 1704
1659 50 1701
1660 48 1720
1661 50 1708
1662 35 1667
1663 34 1718
1664 48 1727
1665 49 1704
1666 45 1704
1667 32 1724
1668 47 1699
1669 45 1711
1670 42 1706
1671 28 1702
1672 68 1682
1673 61 1703
1674 43 1694
1675 34 1691
1676 32 1721
1677 36 1699
1678 45 1683
1679 51 1676
1680 56 1709
1681 37 1691
1682 45 1686
1683 0 1
1684 31 1725
1685 38 1688
1686 38 1706
1687 29 1686
1688 34 1707
1689 40 1697
1690 37 1674
1691 41 1713
1692 31 1680
1693 41 1698
1694 35 1678
1695 45 1690
1696 53 1717
1697 33 1691
1698 30 1702
1699 38 1653
1700 60 1710
1701 36 1689
1702 54 1716
1703 71 1676
1704 38 1709
1705 32 1697
1706 0 1
1707 31 1716
1708 50 1708
1709 75 1703
1710 58 1697
1711 37 1719
1712 33 1662
1713 37 1711
1714 74 1708
1715 51 1702
1716 35 1639
1717 40 1687
1718 31 1710
1719 48 1709
1720 38 1680
1721 38 1674
1722 45 1694
1723 57 1697
1724 50 1707
1725 34 1686
1726 43 1717
1727 29 1725
1728 54 1701
1729 43 1698
1730 47 1714
1731 61 1685
1732 40 1689
1733 63 1697
1734 54 1728
1735 36 1671
1736 44 1663
1737 34 1670
1738 81 1675
1739 31 1708
1740 39 1709
1741 36 1728
1742 28 1693
1743 41 1697
1744 0 1
1745 10 2
1746 13 2
1747 5 2
1748 7 2
1749 12 2
1750 10 2
1751 14 2
1752 9 4
1753 0 1
1754 11 4
1755 12 4
1756 105 2
1757 3 2
1758 47 1726
1759 0 1
1760 9 2
1761 18 2
1762 4 2
1763 21 2
1764 3 2
1765 49 2
1766 41 2
1767 18 2
1768 21 2
1769 15 2
1770 61 5
1771 3 2
1772 53 5
1773 16 5
1774 15 3
1775 14 3
1776 31 3
1777 27 2
1778 6 2
1779 9 3
1780 12 3
1781 6 3
1782 87 1744
1783 59 1689
1784 46 1708
1785 18 2
1786 7 2
1787 99 5
1788 34 6
1789 32 6
1790 52 6
1791 43 4
1792 27 6
1793 15 3
1794 28 3
1795 0 1
1796 2 2
1797 12 2
1798 10 5
1799 18 5
1800 12 5
1801 13 5
1802 13 5
1803 10 2
1804 5 2
1805 65 2
1806 12 2
1807 4 2
1808 0 1
1809 0 1
1810 0 1
1811 3 2
1812 4 2
1813 21 2
1814 32 2
1815 4 2
1816 17 2
1817 21 3
1818 0 1
1819 14 3
1820 16 2
1821 4 2
1822 15 3
1823 14 2
1824 13 3
1825 8 4
1826 11 4
1827 3 4
1828 20 4
1829 0 1
1830 26 2
1831 1 3
1832 37 3
1833 3 3
1834 37 2
1835 35 2
1836 14 2
1837 5 2
1838 17 6
1839 21 6
1840 17 6
1841 55 6
1842 20 7
1843 32 6
1844 28 1690
1845 33 1705
1846 36 1693
1847 37 1702
1848 42 1681
1849 12 17
1850 42 1670
1851 41 1696
1852 48 1677
1853 39 1675
1854 47 1708
1855 41 1689
1856 29 1695
1857 37 1705
1858 42 1697
1859 41 1693
1860 47 1697
1861 0 1
1862 27 5
1863 8 5
1864 14 5
1865 28 5
1866 23 7
1867 16 8
1868 35 7
1869 19 8
1870 15 8
1871 38 2
1872 82 2
1873 24 2
1874 1 2
1875 34 2
1876 1 2
1877 17 2
1878 3 2
1879 23 3
1880 13 3
1881 2 3
1882 48 3
1883 36 3
1884 20 3
1885 13 2
1886 8 2
1887 54 1702
1888 39 1728
1889 52 1712
1890 39 1718
1891 34 1732
1892 17 5
1893 18 4
1894 14 5
1895 0 1
1896 13 5
1897 21 7
1898 34 8
1899 24 7
1900 23 5
1901 12 5
1902 13 5
1903 8 4
1904 10 4
1905 37 2
1906 15 2
1907 46 1718
1908 16 2
1909 15 2
1910 9 4
1911 17 4
1912 9 4
1913 28 4
1914 4 5
1915 14 6
1916 33 8
1917 115 7
1918 54 8
1919 21 8
1920 33 10
1921 12 6
1922 7 6
1923 9 6
1924 36 5
1925 9 5
1926 10 6
1927 22 2
1928 2 2
1929 7 2
1930 31 2
1931 25 4
1932 36 5
1933 39 9
1934 38 1735
1935 21 3
1936 12 3
1937 24 3
1938 14 3
1939 11 3
1940 35 3
1941 3 2
1942 52 2
1943 11 8
1944 14 8
1945 17 8
1946 12 8
1947 10 8
1948 12 8
1949 11 7
1950 6 7
1951 36 2
1952 12 2
1953 8 4
1954 11 4
1955 39 4
1956 8 4
1957 54 1721
1958 0 1
1959 79 1687
1960 16 2
1961 62 2
1962 0 1
1963 11 2
1964 31 2
1965 10 3
1966 35 3
1967 27 2
1968 5 2
1969 126 2
1970 34 2
1971 80 2
1972 25 2
1973 20 3
1974 7 3
1975 17 3
1976 40 1682
1977 79 1698
1978 71 1717
1979 49 1717
1980 73 1713
1981 72 1688
1982 72 1709
1983 54 1714
1984 49 1681
1985 74 1684
1986 37 1695
1987 67 1704
1988 123 1693
1989 3 2
1990 3 2
1991 13 2
1992 7 2
1993 21 3
1994 9 4
1995 18 3
1996 12 4
1997 6 3
1998 3 3
1999 0 1
2000 6 3
2001 5 3
2002 23 3
2003 14 2
2004 7 3
2005 15 3
2006 15 2
2007 18 2
2008 53 2
2009 104 2
2010 28 2
2011 31 2
2012 23 2
2013 20 2
2014 41 4
2015 4 4
2016 19 4
2017 10 4
2018 16 5
2019 16 5
2020 17 5
2021 18 5
2022 31 4
2023 21 2
2024 5 3
2025 38 3
2026 1 2
2027 45 3
2028 4 3
2029 1 2
2030 3 2
2031 41 2
2032 0 1
2033 49 1694
2034 35 1685
2035 4 2
2036 8 13
2037 10 13
2038 8 13
2039 21 13
2040 10 13
2041 11 13
2042 12 13
2043 20 13
2044 10 11
2045 10 12
2046 10 12
2047 9 13
2048 13 13
2049 52 1687
2050 28 2
2051 49 1692
2052 30 1703
2053 30 1666
2054 33 1691
2055 30 1683
2056 33 1702
2057 30 1690
2058 97 1714
2059 41 1703
2060 55 1730
2061 59 1656
2062 41 1679
2063 43 1709
2064 61 1683
2065 45 1688
2066 47 1680
2067 37 1669
2068 101 1701
2069 58 1703
2070 69 1696
2071 0 1
2072 37 1668
2073 29 1703
2074 29 1684
2075 31 1688
2076 32 1690
2077 36 1689
2078 32 1719
2079 30 1690
2080 34 1691
2081 28 1679
2082 32 1695
2083 40 1698
2084 31 1716
2085 40 1703
2086 30 1689
2087 30 1696
2088 128 1660
2089 7 2
2090 15 2
2091 13 4
2092 7 4
2093 10 5
2094 12 5
2095 12 5
2096 40 1708
2097 20 2
2098 11 2
2099 0 1
2100 6 2
2101 17 2
2102 82 1693
2103 3 3
2104 0 1
2105 33 3
2106 10 2
2107 63 2
2108 27 2
2109 13 2
2110 40 1712
2111 40 1703
2112 8 3
2113 26 3
2114 1 2
2115 30 2
2116 10 2
2117 0 1
2118 3 2
2119 47 1734
2120 13 2
2121 0 1
2122 55 2
2123 16 2
2124 3 2
2125 15 2
2126 5 2
2127 13 2
2128 6 3
2129 0 1
2130 25 3
2131 46 1662
2132 36 1704
2133 74 1693
2134 0 1
2135 12 2
2136 6 2
2137 0 1
2138 0 1
2139 1 2
2140 29 2
2141 21 2
2142 41 1703
2143 57 1725
2144 31 1720
2145 50 1726
2146 45 1678
2147 40 1692
2148 64 1683
2149 72 1683
2150 31 1689
2151 45 1685
2152 29 1669
2153 32 1711
2154 31 1690
2155 4 2
2156 7 2
2157 74 1730
2158 0 1
2159 64 2
2160 34 1698
2161 54 1733
2162 48 1715
2163 18 2
2164 6 2
2165 81 1671
2166 32 1678
2167 36 1691
2168 39 1733
2169 41 1703
2170 61 1688
2171 0 1
2172 2 2
2173 3 2
2174 39 1667
2175 32 1700
2176 21 4
2177 30 4
2178 20 4
2179 24 4
2180 7 2
2181 14 2
2182 52 1703
2183 43 1726
2184 61 1712
2185 45 1701
2186 34 1713
2187 41 1676
2188 39 1678
2189 34 1694
2190 42 1691
2191 40 1710
2192 41 1685
2193 53 1729
2194 3 2
2195 18 2
2196 18 2
2197 63 3
2198 12 3
2199 51 1700
2200 14 4
2201 31 4
2202 14 4
2203 20 4
2204 1 2
2205 0 1
2206 37 1678
2207 36 1677
2208 35 1692
2209 0 1
2210 0 1
2211 86 1701
2212 32 1717
2213 10 2
2214 17 2
2215 6 3
2216 4 3
2217 4 3
2218 73 1715
2219 106 1686
2220 45 1692
2221 87 1731
2222 25 4
2223 15 5
2224 22 5
2225 24 5
2226 8 5
2227 0 1
2228 11 2
2229 113 2
2230 34 2
2231 74 1699
2232 30 2
2233 32 1708
2234 43 1695
2235 39 1695
2236 36 1678
2237 34 1715
2238 48 1734
2239 38 1706
2240 93 1717
2241 0 1
2242 46 1711
2243 42 1716
2244 52 1691
2245 35 1674
2246 43 1684
2247 36 1700
2248 32 1721
2249 45 1709
2250 11 4
2251 11 4
2252 8 4
2253 15 4
2254 36 1712
2255 35 1713
2256 33 1713
2257 22 2
2258 10 2
2259 36 1713
2260 29 3
2261 40 3
2262 12 3
2263 41 1733
2264 24 3
2265 22 3
2266 0 1
2267 37 2
2268 18 2
2269 1 2
2270 5 2
2271 60 1697
2272 36 1702
2273 37 1691
2274 67 1704
2275 14 3
2276 17 3
2277 33 3
2278 8 2
2279 17 2
2280 9 3
2281 17 3
2282 5 3
2283 39 2
2284 4 2
2285 0 1
2286 62 1676
2287 37 1680
2288 52 1733
2289 11 2
2290 40 2
2291 39 1713
2292 3 2
2293 2 2
2294 34 1721
2295 34 1718
2296 16 2
2297 5 2
2298 53 1696
2299 50 1694
2300 35 1691
2301 32 5
2302 22 4
2303 17 5
2304 14 5
2305 21 5
2306 43 1658
2307 36 1705
2308 57 1675
2309 46 1701
2310 68 1723
2311 48 1715
2312 36 1691
2313 20 2
2314 9 2
2315 8 2
2316 24 2
2317 14 3
2318 21 3
2319 24 3
2320 1 2
2321 16 2
2322 7 2
2323 66 2
2324 52 2
2325 2 2
2326 5 2
2327 11 2
2328 32 4
2329 12 2
2330 52 3
2331 28 3
2332 8 3
2333 17 4
2334 17 2
2335 7 2
2336 7 2
2337 7 3
2338 11 3
2339 65 1727
2340 59 1681
2341 53 1697
2342 41 1686
2343 33 1690
2344 46 1711
2345 35 1675
2346 48 1720
2347 69 1698
2348 69 1735
2349 43 1721
2350 7 2
2351 9 2
2352 0 1
2353 12 3
2354 35 1711
2355 32 1682
2356 38 1704
2357 34 1711
2358 42 1699
2359 40 1680
2360 55 1704
2361 16 5
2362 10 5
2363 11 5
2364 10 5
2365 25 5
2366 84 1694
2367 48 1715
2368 95 1698
2369 32 1703
2370 46 1674
2371 0 1
2372 38 1701
2373 31 1697
2374 34 1693
2375 33 1716
2376 30 1703
2377 40 1705
2378 44 1678
2379 46 1709
2380 63 1689
2381 49 1716
2382 0 1
2383 33 1692
2384 37 1711
2385 54 1701
2386 28 1720
2387 39 1703
2388 2 2
2389 18 2
2390 50 1664
2391 40 1690
2392 28 1732
2393 17 7
2394 15 7
2395 32 7
2396 11 7
2397 15 7
2398 24 7
2399 10 7
2400 37 1707
2401 57 1693
2402 63 1679
2403 18 5
2404 28 5
2405 15 5
2406 9 4
2407 30 4
2408 10 2
2409 1 2
2410 60 1676
2411 54 1685
2412 41 1687
2413 58 1694
2414 63 1711
2415 51 1703
2416 59 1685
2417 47 1727
2418 44 1689
2419 40 1703
2420 39 1705
2421 37 1682
2422 38 1702
2423 65 1711
2424 40 1664
2425 74 1699
