0 30 1754
1 28 1712
2 26 1702
3 31 1727
4 31 1684
5 29 1691
6 33 1720
7 35 1687
8 29 1721
9 31 1728
10 38 1683
11 31 1720
12 32 1702
13 34 1709
14 39 1728
15 30 1698
16 36 1701
17 28 1697
18 31 1691
19 30 1693
20 29 1711
21 29 1701
22 31 1690
23 33 1705
24 35 1675
25 29 1716
26 35 1693
27 25 1709
28 32 1723
29 28 1686
30 34 1689
31 26 1714
32 29 1687
33 30 1683
34 27 1739
35 30 1691
36 23 1694
37 31 1695
38 29 1693
39 30 1724
40 29 1716
41 31 1732
42 32 1673
43 29 1696
44 33 1699
45 35 1691
46 33 1676
47 33 1701
48 34 1690
49 30 1736
50 32 1726
51 24 1719
52 30 1674
53 29 1689
54 30 1688
55 29 1669
56 32 1715
57 30 1673
58 31 1697
59 32 1717
60 29 1724
61 25 1699
62 34 1674
63 34 1711
64 27 1695
65 37 1705
66 33 1717
67 31 1726
68 31 1701
69 30 1703
70 38 1722
71 34 1682
72 30 1702
73 33 1709
74 33 1691
75 35 1703
76 39 1654
77 30 1696
78 25 1720
79 40 1689
80 43 1710
81 42 1719
82 34 1689
83 34 1686
84 30 1684
85 27 1709
86 32 1704
87 35 1695
88 36 1700
89 31 1681
90 27 1697
91 31 1706
92 28 1712
93 29 1705
94 29 1702
95 31 1722
96 30 1704
97 31 1750
98 27 1698
99 27 1683
100 35 1667
101 38 1691
102 36 1717
103 27 1707
104 29 1721
105 31 1729
106 31 1688
107 30 1666
108 30 1682
109 30 1709
110 36 1700
111 28 1701
112 26 1692
113 31 1711
114 31 1688
115 35 1695
116 28 1686
117 37 1706
118 27 1697
119 40 1690
120 34 1700
121 35 1676
122 39 1691
123 35 1704
124 33 1686
125 31 1652
126 32 1678
127 31 1723
128 29 1724
129 30 1691
130 31 1720
131 34 1697
132 30 1674
133 31 1680
134 28 1699
135 53 1699
136 40 1696
137 29 1668
138 32 1708
139 33 1717
140 27 1670
141 25 1690
142 33 1702
143 31 1680
144 35 1724
145 34 1679
146 36 1708
147 30 1678
148 31 1683
149 35 1726
150 25 1679
151 27 1714
152 42 1689
153 29 1707
154 36 1717
155 34 1700
156 35 1695
157 30 1677
158 29 1678
159 30 1719
160 25 1692
161 29 1731
162 29 1721
163 26 1707
164 32 1710
165 28 1684
166 26 1699
167 29 1721
168 32 1711
169 32 1745
170 39 1693
171 31 1706
172 42 1693
173 29 1689
174 26 1687
175 32 1686
176 40 1708
177 33 1700
178 38 1693
179 28 1706
180 31 1694
181 35 1687
182 40 1707
183 36 1703
184 31 1682
185 36 1680
186 26 1709
187 40 1724
188 41 1722
189 37 1686
190 49 1712
191 37 1678
192 35 1671
193 29 1693
194 32 1681
195 34 1704
196 27 1685
197 26 1696
198 32 1710
199 26 1684
200 31 1710
201 24 1670
202 29 1700
203 30 1724
204 29 1696
205 25 1701
206 29 1696
207 27 1683
208 31 1694
209 28 1705
210 25 1683
211 29 1683
212 26 1695
213 30 1689
214 30 1700
215 34 1689
216 27 1688
217 30 1699
218 31 1715
219 27 1693
220 29 1685
221 31 1659
222 28 1707
223 34 1683
224 33 1697
225 51 1699
226 32 1684
227 27 1694
228 40 1674
229 29 1733
230 29 1701
231 32 1681
232 34 1705
233 27 1706
234 34 1712
235 26 1699
236 35 1707
237 0 1
238 35 1713
239 31 1722
240 27 1725
241 33 1674
242 32 1733
243 31 1717
244 36 1718
245 33 1727
246 33 1670
247 29 1712
248 25 1693
249 28 1714
250 30 1695
251 28 1681
252 29 1682
253 29 1712
254 28 1699
255 35 1720
256 29 1694
257 33 1707
258 30 1726
259 34 1683
260 32 1668
261 32 1693
262 28 1698
263 25 1718
264 36 1692
265 33 1689
266 29 1732
267 28 1708
268 29 1694
269 29 1716
270 27 1710
271 31 1675
272 32 1720
273 27 1694
274 29 1679
275 27 1685
276 29 1680
277 27 1714
278 27 1725
279 33 1693
280 35 1697
281 33 1718
282 32 1689
283 26 1705
284 25 1726
285 28 1718
286 29 1683
287 28 1696
288 30 1669
289 31 1691
290 32 1689
291 30 1700
292 27 1712
293 31 1709
294 28 1696
295 27 1677
296 27 1707
297 33 1687
298 60 1715
299 31 1708
300 31 1690
301 28 1719
302 30 1718
303 26 1705
304 31 1691
305 33 1730
306 26 1723
307 24 1719
308 25 1695
309 32 1656
310 29 1678
311 31 1734
312 29 1705
313 31 1697
314 35 1712
315 30 1712
316 29 1680
317 25 1687
318 32 1698
319 27 1690
320 28 1715
321 29 1697
322 29 1688
323 31 1681
324 26 1711
325 26 1675
326 29 1698
327 27 1679
328 27 1688
329 25 1721
330 32 1713
331 31 1672
332 29 1731
333 31 1704
334 0 1
335 35 1686
336 29 1675
337 28 1696
338 27 1714
339 33 1693
340 30 1684
341 27 1702
342 27 1677
343 30 1706
344 31 1704
345 29 1708
346 37 1704
347 36 1709
348 36 1702
349 0 1
350 29 1706
351 34 1714
352 29 1669
353 34 1716
354 34 1702
355 28 1704
356 35 1690
357 34 1688
358 82 1704
359 33 1697
360 35 1709
361 29 1674
362 25 1701
363 30 1684
364 26 1666
365 28 1704
366 35 1725
367 28 1699
368 26 1690
369 30 1689
370 24 1697
371 30 1695
372 29 1733
373 28 1690
374 32 1705
375 32 1716
376 29 1690
377 29 1696
378 26 1696
379 28 1717
380 34 1683
381 33 1710
382 30 1717
383 31 1686
384 29 1696
385 28 1679
386 33 1657
387 29 1715
388 31 1700
389 33 1687
390 32 1729
391 26 1682
392 27 1678
393 29 1686
394 31 1721
395 32 1730
396 33 1697
397 30 1711
398 32 1691
399 0 1
400 32 1720
401 36 1676
402 31 1669
403 30 1699
404 29 1703
405 33 1695
406 29 1710
407 29 1705
408 25 1683
409 28 1710
410 27 1714
411 27 1713
412 30 1705
413 30 1725
414 27 1727
415 30 1715
416 28 1666
417 31 1700
418 32 1706
419 33 1689
420 31 1709
421 32 1696
422 35 1692
423 32 1713
424 32 1703
425 46 1706
426 33 1732
427 33 1720
428 32 1687
429 36 1672
430 37 1693
431 31 1713
432 55 1705
433 47 1704
434 0 1
435 30 1707
436 31 1714
437 30 1687
438 32 1710
439 31 1692
440 34 1684
441 32 1712
442 34 1691
443 35 1686
444 42 1685
445 36 1703
446 35 1713
447 43 1731
448 29 1718
449 35 1715
450 26 1670
451 27 1689
452 31 1698
453 26 1709
454 25 1692
455 28 1725
456 30 1694
457 27 1681
458 29 1669
459 34 1701
460 33 1716
461 30 1714
462 32 1679
463 33 1729
464 33 1691
465 26 1689
466 31 1715
467 34 1716
468 26 1680
469 28 1742
470 26 1687
471 33 1699
472 27 1701
473 27 1684
474 28 1717
475 32 1680
476 31 1697
477 29 1718
478 29 1700
479 32 1704
480 33 1701
481 24 1664
482 29 1717
483 26 1697
484 33 1752
485 32 1709
486 29 1690
487 27 1718
488 37 1682
489 37 1684
490 28 1698
491 31 1704
492 26 1716
493 25 1691
494 27 1698
495 27 1706
496 30 1709
497 32 1703
498 33 1684
499 37 1702
500 33 1695
501 31 1685
502 31 1698
503 30 1737
504 28 1725
505 36 1684
506 32 1721
507 35 1699
508 35 1681
509 33 1671
510 30 1696
511 28 1691
512 28 1713
513 30 1672
514 36 1713
515 36 1718
516 39 1694
517 31 1667
518 32 1697
519 32 1702
520 33 1675
521 30 1701
522 35 1699
523 33 1711
524 27 1704
525 28 1709
526 27 1709
527 32 1712
528 32 1688
529 32 1698
530 33 1712
531 28 1692
532 32 1700
533 35 1709
534 34 1691
535 29 1714
536 33 1705
537 32 1730
538 28 1696
539 29 1711
540 33 1687
541 34 1675
542 40 1703
543 45 1688
544 46 1695
545 39 1715
546 48 1690
547 35 1729
548 38 1709
549 40 1717
550 42 1709
551 24 1725
552 34 1705
553 31 1686
554 27 1705
555 30 1694
556 31 1700
557 29 1696
558 34 1710
559 37 1710
560 32 1715
561 27 1723
562 33 1688
563 29 1691
564 24 1714
565 30 1736
566 32 1669
567 28 1696
568 32 1725
569 35 1682
570 31 1664
571 34 1715
572 27 1706
573 28 1694
574 29 1704
575 29 1683
576 26 1718
577 36 1716
578 29 1713
579 27 1715
580 28 1675
581 35 1683
582 35 1717
583 27 1705
584 37 1718
585 30 1706
586 30 1701
587 27 1722
588 33 1707
589 32 1702
590 30 1703
591 49 1700
592 30 1699
593 41 1698
594 26 1713
595 30 1710
596 25 1685
597 28 1699
598 34 1701
599 27 1713
600 27 1707
601 34 1691
602 34 1693
603 32 1693
604 31 1681
605 31 1694
606 32 1697
607 36 1711
608 37 1697
609 30 1715
610 47 1704
611 31 1673
612 44 1669
613 32 1693
614 41 1704
615 39 1713
616 0 1
617 34 1682
618 34 1721
619 69 1736
620 71 1692
621 32 1706
622 29 1698
623 36 1699
624 32 1696
625 28 1703
626 29 1688
627 32 1703
628 28 1675
629 30 1668
630 33 1683
631 26 1695
632 30 1683
633 29 1718
634 37 1712
635 33 1682
636 38 1678
637 29 1726
638 32 1711
639 30 1668
640 29 1700
641 30 1691
642 27 1730
643 29 1698
644 45 1698
645 32 1692
646 33 1685
647 31 1699
648 31 1704
649 39 1702
650 42 1722
651 31 1689
652 26 1703
653 33 1703
654 33 1700
655 30 1683
656 31 1705
657 31 1695
658 25 1722
659 32 1707
660 32 1713
661 30 1698
662 32 1710
663 31 1701
664 31 1720
665 28 1672
666 33 1674
667 30 1681
668 31 1696
669 33 1697
670 28 1686
671 32 1720
672 33 1711
673 28 1663
674 38 1713
675 33 1720
676 33 1689
677 34 1728
678 33 1669
679 28 1678
680 27 1689
681 37 1701
682 36 1723
683 30 1718
684 32 1712
685 43 1693
686 29 1727
687 31 1711
688 31 1705
689 32 1708
690 28 1698
691 33 1724
692 28 1681
693 28 1664
694 29 1700
695 40 1714
696 49 1708
697 31 1723
698 29 1698
699 35 1688
700 36 1666
701 36 1724
702 45 1671
703 36 1697
704 27 1709
705 29 1708
706 36 1710
707 36 1704
708 40 1677
709 30 1691
710 34 1691
711 32 1718
712 35 1680
713 36 1698
714 32 1708
715 33 1702
716 32 1722
717 29 1690
718 32 1731
719 33 1672
720 34 1681
721 31 1711
722 29 1740
723 37 1682
724 34 1726
725 35 1696
726 43 1710
727 28 1678
728 38 1699
729 29 1672
730 29 1736
731 32 1710
732 37 1701
733 27 1690
734 39 1691
735 35 1728
736 48 1706
737 36 1682
738 33 1716
739 30 1710
740 28 1673
741 33 1701
742 31 1706
743 33 1716
744 34 1670
745 37 1745
746 28 1691
747 36 1693
748 29 1696
749 28 1687
750 33 1714
751 25 1708
752 31 1689
753 34 1701
754 36 1693
755 33 1697
756 33 1669
757 29 1712
758 29 1716
759 30 1693
760 40 1677
761 31 1718
762 36 1691
763 31 1685
764 34 1704
765 31 1705
766 35 1703
767 31 1723
768 27 1704
769 34 1689
770 33 1705
771 34 1693
772 27 1686
773 26 1705
774 28 1696
775 30 1719
776 27 1703
777 31 1696
778 27 1744
779 26 1724
780 40 1705
781 27 1663
782 29 1692
783 33 1711
784 28 1701
785 37 1700
786 34 1715
787 32 1658
788 39 1689
789 43 1683
790 36 1704
791 27 1691
792 35 1697
793 28 1708
794 29 1699
795 31 1695
796 38 1699
797 33 1700
798 36 1679
799 45 1670
800 32 1723
801 35 1705
802 28 1687
803 32 1680
804 34 1686
805 28 1647
806 33 1705
807 27 1696
808 33 1705
809 32 1693
810 39 1675
811 30 1734
812 28 1727
813 28 1670
814 29 1724
815 32 1682
816 34 1687
817 31 1685
818 32 1697
819 30 1712
820 33 1706
821 26 1708
822 36 1700
823 51 1713
824 31 1702
825 28 1696
826 33 1691
827 33 1718
828 27 1728
829 30 1738
830 32 1695
831 31 1679
832 27 1671
833 33 1699
834 26 1684
835 35 1711
836 29 1743
837 28 1717
838 27 1675
839 27 1715
840 33 1706
841 36 1679
842 29 1701
843 34 1711
844 27 1704
845 31 1722
846 27 1721
847 26 1713
848 35 1675
849 29 1692
850 29 1724
851 29 1709
852 24 1686
853 29 1703
854 50 1701
855 35 1701
856 37 1747
857 32 1741
858 39 1710
859 37 1708
860 33 1699
861 40 1708
862 34 1689
863 30 1703
864 32 1696
865 35 1732
866 36 1709
867 34 1727
868 32 1725
869 35 1676
870 45 1688
871 31 1702
872 35 1721
873 28 1700
874 28 1704
875 36 1708
876 30 1718
877 27 1679
878 29 1725
879 30 1704
880 32 1703
881 29 1708
882 26 1694
883 26 1688
884 33 1675
885 27 1689
886 32 1707
887 31 1687
888 32 1686
889 26 1668
890 26 1690
891 34 1685
892 24 1679
893 29 1690
894 34 1687
895 29 1727
896 33 1666
897 26 1680
898 34 1671
899 25 1669
900 31 1713
901 27 1691
902 29 1683
903 33 1688
904 26 1675
905 31 1706
906 33 1702
907 35 1710
908 30 1680
909 32 1695
910 33 1686
911 27 1671
912 30 1719
913 32 1690
914 37 1711
915 30 1720
916 33 1713
917 32 1701
918 36 1656
919 34 1689
920 27 1691
921 26 1688
922 32 1707
923 31 1688
924 0 1
925 36 1690
926 30 1705
927 32 1724
928 29 1711
929 25 1694
930 33 1681
931 34 1706
932 36 1688
933 29 1692
934 29 1665
935 31 1721
936 25 1681
937 35 1706
938 32 1687
939 26 1691
940 33 1679
941 30 1663
942 31 1689
943 30 1701
944 29 1707
945 32 1733
946 31 1694
947 26 1681
948 28 1706
949 29 1704
950 31 1734
951 43 1695
952 33 1701
953 26 1670
954 35 1716
955 26 1705
956 28 1694
957 32 1693
958 29 1699
959 25 1713
960 28 1664
961 30 1694
962 36 1655
963 34 1736
964 31 1687
965 28 1709
966 43 1651
967 30 1722
968 32 1681
969 28 1716
970 27 1707
971 29 1701
972 34 1703
973 31 1723
974 31 1709
975 27 1700
976 31 1690
977 29 1673
978 35 1695
979 26 1679
980 28 1718
981 28 1711
982 35 1670
983 30 1702
984 34 1702
985 35 1677
986 30 1698
987 42 1689
988 33 1691
989 50 1679
990 33 1674
991 66 1687
992 38 1708
993 42 1691
994 32 1696
995 31 1700
996 31 1710
997 34 1697
998 28 1696
999 33 1722
1000 36 1721
1001 33 1683
1002 34 1721
1003 30 1707
1004 32 1714
1005 31 1664
1006 26 1689
1007 28 1696
1008 31 1690
1009 32 1672
1010 27 1697
1011 30 1731
1012 39 1696
1013 36 1657
1014 32 1699
1015 35 1711
1016 29 1705
1017 33 1722
1018 37 1714
1019 30 1673
1020 30 1696
1021 44 1707
1022 32 1699
1023 29 1708
1024 33 1702
1025 32 1706
1026 38 1704
1027 36 1701
1028 37 1713
1029 31 1691
1030 35 1686
1031 23 1721
1032 24 1713
1033 30 1692
1034 30 1694
1035 36 1694
1036 0 1
1037 31 1702
1038 27 1700
1039 29 1705
1040 30 1698
1041 31 1696
1042 35 1710
1043 30 1697
1044 28 1735
1045 31 1713
1046 34 1697
1047 27 1688
1048 36 1697
1049 31 1690
1050 52 1686
1051 31 1709
1052 31 1710
1053 29 1711
1054 33 1701
1055 31 1706
1056 29 1705
1057 38 1699
1058 31 1686
1059 34 1692
1060 0 1
1061 30 1694
1062 35 1683
1063 36 1721
1064 28 1706
1065 33 1716
1066 29 1719
1067 32 1700
1068 28 1703
1069 34 1667
1070 25 1689
1071 35 1713
1072 35 1688
1073 40 1706
1074 37 1733
1075 30 1708
1076 28 1698
1077 29 1691
1078 31 1700
1079 33 1682
1080 34 1693
1081 33 1685
1082 31 1708
1083 27 1738
1084 32 1699
1085 33 1707
1086 33 1700
1087 33 1687
1088 33 1703
1089 31 1716
1090 34 1669
1091 39 1662
1092 31 1693
1093 31 1690
1094 30 1682
1095 29 1683
1096 43 1708
1097 33 1706
1098 40 1704
1099 32 1700
1100 36 1677
1101 26 1697
1102 0 1
1103 27 1689
1104 0 1
1105 30 1697
1106 34 1702
1107 25 1677
1108 42 1699
1109 32 1721
1110 36 1725
1111 45 1706
1112 51 1693
1113 50 1685
1114 34 1698
1115 41 1706
1116 29 1694
1117 35 1676
1118 31 1700
1119 32 1700
1120 34 1697
1121 35 1710
1122 41 1703
1123 33 1664
1124 62 1707
1125 35 1686
1126 35 1703
1127 40 1703
1128 32 1688
1129 31 1703
1130 35 1689
1131 42 1697
1132 29 1695
1133 32 1719
1134 34 1716
1135 37 1717
1136 30 1683
1137 30 1670
1138 31 1712
1139 29 1715
1140 36 1691
1141 30 1697
1142 39 1718
1143 31 1685
1144 32 1716
1145 38 1699
1146 37 1687
1147 33 1684
1148 34 1687
1149 36 1691
1150 41 1700
1151 32 1689
1152 27 1685
1153 33 1683
1154 28 1685
1155 31 1717
1156 26 1686
1157 40 1680
1158 36 1711
1159 34 1707
1160 36 1702
1161 29 1726
1162 35 1723
1163 34 1700
1164 30 1665
1165 26 1703
1166 32 1685
1167 29 1704
1168 35 1683
1169 0 1
1170 35 1711
1171 30 1746
1172 31 1711
1173 52 1710
1174 55 1696
1175 32 1693
1176 31 1693
1177 29 2
1178 47 1690
1179 37 1700
1180 38 1673
1181 33 1679
1182 32 1703
1183 34 1687
1184 32 1705
1185 36 1698
1186 29 1718
1187 30 1698
1188 35 1675
1189 32 1702
1190 27 1691
1191 29 1690
1192 36 1690
1193 47 1721
1194 32 1680
1195 31 1700
1196 33 1692
1197 34 1689
1198 32 1681
1199 28 1713
1200 34 1715
1201 32 1707
1202 44 1688
1203 36 1720
1204 34 1687
1205 30 1696
1206 31 1707
1207 30 1698
1208 34 1727
1209 27 1714
1210 35 1716
1211 32 1707
1212 41 1680
1213 35 1676
1214 40 1702
1215 49 1724
1216 45 1729
1217 37 1677
1218 40 1706
1219 25 1706
1220 36 1658
1221 30 1701
1222 75 1691
1223 47 1703
1224 30 1689
1225 28 1695
1226 31 1698
1227 36 1691
1228 38 1694
1229 29 1697
1230 32 1701
1231 38 1704
1232 40 1674
1233 36 1676
1234 31 1693
1235 29 1670
1236 29 1713
1237 38 1697
1238 59 1714
1239 30 1687
1240 46 1710
1241 38 1712
1242 54 1712
1243 16 4
1244 34 1732
1245 32 1673
1246 39 1689
1247 34 1693
1248 31 1737
1249 41 1709
1250 33 1719
1251 32 1699
1252 35 1686
1253 33 1695
1254 34 1688
1255 37 1733
1256 25 1707
1257 37 1707
1258 31 1647
1259 31 1724
1260 50 1689
1261 49 1693
1262 58 1704
1263 33 1685
1264 34 1701
1265 31 1691
1266 32 1717
1267 30 1676
1268 35 1704
1269 27 1672
1270 29 1714
1271 39 1713
1272 44 1686
1273 34 1679
1274 47 1704
1275 35 1733
1276 36 1711
1277 38 1692
1278 37 1739
1279 36 1673
1280 36 1695
1281 34 1702
1282 29 1680
1283 33 1728
1284 36 1742
1285 34 1678
1286 34 1702
1287 40 1701
1288 70 1682
1289 49 1698
1290 31 1703
1291 36 1709
1292 27 1687
1293 32 1708
1294 37 1686
1295 34 1674
1296 0 1
1297 39 1683
1298 41 1716
1299 43 1712
1300 30 1740
1301 31 1668
1302 27 1702
1303 26 1731
1304 38 1682
1305 33 1729
1306 28 1706
1307 33 1685
1308 32 1688
1309 32 1701
1310 35 1707
1311 27 1706
1312 35 1711
1313 29 1710
1314 28 1674
1315 35 1717
1316 66 1687
1317 36 1704
1318 32 1719
1319 33 1689
1320 29 1694
1321 24 1690
1322 38 1723
1323 42 1702
1324 38 1671
1325 45 1697
1326 43 1732
1327 35 1683
1328 40 1689
1329 37 1716
1330 30 1683
1331 32 1693
1332 33 1694
1333 26 1691
1334 35 1703
1335 30 1711
1336 26 1723
1337 32 1689
1338 43 1664
1339 29 1677
1340 33 1701
1341 37 1666
1342 32 1706
1343 38 1674
1344 28 1698
1345 34 1687
1346 29 1679
1347 34 1679
1348 35 1704
1349 42 1716
1350 44 1728
1351 36 1745
1352 39 1673
1353 33 1693
1354 36 1688
1355 36 1721
1356 46 1707
1357 32 1713
1358 32 1703
1359 43 1711
1360 34 1668
1361 32 1716
1362 45 1685
1363 33 1689
1364 30 1738
1365 36 1666
1366 30 1701
1367 26 1676
1368 34 1701
1369 37 1702
1370 34 1706
1371 37 1728
1372 39 1713
1373 29 1671
1374 31 1714
1375 43 1672
1376 33 1690
1377 32 1700
1378 61 1710
1379 0 1
1380 38 1687
1381 34 1683
1382 58 1712
1383 35 1701
1384 49 1696
1385 35 1713
1386 31 1654
1387 32 1695
1388 44 1704
1389 33 1719
1390 35 1714
1391 39 1704
1392 40 1700
1393 44 1666
1394 35 1699
1395 39 1714
1396 39 1699
1397 36 1649
1398 46 1681
1399 37 1706
1400 43 1678
1401 58 1706
1402 44 1693
1403 39 1735
1404 40 1720
1405 0 1
1406 34 1686
1407 24 1702
1408 41 1731
1409 35 1714
1410 33 1691
1411 33 1710
1412 37 1711
1413 29 1721
1414 34 1700
1415 30 1672
1416 37 1695
1417 38 1680
1418 32 1710
1419 36 1719
1420 31 1687
1421 26 1674
1422 68 1723
1423 31 1714
1424 34 1687
1425 31 1718
1426 25 1695
1427 31 1689
1428 37 1678
1429 32 1714
1430 33 1674
1431 31 1712
1432 38 1701
1433 48 1658
1434 55 1730
1435 34 1673
1436 37 1700
1437 38 1708
1438 32 1706
1439 45 1676
1440 34 1718
1441 30 1698
1442 30 1673
1443 44 1719
1444 35 1685
1445 38 1702
1446 36 1709
1447 36 1725
1448 34 1689
1449 48 1684
1450 26 1684
1451 39 1699
1452 37 1718
1453 34 1711
1454 35 1707
1455 44 1699
1456 58 1699
1457 28 1697
1458 28 1703
1459 59 1715
1460 32 1677
1461 33 1689
1462 31 1698
1463 44 1709
1464 39 1684
1465 35 1695
1466 30 1727
1467 32 1726
1468 37 1659
1469 29 1685
1470 30 1704
1471 30 1702
1472 52 1727
1473 52 1723
1474 46 1696
1475 41 1722
1476 28 1699
1477 27 1681
1478 28 1692
1479 36 1689
1480 35 1731
1481 40 1718
1482 59 1712
1483 41 1688
1484 87 1707
1485 32 1703
1486 34 1681
1487 30 1711
1488 34 1691
1489 37 1671
1490 30 1706
1491 34 1698
1492 44 1710
1493 34 1722
1494 40 1700
1495 27 1722
1496 33 1700
1497 26 1691
1498 36 1682
1499 43 1702
1500 34 1697
1501 37 1724
1502 29 1696
1503 40 1693
1504 0 1
1505 27 1690
1506 36 1701
1507 34 1738
1508 36 1724
1509 33 1705
1510 33 1673
1511 31 1710
1512 26 1692
1513 29 1732
1514 36 1700
1515 33 1705
1516 42 1678
1517 48 1684
1518 32 1698
1519 38 1687
1520 30 1681
1521 78 1683
1522 49 1700
1523 33 1697
1524 30 1695
1525 33 1736
1526 40 1688
1527 30 1686
1528 35 1711
1529 45 1685
1530 35 1705
1531 37 1680
1532 29 1688
1533 34 1706
1534 34 1697
1535 29 1706
1536 41 1702
1537 38 1685
1538 33 1722
1539 31 1697
1540 39 1723
1541 35 1702
1542 0 1
1543 36 1705
1544 30 1678
1545 33 1700
1546 34 1716
1547 35 1678
1548 41 1711
1549 37 1671
1550 36 1684
1551 41 1691
1552 37 1664
1553 27 1669
1554 31 1699
1555 35 1669
1556 33 1710
1557 38 1702
1558 0 1
1559 38 1683
1560 35 1732
1561 45 1679
1562 59 1722
1563 49 1703
1564 57 1709
1565 37 1701
1566 58 1703
1567 35 1704
1568 34 1715
1569 41 1713
1570 42 1681
1571 41 1692
1572 48 1693
1573 43 1701
1574 54 1689
1575 28 1720
1576 41 1709
1577 32 1678
1578 31 1722
1579 33 1713
1580 34 1685
1581 28 1706
1582 26 1711
1583 31 1691
1584 35 1700
1585 30 1697
1586 32 1708
1587 32 1704
1588 52 1711
1589 30 1697
1590 29 1707
1591 34 1699
1592 34 1697
1593 34 1700
1594 33 1675
1595 60 1696
1596 38 1694
1597 43 1681
1598 33 1692
1599 34 1742
1600 38 1671
1601 48 1663
1602 34 1702
1603 33 1685
1604 73 1674
1605 30 1692
1606 42 1704
1607 40 1702
1608 30 1699
1609 44 1732
1610 45 1691
1611 38 1715
1612 42 1673
1613 46 1723
1614 48 1685
1615 38 1705
1616 38 1717
1617 29 1675
1618 29 1717
1619 32 1713
1620 42 1696
1621 62 1673
1622 30 1671
1623 36 1712
1624 46 1704
1625 52 1707
1626 32 1704
1627 32 1720
1628 59 1709
1629 42 1687
1630 41 1700
1631 33 1720
1632 42 1693
1633 50 1716
1634 29 1695
1635 39 1691
1636 36 1649
1637 40 1691
1638 42 1713
1639 36 1722
1640 44 1708
1641 81 1695
1642 32 1697
1643 31 1704
1644 29 1668
1645 30 1723
1646 35 1689
1647 51 1712
1648 26 1704
1649 32 1711
1650 27 1689
1651 32 1690
1652 25 1690
1653 38 1698
1654 30 1693
1655 0 1
1656 0 1
1657 49 1716
1658 40 1673
1659 0 1
1660 33 1691
1661 30 1702
1662 41 1704
1663 35 1691
1664 54 1701
1665 59 1716
1666 50 1671
1667 32 1708
1668 78 1699
1669 44 1699
1670 33 1688
1671 37 1677
1672 39 1689
1673 68 1726
1674 52 1683
1675 57 1694
1676 37 1712
1677 32 1742
1678 44 1685
1679 34 1710
1680 51 1697
1681 43 1712
1682 30 1691
1683 53 1708
1684 33 1705
1685 31 1713
1686 34 1709
1687 38 1680
1688 33 1735
1689 37 1734
1690 32 1672
1691 33 1706
1692 53 1692
1693 48 1687
1694 48 1704
1695 67 1718
1696 46 1723
1697 51 1705
1698 30 1683
1699 30 1679
1700 49 1713
1701 48 1690
1702 83 1718
1703 48 1708
1704 38 1707
1705 38 1707
1706 46 1713
1707 32 1707
1708 45 1750
1709 68 1690
1710 35 2
1711 32 1721
1712 29 1683
1713 34 1674
1714 53 1689
1715 45 1685
1716 37 1686
1717 61 1709
1718 43 1699
1719 40 1688
1720 55 1700
1721 38 1697
1722 42 1692
1723 51 1739
1724 34 1714
1725 35 1697
1726 35 1699
1727 33 1706
1728 53 1717
1729 38 1705
1730 45 1681
1731 51 1709
1732 28 1725
1733 48 1698
1734 40 1679
1735 38 1723
1736 30 1687
1737 35 1706
1738 42 1705
1739 45 1704
1740 35 1712
1741 0 1
1742 44 1693
1743 31 1693
1744 0 1
1745 20 2
1746 6 2
1747 2 2
1748 15 2
1749 32 2
1750 14 2
1751 19 2
1752 7 3
1753 10 4
1754 63 4
1755 9 4
1756 23 2
1757 57 2
1758 64 1708
1759 57 1685
1760 13 2
1761 5 2
1762 16 2
1763 37 2
1764 17 2
1765 36 2
1766 2 2
1767 13 2
1768 2 2
1769 27 2
1770 38 5
1771 25 4
1772 0 1
1773 32 3
1774 24 3
1775 0 1
1776 16 3
1777 13 2
1778 7 2
1779 24 3
1780 2 2
1781 21 3
1782 126 1699
1783 71 1700
1784 37 1700
1785 1 2
1786 14 2
1787 62 5
1788 39 5
1789 9 3
1790 17 6
1791 6 2
1792 18 6
1793 53 3
1794 24 3
1795 4 3
1796 5 2
1797 19 2
1798 17 5
1799 21 5
1800 15 5
1801 19 5
1802 13 5
1803 6 2
1804 8 2
1805 32 2
1806 20 2
1807 3 2
1808 23 2
1809 18 2
1810 65 2
1811 12 2
1812 16 2
1813 0 1
1814 18 2
1815 0 1
1816 0 1
1817 55 3
1818 25 3
1819 31 3
1820 10 2
1821 13 2
1822 4 3
1823 11 3
1824 5 3
1825 8 4
1826 16 4
1827 15 4
1828 11 4
1829 5 2
1830 70 2
1831 14 3
1832 25 3
1833 15 3
1834 4 2
1835 8 2
1836 21 2
1837 23 2
1838 18 6
1839 18 6
1840 56 6
1841 12 6
1842 24 6
1843 22 7
1844 34 1707
1845 37 1735
1846 34 1748
1847 50 1717
1848 35 1686
1849 41 1703
1850 33 1688
1851 34 1694
1852 37 1700
1853 32 1682
1854 38 1709
1855 36 1693
1856 47 1702
1857 41 1718
1858 44 1709
1859 41 1695
1860 35 1662
1861 7 4
1862 27 4
1863 10 5
1864 13 5
1865 28 5
1866 26 8
1867 17 8
1868 32 8
1869 23 8
1870 30 7
1871 1 2
1872 0 1
1873 11 2
1874 26 2
1875 48 2
1876 22 2
1877 9 2
1878 47 2
1879 18 3
1880 21 3
1881 7 3
1882 21 3
1883 23 3
1884 21 3
1885 41 2
1886 1 2
1887 55 1718
1888 40 1697
1889 48 1721
1890 33 1712
1891 0 1
1892 27 4
1893 9 5
1894 9 5
1895 14 5
1896 14 5
1897 23 7
1898 15 8
1899 38 7
1900 16 5
1901 24 5
1902 36 5
1903 15 5
1904 16 5
1905 8 2
1906 24 2
1907 57 1689
1908 25 2
1909 14 2
1910 5 4
1911 26 4
1912 18 4
1913 44 4
1914 38 10
1915 24 9
1916 79 8
1917 31 9
1918 0 1
1919 88 7
1920 15 10
1921 28 5
1922 8 6
1923 2 5
1924 29 6
1925 27 6
1926 13 6
1927 27 2
1928 4 2
1929 17 2
1930 14 2
1931 27 4
1932 76 7
1933 38 8
1934 39 1686
1935 12 2
1936 6 3
1937 13 3
1938 12 3
1939 36 3
1940 37 3
1941 0 1
1942 0 1
1943 9 8
1944 12 8
1945 8 8
1946 13 8
1947 17 8
1948 6 8
1949 12 7
1950 13 8
1951 23 2
1952 27 2
1953 22 3
1954 16 4
1955 27 4
1956 37 4
1957 52 1712
1958 95 1698
1959 46 1743
1960 28 2
1961 14 2
1962 12 2
1963 33 2
1964 10 2
1965 28 3
1966 9 3
1967 8 2
1968 3 2
1969 10 2
1970 7 2
1971 21 2
1972 0 1
1973 39 3
1974 28 3
1975 7 3
1976 40 1708
1977 90 1713
1978 44 1712
1979 75 1701
1980 38 1709
1981 58 1706
1982 50 1735
1983 51 1722
1984 54 1720
1985 0 1
1986 41 1698
1987 73 1701
1988 45 1704
1989 24 2
1990 3 2
1991 8 2
1992 18 2
1993 32 4
1994 13 4
1995 26 4
1996 5 3
1997 6 3
1998 13 3
1999 7 3
2000 38 3
2001 17 3
2002 28 3
2003 12 3
2004 6 3
2005 57 3
2006 9 2
2007 7 2
2008 8 2
2009 16 2
2010 5 2
2011 30 2
2012 19 2
2013 15 2
2014 14 4
2015 22 4
2016 24 4
2017 2 4
2018 0 1
2019 23 5
2020 16 5
2021 29 5
2022 11 4
2023 19 3
2024 29 3
2025 5 3
2026 13 2
2027 2 3
2028 9 3
2029 3 2
2030 15 2
2031 10 2
2032 0 1
2033 43 1715
2034 57 1706
2035 36 1711
2036 13 12
2037 10 13
2038 11 13
2039 10 13
2040 15 12
2041 8 11
2042 8 13
2043 15 13
2044 7 13
2045 7 12
2046 7 13
2047 10 13
2048 7 13
2049 70 1719
2050 39 1708
2051 46 1701
2052 29 1708
2053 33 1702
2054 31 1718
2055 28 1696
2056 36 1714
2057 34 1714
2058 38 1713
2059 9 2
2060 45 1693
2061 41 1684
2062 99 1696
2063 61 1714
2064 36 1694
2065 66 1679
2066 49 1729
2067 100 1702
2068 53 1715
2069 95 1670
2070 34 1699
2071 112 1708
2072 33 1696
2073 30 1698
2074 33 1694
2075 35 1697
2076 31 1706
2077 32 1728
2078 33 1719
2079 32 1696
2080 34 1697
2081 31 1689
2082 36 1706
2083 30 1708
2084 36 1733
2085 34 1692
2086 28 1661
2087 29 1681
2088 0 1
2089 12 2
2090 4 2
2091 10 5
2092 7 5
2093 9 5
2094 8 5
2095 14 4
2096 85 1695
2097 0 1
2098 41 3
2099 22 3
2100 13 2
2101 0 1
2102 36 1692
2103 33 3
2104 42 3
2105 31 3
2106 12 2
2107 2 2
2108 3 2
2109 2 2
2110 44 1700
2111 0 1
2112 49 3
2113 25 3
2114 17 3
2115 10 2
2116 1 2
2117 4 2
2118 32 2
2119 43 1728
2120 3 2
2121 33 2
2122 10 2
2123 0 1
2124 10 2
2125 17 2
2126 5 2
2127 51 2
2128 2 2
2129 13 3
2130 11 3
2131 42 1694
2132 61 1702
2133 55 1669
2134 45 1684
2135 18 2
2136 0 1
2137 52 1698
2138 11 2
2139 9 2
2140 48 2
2141 29 2
2142 40 1713
2143 46 1718
2144 31 1727
2145 42 1720
2146 38 1711
2147 42 1712
2148 63 1721
2149 41 1676
2150 37 1745
2151 40 1731
2152 34 1692
2153 32 1714
2154 34 1692
2155 0 1
2156 16 2
2157 0 1
2158 6 2
2159 19 2
2160 46 1696
2161 37 1707
2162 54 1676
2163 8 2
2164 4 2
2165 52 1713
2166 45 1695
2167 33 1671
2168 45 1697
2169 77 1721
2170 45 1710
2171 44 1700
2172 8 2
2173 0 1
2174 36 1725
2175 31 1710
2176 0 1
2177 10 4
2178 26 4
2179 16 4
2180 25 2
2181 10 2
2182 33 1684
2183 42 1678
2184 37 1681
2185 44 1696
2186 62 1666
2187 30 1667
2188 38 1722
2189 39 1667
2190 34 1693
2191 38 1695
2192 52 1689
2193 44 1726
2194 6 2
2195 6 2
2196 31 3
2197 15 3
2198 12 3
2199 47 1720
2200 13 4
2201 20 4
2202 11 4
2203 1 2
2204 3 2
2205 30 2
2206 35 1683
2207 38 1698
2208 92 1678
2209 104 1717
2210 66 1697
2211 54 1715
2212 75 1712
2213 1 2
2214 20 2
2215 18 3
2216 10 3
2217 27 3
2218 55 1659
2219 102 1710
2220 85 1685
2221 46 1729
2222 21 5
2223 17 5
2224 14 5
2225 10 5
2226 17 5
2227 5 2
2228 3 2
2229 19 2
2230 24 2
2231 45 1687
2232 34 1654
2233 42 1698
2234 42 1691
2235 43 1707
2236 63 1703
2237 34 1703
2238 52 1692
2239 35 1718
2240 107 1706
2241 59 1712
2242 35 1726
2243 46 1728
2244 40 1639
2245 33 1704
2246 42 1669
2247 41 1694
2248 31 1695
2249 42 1712
2250 2 4
2251 6 3
2252 25 4
2253 7 4
2254 41 1693
2255 38 1678
2256 27 1705
2257 58 2
2258 3 2
2259 37 1683
2260 4 3
2261 47 3
2262 6 3
2263 49 1686
2264 23 3
2265 34 3
2266 29 3
2267 5 2
2268 28 2
2269 45 2
2270 13 2
2271 40 1720
2272 52 1694
2273 70 1711
2274 38 1713
2275 6 3
2276 55 3
2277 43 3
2278 18 2
2279 4 2
2280 17 3
2281 24 3
2282 16 3
2283 2 2
2284 7 3
2285 40 3
2286 37 1703
2287 52 1693
2288 64 1693
2289 5 2
2290 17 2
2291 56 1692
2292 2 2
2293 78 2
2294 37 1671
2295 46 1670
2296 12 2
2297 3 2
2298 51 1713
2299 42 1702
2300 43 1706
2301 15 5
2302 10 5
2303 24 5
2304 18 4
2305 36 4
2306 40 1680
2307 33 1674
2308 50 1639
2309 56 1715
2310 35 1709
2311 30 1708
2312 32 1699
2313 9 2
2314 23 2
2315 0 1
2316 9 2
2317 23 3
2318 15 3
2319 21 3
2320 0 1
2321 12 2
2322 35 2
2323 11 2
2324 3 2
2325 1 2
2326 4 2
2327 1 2
2328 32 5
2329 78 6
2330 15 4
2331 18 4
2332 0 1
2333 18 4
2334 50 2
2335 6 2
2336 20 3
2337 12 3
2338 15 3
2339 58 1712
2340 43 1737
2341 70 1686
2342 57 1705
2343 61 1702
2344 49 1690
2345 31 1706
2346 39 1679
2347 50 1699
2348 59 1707
2349 52 1726
2350 59 2
2351 76 2
2352 32 1714
2353 38 1698
2354 28 1705
2355 40 1685
2356 32 1690
2357 35 1724
2358 30 1693
2359 34 1700
2360 73 1707
2361 12 5
2362 22 5
2363 20 5
2364 22 5
2365 4 5
2366 57 1679
2367 0 1
2368 52 1715
2369 37 1713
2370 39 1711
2371 35 1672
2372 39 1669
2373 30 1702
2374 35 1698
2375 29 1687
2376 38 1702
2377 42 1725
2378 75 1699
2379 19 4
2380 78 1699
2381 40 1701
2382 37 1689
2383 33 1709
2384 44 1701
2385 10 2
2386 34 1667
2387 32 1684
2388 21 2
2389 43 2
2390 40 1674
2391 60 1704
2392 31 1698
2393 13 7
2394 15 7
2395 19 5
2396 7 6
2397 13 6
2398 13 7
2399 13 6
2400 41 1750
2401 45 1685
2402 60 1696
2403 28 5
2404 31 4
2405 16 5
2406 5 5
2407 12 3
2408 45 2
2409 23 2
2410 45 1693
2411 51 1683
2412 38 1682
2413 71 1696
2414 16 6
2415 45 1673
2416 35 1697
2417 119 1702
2418 58 1685
2419 40 1668
2420 28 1692
2421 43 1680
2422 54 1706
2423 42 1696
2424 45 1709
2425 60 1716
