500 38 1696
501 27 1702
502 36 1678
503 37 1718
504 29 1700
505 30 1709
506 32 1698
507 37 1666
508 40 1704
509 30 1700
510 43 1659
511 38 1737
512 29 1705
513 32 1712
514 33 1707
515 32 1682
516 33 1723
517 33 1699
518 40 1695
519 31 1699
520 42 1692
521 34 1708
522 38 1700
523 32 1677
524 30 1712
525 35 1722
526 27 1702
527 29 1681
528 33 1684
529 34 1685
530 33 1719
531 29 1683
532 33 1733
533 31 1675
534 34 1679
535 30 1692
536 31 1685
537 29 1659
538 30 1705
539 31 1677
540 33 1702
541 30 1711
542 38 1688
543 32 1705
544 30 1714
545 35 1699
546 0 1
547 29 1714
548 36 1729
549 53 1736
550 46 1708
551 32 1706
552 33 1716
553 32 1705
554 0 1
555 33 1732
556 36 1686
557 38 1718
558 45 1706
559 45 1694
560 35 1661
561 28 1673
562 29 1679
563 31 1687
564 32 1686
565 32 1728
566 0 1
567 29 1711
568 27 1714
569 39 1721
570 27 1689
571 30 1709
572 31 1707
573 28 1716
574 32 1712
575 29 1683
576 28 1692
577 30 1698
578 36 1691
579 30 1700
580 31 1713
581 30 1707
582 29 1670
583 29 1683
584 29 1701
585 33 1707
586 30 1683
587 28 1704
588 29 1690
589 30 1709
590 35 1686
591 55 1696
592 30 1720
593 29 1727
594 30 1680
595 28 1719
596 31 1676
597 28 1702
598 35 1699
599 26 1710
200 30 1704
201 29 1681
202 33 1701
203 40 1657
204 28 1704
205 28 1728
206 29 1709
207 33 1698
208 35 1720
209 33 1705
210 31 1703
211 32 1693
212 31 1729
213 27 1681
214 30 1700
215 28 1684
216 31 1698
217 36 1701
218 27 1681
219 27 1689
220 45 1704
221 33 1723
222 34 1657
223 0 1
224 29 1686
225 36 1691
226 26 1717
227 31 1695
228 33 1703
229 32 1679
230 38 1699
231 36 1698
232 38 1661
233 30 1698
234 48 1701
235 38 1715
236 0 1
237 85 1702
238 32 1695
239 29 1727
240 41 1714
241 32 1701
242 28 1721
243 36 1693
244 32 1718
245 30 1707
246 34 1701
247 39 1754
248 31 1691
249 36 1687
250 28 1658
251 34 1696
252 33 1722
253 30 1697
254 26 1692
255 39 1682
256 30 1696
257 30 1688
258 33 1691
259 33 1712
260 33 1680
261 30 1696
262 31 1676
263 29 1687
264 36 1690
265 38 1704
266 27 1706
267 31 1702
268 25 1706
269 35 1718
270 34 1704
271 26 1692
272 29 1704
273 32 1723
274 26 1692
275 31 1709
276 28 1714
277 24 1698
278 30 1681
279 25 1687
280 30 1694
281 33 1696
282 32 1708
283 29 1687
284 24 1660
285 26 1702
286 21 1672
287 30 1671
288 28 1727
289 27 1629
290 34 1716
291 29 1683
292 26 1726
293 28 1695
294 31 1690
295 35 1678
296 29 1722
297 32 1709
298 48 1681
299 28 1688
1300 31 1689
1301 34 1710
1302 28 1710
1303 29 1717
1304 34 1675
1305 31 1689
1306 31 1698
1307 33 1707
1308 31 1734
1309 34 1734
1310 28 1696
1311 31 1727
1312 27 1698
1313 34 1707
1314 29 1674
1315 28 1677
1316 46 1699
1317 28 1715
1318 33 1688
1319 42 1725
1320 33 1692
1321 32 1711
1322 35 1723
1323 47 1698
1324 42 1727
1325 32 1726
1326 46 1715
1327 41 1708
1328 38 1717
1329 40 1732
1330 33 1722
1331 36 1699
1332 28 1693
1333 27 1710
1334 30 1683
1335 35 1671
1336 29 1687
1337 32 1706
1338 29 1693
1339 32 1673
1340 30 1696
1341 41 1696
1342 34 1712
1343 32 1688
1344 33 1760
1345 32 1697
1346 41 1700
1347 35 1703
1348 39 1710
1349 41 1698
1350 35 1696
1351 34 1685
1352 32 1693
1353 30 1719
1354 30 1736
1355 33 1693
1356 32 1679
1357 36 1702
1358 30 1703
1359 36 1700
1360 34 1717
1361 34 1714
1362 0 1
1363 36 1696
1364 39 1677
1365 33 1706
1366 50 1705
1367 38 1692
1368 36 1657
1369 31 1704
1370 33 1700
1371 77 1713
1372 33 1721
1373 34 1705
1374 32 1675
1375 34 1708
1376 34 1719
1377 27 1673
1378 33 1707
1379 33 1698
1380 37 1698
1381 27 1698
1382 38 1703
1383 47 1696
1384 32 1720
1385 33 1696
1386 36 1731
1387 29 1685
1388 32 1681
1389 33 1696
1390 36 1725
1391 38 1684
1392 37 1694
1393 27 1686
1394 36 1705
1395 35 1699
1396 30 1673
1397 31 1722
1398 53 1705
1399 39 1696
2200 19 4
2201 13 4
2202 18 4
2203 22 4
2204 3 2
2205 61 2
2206 41 1680
2207 32 1698
2208 70 1684
2209 74 1713
2210 0 1
2211 2 2
2212 51 1691
2213 3 2
2214 0 1
2215 5 3
2216 17 3
2217 9 3
2218 26 1691
2219 65 1685
2220 89 1705
2221 13 3
2222 23 5
2223 21 5
2224 11 5
2225 10 5
2226 9 5
2227 5 2
2228 1 2
2229 7 2
2230 4 2
2231 55 1682
2232 0 1
2233 38 1691
2234 40 1688
2235 41 1683
2236 38 1689
2237 47 1706
2238 36 1706
2239 39 1726
2240 91 1693
2241 3 2
2242 40 1663
2243 41 1694
2244 36 1664
2245 39 1695
2246 40 1685
2247 36 1688
2248 53 1727
2249 37 1681
2250 34 4
2251 16 4
2252 23 4
2253 12 4
2254 39 1698
2255 44 1687
2256 42 1697
2257 0 1
2258 15 2
2259 0 1
2260 2 3
2261 11 3
2262 24 3
2263 0 1
2264 12 3
2265 6 2
2266 42 3
2267 5 2
2268 39 2
2269 37 2
2270 9 2
2271 47 1701
2272 75 1687
2273 40 1712
2274 59 1690
2275 12 3
2276 14 3
2277 6 3
2278 40 2
2279 0 1
2280 28 3
2281 27 3
2282 10 3
2283 4 2
2284 31 3
2285 18 3
2286 39 1694
2287 50 1714
2288 35 1688
2289 38 2
2290 25 2
2291 60 1647
2292 18 2
2293 35 2
2294 33 1714
2295 37 1672
2296 9 2
2297 19 2
2298 65 1655
2299 82 1694
400 25 1729
401 57 1735
402 32 1694
403 33 1715
404 27 1699
405 28 1683
406 29 1729
407 28 1698
408 29 1723
409 28 1681
410 40 1717
411 26 1724
412 29 1709
413 33 1692
414 31 1694
415 33 1704
416 33 1695
417 31 1672
418 30 1684
419 29 1710
420 33 1750
421 33 1698
422 31 1703
423 27 1693
424 32 1671
425 31 1691
426 33 1708
427 36 1733
428 32 1704
429 30 1711
430 39 1675
431 52 1709
432 37 1722
433 48 1699
434 37 1690
435 33 1715
436 29 1688
437 30 1702
438 36 1697
439 25 1680
440 41 1672
441 29 1722
442 31 1709
443 26 1714
444 49 1711
445 49 1719
446 44 1674
447 30 1702
448 33 1662
449 30 1720
450 32 1681
451 29 1717
452 32 1697
453 31 1703
454 32 1710
455 27 1718
456 29 1696
457 30 1718
458 26 1677
459 29 1704
460 31 1711
461 26 1711
462 25 1709
463 30 1711
464 28 1695
465 33 1686
466 34 1701
467 29 1735
468 28 1682
469 27 1701
470 31 1681
471 32 1670
472 26 1712
473 26 1712
474 25 1708
475 34 1683
476 27 1706
477 29 1691
478 27 1729
479 30 1694
480 28 1696
481 32 1710
482 27 1670
483 31 1706
484 29 1725
485 33 1712
486 30 1692
487 31 1706
488 27 1701
489 35 1688
490 38 1691
491 31 1677
492 30 1691
493 33 1694
494 28 1723
495 29 1689
496 30 1686
497 41 1699
498 34 1690
499 32 1715
1400 45 1746
1401 9 4
1402 37 1686
1403 30 1702
1404 29 1703
1405 43 1727
1406 32 1717
1407 29 1712
1408 54 1716
1409 41 1694
1410 37 1710
1411 31 1684
1412 31 1709
1413 32 1679
1414 0 1
1415 32 1712
1416 32 1678
1417 29 1701
1418 34 1688
1419 30 1716
1420 28 1699
1421 32 1704
1422 43 1705
1423 35 1699
1424 0 1
1425 41 1707
1426 41 1694
1427 31 1722
1428 31 1707
1429 43 1709
1430 65 1686
1431 41 1687
1432 29 1709
1433 70 1676
1434 73 1706
1435 44 1680
1436 34 1721
1437 30 1666
1438 40 1691
1439 44 1695
1440 46 1661
1441 37 1691
1442 30 1705
1443 39 1705
1444 40 1706
1445 36 1683
1446 42 1741
1447 44 1700
1448 31 1709
1449 36 1696
1450 46 1717
1451 36 1664
1452 35 1697
1453 31 1696
1454 45 1701
1455 39 1693
1456 41 1719
1457 39 1701
1458 28 1713
1459 31 1713
1460 31 1703
1461 37 1710
1462 40 1716
1463 57 1690
1464 34 1706
1465 0 1
1466 32 1671
1467 31 1683
1468 45 1677
1469 37 1703
1470 35 1737
1471 35 1702
1472 33 1698
1473 39 1730
1474 38 1692
1475 37 1683
1476 36 1693
1477 30 1689
1478 30 1705
1479 46 1683
1480 28 1695
1481 30 1698
1482 35 1678
1483 67 1696
1484 33 1710
1485 26 1677
1486 33 1696
1487 36 1683
1488 29 1729
1489 35 1721
1490 32 1700
1491 41 1700
1492 47 1693
1493 33 1670
1494 34 1689
1495 37 1706
1496 86 1681
1497 31 1731
1498 34 1691
1499 0 1
300 33 1709
301 33 1718
302 33 1721
303 33 1693
304 31 1686
305 34 1688
306 26 1680
307 29 1701
308 31 1685
309 31 1658
310 33 1696
311 26 1717
312 29 1686
313 29 1719
314 28 1688
315 25 1681
316 28 1705
317 33 1698
318 29 1706
319 29 1712
320 25 1696
321 32 1690
322 26 1713
323 26 1689
324 26 1717
325 33 1690
326 33 1676
327 30 1700
328 31 1685
329 26 1685
330 33 1677
331 27 1695
332 31 1685
333 29 1692
334 26 1686
335 43 1715
336 30 1694
337 28 1693
338 27 1693
339 56 1724
340 36 1696
341 27 1655
342 43 1703
343 35 1707
344 31 1730
345 29 1704
346 28 1687
347 34 1705
348 30 1725
349 37 1721
350 28 1694
351 36 1717
352 29 1685
353 39 1680
354 40 1710
355 34 1671
356 39 1682
357 36 1694
358 53 1682
359 30 1690
360 40 1684
361 28 1702
362 30 1667
363 31 1690
364 33 1707
365 35 1668
366 28 1676
367 31 1697
368 32 1702
369 29 1707
370 24 1708
371 28 1700
372 32 1707
373 28 1706
374 26 1706
375 34 1684
376 33 1703
377 31 1697
378 38 1703
379 28 1696
380 30 1726
381 31 1722
382 26 1679
383 31 1692
384 39 1698
385 30 1698
386 38 1693
387 29 1671
388 30 1717
389 38 1693
390 34 1687
391 31 1685
392 28 1692
393 35 1674
394 31 1718
395 31 1693
396 27 1687
397 30 1670
398 37 1709
399 0 1
2000 8 3
2001 9 3
2002 10 3
2003 16 3
2004 40 3
2005 10 3
2006 4 2
2007 0 1
2008 15 2
2009 2 2
2010 6 2
2011 21 2
2012 67 2
2013 0 1
2014 11 4
2015 0 1
2016 11 4
2017 12 4
2018 8 5
2019 6 5
2020 19 5
2021 20 5
2022 13 5
2023 10 3
2024 6 3
2025 24 3
2026 7 3
2027 14 3
2028 18 3
2029 31 2
2030 7 2
2031 62 2
2032 5 2
2033 33 1680
2034 35 1704
2035 54 1686
2036 12 13
2037 14 12
2038 12 13
2039 11 13
2040 12 13
2041 10 13
2042 10 13
2043 14 12
2044 11 12
2045 6 13
2046 11 12
2047 10 12
2048 10 13
2049 50 1719
2050 43 1711
2051 45 1714
2052 35 1693
2053 31 1699
2054 35 1713
2055 33 1724
2056 33 1698
2057 32 1687
2058 36 1697
2059 34 1683
2060 38 1687
2061 51 1703
2062 67 1711
2063 46 1707
2064 60 1721
2065 59 1675
2066 51 1711
2067 47 1736
2068 92 1713
2069 48 1664
2070 43 1729
2071 38 1711
2072 43 1708
2073 38 1699
2074 35 1699
2075 31 1693
2076 31 1705
2077 31 1696
2078 30 1706
2079 31 1697
2080 38 1710
2081 33 1704
2082 35 1689
2083 30 1701
2084 32 1694
2085 33 1710
2086 37 1704
2087 28 1729
2088 32 1672
2089 24 2
2090 0 1
2091 21 5
2092 16 5
2093 16 5
2094 12 5
2095 18 5
2096 56 1708
2097 38 3
2098 24 3
2099 7 3
1700 36 1716
1701 79 1714
1702 41 1682
1703 0 1
1704 60 1718
1705 43 1705
1706 44 1668
1707 38 1699
1708 36 1722
1709 42 1683
1710 28 2
1711 51 1705
1712 72 1706
1713 36 1692
1714 44 1682
1715 49 1708
1716 47 1684
1717 58 1696
1718 40 1687
1719 40 1730
1720 36 1693
1721 34 1709
1722 46 1703
1723 42 1708
1724 31 1659
1725 59 1704
1726 51 1672
1727 50 1691
1728 70 1680
1729 33 1705
1730 51 1705
1731 0 1
1732 57 1687
1733 37 1709
1734 51 1691
1735 58 1704
1736 33 1705
1737 31 1682
1738 51 1722
1739 33 1695
1740 42 1683
1741 36 1667
1742 42 1701
1743 45 1697
1744 3 2
1745 6 2
1746 21 2
1747 29 2
1748 37 2
1749 39 2
1750 3 2
1751 0 1
1752 13 4
1753 12 4
1754 21 4
1755 4 4
1756 58 2
1757 10 2
1758 45 1689
1759 71 1683
1760 4 2
1761 40 2
1762 27 2
1763 30 2
1764 19 2
1765 0 1
1766 11 2
1767 25 2
1768 31 2
1769 7 2
1770 20 3
1771 41 5
1772 78 5
1773 30 5
1774 4 3
1775 8 3
1776 20 3
1777 6 2
1778 3 2
1779 41 3
1780 18 3
1781 27 3
1782 61 1683
1783 43 1696
1784 35 1714
1785 32 2
1786 25 2
1787 42 6
1788 29 6
1789 31 6
1790 35 4
1791 35 5
1792 24 5
1793 9 3
1794 43 3
1795 11 3
1796 0 1
1797 38 2
1798 25 5
1799 12 5
1100 34 1700
1101 31 1698
1102 47 1735
1103 29 1687
1104 90 1706
1105 29 1714
1106 34 1692
1107 30 1688
1108 30 1681
1109 29 1703
1110 31 1696
1111 31 1720
1112 33 1687
1113 48 1728
1114 33 1682
1115 30 1684
1116 34 1728
1117 35 1683
1118 28 1674
1119 31 1724
1120 32 1675
1121 28 1700
1122 34 1678
1123 32 1708
1124 37 1704
1125 35 1711
1126 34 1679
1127 32 1706
1128 28 1711
1129 28 1660
1130 29 1694
1131 43 1686
1132 29 1704
1133 35 1722
1134 30 1673
1135 42 1693
1136 28 1692
1137 35 1700
1138 33 1711
1139 34 1667
1140 34 1697
1141 34 1688
1142 41 1680
1143 36 1714
1144 38 1723
1145 34 1743
1146 39 1712
1147 48 1707
1148 30 1692
1149 34 1694
1150 31 1688
1151 31 1693
1152 30 1717
1153 51 1704
1154 30 1691
1155 30 1692
1156 36 1688
1157 42 1716
1158 35 1712
1159 34 1681
1160 31 1690
1161 27 1684
1162 30 1697
1163 32 1683
1164 27 1708
1165 28 1711
1166 29 1693
1167 32 1688
1168 36 1684
1169 42 1687
1170 34 1665
1171 29 1711
1172 30 1724
1173 60 1718
1174 33 1722
1175 0 1
1176 30 1637
1177 44 1699
1178 118 1711
1179 29 1712
1180 3 3
1181 32 1698
1182 37 1708
1183 30 1699
1184 33 1702
1185 32 1684
1186 32 1707
1187 35 1691
1188 38 1684
1189 35 1682
1190 31 1711
1191 32 1690
1192 40 1709
1193 39 1685
1194 30 1676
1195 31 1701
1196 28 1680
1197 29 1705
1198 31 1728
1199 35 1703
700 35 1712
701 34 1713
702 31 1692
703 35 1719
704 29 1731
705 24 1686
706 29 1687
707 32 1707
708 28 1728
709 31 1739
710 33 1674
711 32 1707
712 33 1685
713 28 1688
714 32 1688
715 30 1689
716 33 1697
717 27 1715
718 30 1714
719 36 1702
720 33 1694
721 30 1727
722 31 1708
723 33 1695
724 45 1732
725 32 1694
726 37 1712
727 38 1704
728 45 1696
729 32 1683
730 28 1673
731 29 1685
732 36 1678
733 44 1698
734 34 1690
735 33 1693
736 40 1698
737 41 1702
738 27 1685
739 33 1703
740 34 1675
741 31 1714
742 30 1707
743 35 1718
744 30 1677
745 28 1674
746 32 1709
747 26 1684
748 29 1700
749 28 1689
750 32 1714
751 33 1719
752 31 1682
753 33 1703
754 30 1682
755 30 1691
756 28 1716
757 32 1688
758 31 1695
759 58 1693
760 43 1724
761 27 1719
762 29 1685
763 29 1706
764 30 1692
765 29 1715
766 34 1709
767 30 1707
768 42 1681
769 38 1672
770 26 1699
771 29 1701
772 28 1699
773 30 1707
774 27 1705
775 33 1682
776 26 1696
777 33 1698
778 27 1692
779 27 1716
780 29 1700
781 30 1688
782 32 1708
783 36 1736
784 34 1679
785 31 1724
786 24 1701
787 28 1715
788 37 1681
789 30 1694
790 33 1713
791 37 1719
792 28 1693
793 31 1717
794 35 1689
795 27 1686
796 29 1713
797 33 1703
798 67 1706
799 37 1675
1800 17 5
1801 17 5
1802 3 5
1803 4 2
1804 7 2
1805 25 2
1806 11 2
1807 7 2
1808 2 2
1809 64 2
1810 7 2
1811 24 2
1812 53 2
1813 0 1
1814 1 2
1815 0 1
1816 3 2
1817 11 3
1818 24 3
1819 11 3
1820 2 2
1821 30 2
1822 0 1
1823 7 3
1824 14 3
1825 41 4
1826 9 4
1827 5 4
1828 10 3
1829 24 2
1830 4 2
1831 5 3
1832 9 3
1833 18 3
1834 9 2
1835 19 2
1836 47 2
1837 10 2
1838 94 7
1839 21 6
1840 23 4
1841 0 1
1842 38 6
1843 29 7
1844 45 1691
1845 40 1715
1846 41 1673
1847 35 1709
1848 42 1702
1849 49 1697
1850 33 1704
1851 37 1705
1852 36 1722
1853 42 1718
1854 36 1689
1855 39 1667
1856 40 1699
1857 38 1694
1858 34 1691
1859 40 1688
1860 33 1699
1861 7 4
1862 13 5
1863 31 5
1864 12 4
1865 11 5
1866 19 8
1867 12 8
1868 11 7
1869 20 8
1870 22 8
1871 0 1
1872 22 2
1873 1 2
1874 15 2
1875 89 2
1876 14 2
1877 6 2
1878 26 2
1879 10 3
1880 29 3
1881 5 3
1882 28 3
1883 26 3
1884 3 3
1885 10 2
1886 5 2
1887 81 1691
1888 62 1709
1889 48 1704
1890 46 1709
1891 42 1693
1892 7 4
1893 23 5
1894 17 5
1895 23 5
1896 14 5
1897 19 7
1898 30 8
1899 37 7
1600 30 1692
1601 34 1714
1602 39 1715
1603 40 1694
1604 32 1726
1605 27 1698
1606 42 1746
1607 34 1705
1608 36 1705
1609 30 1706
1610 29 1682
1611 30 1704
1612 34 1722
1613 31 1694
1614 31 1720
1615 39 1685
1616 33 1679
1617 35 1709
1618 0 1
1619 36 1698
1620 59 1678
1621 59 1703
1622 43 1727
1623 56 1705
1624 39 1672
1625 54 1700
1626 42 1707
1627 31 1670
1628 69 1709
1629 0 1
1630 0 1
1631 28 1679
1632 40 1726
1633 43 1716
1634 56 1694
1635 36 1715
1636 35 1728
1637 50 1695
1638 31 1693
1639 60 1711
1640 84 1686
1641 35 1696
1642 41 1681
1643 52 1709
1644 0 1
1645 40 1728
1646 42 1668
1647 34 1723
1648 35 1714
1649 29 1741
1650 30 1679
1651 31 1692
1652 30 1695
1653 43 1694
1654 44 1693
1655 54 1684
1656 37 1680
1657 65 1696
1658 33 1742
1659 73 1678
1660 51 1695
1661 0 1
1662 34 1701
1663 80 1690
1664 77 1688
1665 65 1710
1666 40 1683
1667 32 1708
1668 103 1701
1669 39 1694
1670 33 1706
1671 60 1714
1672 44 1685
1673 52 1694
1674 35 1685
1675 30 1683
1676 37 1675
1677 43 1697
1678 39 1685
1679 45 1690
1680 39 1731
1681 71 1659
1682 46 1705
1683 0 1
1684 44 1715
1685 32 1697
1686 40 1708
1687 43 1698
1688 35 1736
1689 41 1702
1690 53 1690
1691 46 1679
1692 43 1735
1693 34 1701
1694 71 1725
1695 54 1705
1696 105 1700
1697 45 1689
1698 38 1689
1699 42 1710
1000 33 1711
1001 31 1697
1002 33 1708
1003 32 1692
1004 42 1708
1005 36 1676
1006 26 1702
1007 37 1705
1008 32 1692
1009 53 1714
1010 34 1688
1011 37 1696
1012 36 1730
1013 39 1657
1014 28 1687
1015 31 1689
1016 29 1691
1017 29 1702
1018 30 1711
1019 31 1732
1020 49 1688
1021 38 1718
1022 30 1682
1023 27 1671
1024 27 1706
1025 43 1707
1026 35 1695
1027 30 1721
1028 36 1692
1029 33 1722
1030 31 1704
1031 31 1719
1032 27 1698
1033 34 1698
1034 31 1737
1035 35 1693
1036 38 1717
1037 33 1728
1038 32 1711
1039 31 1731
1040 33 1690
1041 30 1727
1042 30 1695
1043 34 1708
1044 30 1682
1045 29 1704
1046 31 1686
1047 33 1738
1048 30 1736
1049 32 1698
1050 46 1707
1051 27 1710
1052 33 1712
1053 28 1669
1054 28 1708
1055 27 1691
1056 27 1723
1057 32 1708
1058 27 1704
1059 33 1665
1060 45 1738
1061 31 1681
1062 36 1681
1063 35 1708
1064 32 1705
1065 33 1673
1066 49 1694
1067 28 1681
1068 38 1684
1069 36 1672
1070 36 1691
1071 31 1736
1072 33 1709
1073 30 1693
1074 35 1702
1075 41 1733
1076 37 1681
1077 39 1691
1078 29 1682
1079 34 1740
1080 35 1719
1081 34 1720
1082 32 1681
1083 30 1705
1084 28 1713
1085 33 1699
1086 25 1680
1087 29 1679
1088 33 1677
1089 36 1719
1090 31 1685
1091 32 1672
1092 30 1702
1093 34 1715
1094 35 1707
1095 27 1697
1096 33 1702
1097 29 1702
1098 34 1711
1099 40 1684
100 35 1687
101 29 1690
102 29 1722
103 28 1670
104 29 1701
105 30 1725
106 27 1677
107 31 1667
108 34 1685
109 32 1728
110 37 1733
111 26 1736
112 31 1677
113 27 1693
114 32 1695
115 34 1704
116 31 1710
117 33 1707
118 27 1723
119 28 1676
120 30 1714
121 33 1680
122 38 1719
123 25 1689
124 44 1671
125 31 1704
126 35 1687
127 33 1742
128 32 1695
129 31 1684
130 34 1705
131 31 1695
132 31 1680
133 31 1635
134 29 1672
135 37 1706
136 38 1675
137 32 1681
138 31 1686
139 31 1666
140 34 1713
141 28 1705
142 36 1705
143 26 1697
144 30 1671
145 28 1719
146 37 1686
147 37 1718
148 32 1704
149 32 1704
150 29 1683
151 26 1709
152 28 1673
153 36 1721
154 39 1680
155 30 1684
156 30 1676
157 32 1688
158 34 1715
159 31 1703
160 27 1677
161 30 1702
162 34 1722
163 25 1682
164 33 1694
165 34 1691
166 32 1702
167 28 1700
168 32 1733
169 41 1685
170 34 1676
171 36 1676
172 36 1678
173 28 1715
174 31 1701
175 30 1706
176 32 1694
177 26 1684
178 36 1679
179 33 1711
180 29 1712
181 34 1700
182 32 1683
183 27 1666
184 32 1700
185 40 1717
186 35 1714
187 37 1684
188 30 1683
189 32 1712
190 30 1664
191 30 1717
192 29 1727
193 29 1717
194 29 1684
195 31 1701
196 32 1723
197 35 1710
198 35 1708
199 27 1735
600 32 1719
601 28 1685
602 36 1721
603 30 1667
604 33 1681
605 28 1697
606 29 1705
607 34 1704
608 28 1713
609 33 1687
610 49 1723
611 35 1717
612 36 1710
613 36 1706
614 45 1674
615 52 1678
616 28 1707
617 34 1696
618 27 1721
619 34 1731
620 53 1716
621 29 1663
622 28 1681
623 34 1725
624 28 1696
625 29 1691
626 32 1735
627 25 1681
628 28 1715
629 31 1703
630 32 1716
631 28 1695
632 33 1694
633 26 1697
634 34 1681
635 39 1693
636 35 1659
637 34 1699
638 26 1692
639 30 1716
640 34 1697
641 28 1695
642 30 1684
643 29 1692
644 32 1671
645 28 1678
646 34 1698
647 32 1697
648 36 1700
649 38 1705
650 52 1713
651 32 1700
652 30 1724
653 28 1702
654 23 1684
655 29 1704
656 24 1712
657 31 1723
658 30 1693
659 32 1731
660 35 1679
661 30 1684
662 33 1693
663 34 1714
664 30 1684
665 32 1686
666 33 1710
667 26 1704
668 28 1698
669 30 1679
670 37 1677
671 35 1709
672 30 1689
673 34 1724
674 28 1707
675 34 1691
676 32 1699
677 34 1682
678 35 1689
679 39 1699
680 35 1726
681 36 1687
682 37 1695
683 35 1687
684 34 1714
685 29 1728
686 28 1719
687 29 1712
688 31 1694
689 30 1711
690 32 1724
691 37 1686
692 30 1713
693 33 1693
694 31 1696
695 41 1683
696 34 1708
697 38 1689
698 38 1712
699 39 1712
800 27 1695
801 30 1711
802 29 1734
803 27 1689
804 33 1669
805 33 1676
806 29 1680
807 29 1711
808 30 1685
809 37 1708
810 34 1699
811 38 1664
812 0 1
813 30 1702
814 29 1680
815 27 1671
816 33 1722
817 30 1697
818 28 1706
819 30 1725
820 33 1661
821 31 1674
822 32 1668
823 35 1692
824 35 1692
825 34 1692
826 27 1690
827 29 1684
828 28 1675
829 36 1695
830 34 1678
831 34 1689
832 29 1711
833 32 1711
834 36 1723
835 30 1720
836 31 1697
837 26 1699
838 34 1709
839 32 1681
840 33 1691
841 33 1690
842 32 1703
843 31 1691
844 24 1715
845 29 1691
846 26 1693
847 27 1706
848 29 1696
849 28 1677
850 33 1702
851 33 1709
852 32 1694
853 30 1687
854 31 1706
855 32 1693
856 28 1690
857 30 1710
858 37 1680
859 34 1689
860 28 1714
861 28 1690
862 31 1673
863 33 1680
864 39 1698
865 26 1717
866 33 1703
867 33 1691
868 33 1700
869 30 1697
870 42 1709
871 36 1733
872 32 1726
873 35 1725
874 33 1663
875 31 1686
876 31 1711
877 33 1686
878 26 1717
879 32 1714
880 35 1699
881 31 1698
882 29 1679
883 29 1699
884 30 1690
885 29 1706
886 26 1702
887 33 1700
888 31 1715
889 29 1680
890 29 1706
891 28 1697
892 30 1700
893 33 1698
894 28 1684
895 28 1697
896 32 1706
897 37 1700
898 33 1685
899 31 1679
2100 24 2
2101 27 2
2102 0 1
2103 22 3
2104 4 3
2105 10 3
2106 3 2
2107 13 2
2108 14 2
2109 0 1
2110 36 1704
2111 42 1721
2112 8 3
2113 4 3
2114 2 2
2115 8 2
2116 29 2
2117 11 2
2118 4 2
2119 48 1706
2120 26 2
2121 30 2
2122 4 2
2123 28 2
2124 0 1
2125 5 2
2126 10 2
2127 20 2
2128 27 3
2129 26 3
2130 8 3
2131 37 1685
2132 31 1660
2133 54 1714
2134 48 1716
2135 89 2
2136 30 2
2137 42 1688
2138 24 2
2139 2 2
2140 13 2
2141 9 2
2142 28 1702
2143 34 1695
2144 32 1716
2145 59 1723
2146 38 1726
2147 49 1691
2148 52 1691
2149 36 1690
2150 35 1712
2151 35 1714
2152 35 1699
2153 44 1703
2154 32 1696
2155 25 2
2156 11 2
2157 0 1
2158 29 2
2159 26 2
2160 104 1700
2161 51 1705
2162 46 1707
2163 13 2
2164 32 2
2165 42 1684
2166 44 1689
2167 40 1684
2168 34 1674
2169 25 2
2170 46 1665
2171 64 1689
2172 23 2
2173 0 1
2174 54 1688
2175 31 1715
2176 21 4
2177 10 4
2178 8 4
2179 16 4
2180 23 2
2181 26 2
2182 59 1716
2183 45 1711
2184 39 1708
2185 35 1689
2186 40 1663
2187 37 1674
2188 37 1737
2189 37 1707
2190 35 1706
2191 40 1682
2192 35 1701
2193 45 1707
2194 4 2
2195 10 2
2196 42 3
2197 9 3
2198 35 3
2199 52 1677
1500 33 1697
1501 32 1706
1502 31 1720
1503 33 1670
1504 42 1681
1505 46 1696
1506 35 1694
1507 31 1689
1508 36 1697
1509 30 1730
1510 28 1698
1511 34 1693
1512 32 1715
1513 35 1706
1514 41 1697
1515 39 1685
1516 40 1702
1517 64 1677
1518 40 1697
1519 28 1680
1520 32 1683
1521 70 1700
1522 44 1701
1523 33 1717
1524 31 1679
1525 30 1730
1526 33 1717
1527 37 1700
1528 36 1698
1529 38 1697
1530 31 1681
1531 30 1682
1532 33 1652
1533 29 1716
1534 28 1711
1535 38 1651
1536 41 1676
1537 40 1731
1538 50 1705
1539 46 1683
1540 43 1699
1541 33 1702
1542 43 1710
1543 28 1694
1544 31 1712
1545 34 1712
1546 30 1730
1547 48 1701
1548 35 1682
1549 33 1711
1550 65 1702
1551 37 1717
1552 31 1695
1553 35 1715
1554 33 1688
1555 30 1697
1556 35 1710
1557 65 1682
1558 46 1724
1559 36 1702
1560 48 1717
1561 39 1695
1562 90 1701
1563 43 1675
1564 53 1704
1565 29 1704
1566 35 1720
1567 36 1745
1568 35 1711
1569 38 1697
1570 56 1710
1571 91 1684
1572 40 1724
1573 44 1710
1574 42 1685
1575 33 1680
1576 54 1710
1577 40 1724
1578 32 1684
1579 32 1691
1580 0 1
1581 28 1676
1582 29 1713
1583 34 1723
1584 36 1710
1585 31 1695
1586 31 1698
1587 29 1668
1588 39 1713
1589 32 1706
1590 34 1733
1591 37 1714
1592 31 1677
1593 30 1693
1594 34 1713
1595 120 1689
1596 41 1673
1597 37 1690
1598 42 1682
1599 56 1679
2300 45 1711
2301 15 4
2302 31 5
2303 11 5
2304 18 5
2305 11 5
2306 32 1702
2307 31 1708
2308 33 1703
2309 49 1700
2310 32 1662
2311 40 1706
2312 35 1723
2313 5 2
2314 48 2
2315 12 2
2316 13 2
2317 28 3
2318 24 3
2319 20 3
2320 4 2
2321 4 2
2322 60 2
2323 9 2
2324 2 2
2325 76 2
2326 7 2
2327 1 2
2328 55 5
2329 66 7
2330 35 4
2331 70 4
2332 12 4
2333 30 4
2334 9 2
2335 25 2
2336 3 3
2337 89 3
2338 5 3
2339 46 1702
2340 73 1681
2341 36 1708
2342 55 1693
2343 36 1737
2344 38 1716
2345 36 1718
2346 58 1671
2347 57 1728
2348 52 1711
2349 40 1694
2350 5 2
2351 6 2
2352 46 1679
2353 41 1710
2354 29 1666
2355 33 1693
2356 36 1730
2357 29 1712
2358 37 1716
2359 34 1669
2360 44 1700
2361 24 5
2362 25 5
2363 0 1
2364 11 5
2365 32 5
2366 60 1714
2367 99 1711
2368 41 1706
2369 35 1731
2370 31 1716
2371 45 1721
2372 33 1707
2373 28 1672
2374 35 1718
2375 29 1708
2376 32 1715
2377 66 1721
2378 68 1692
2379 71 1699
2380 52 1711
2381 42 1707
2382 41 1695
2383 34 1688
2384 32 1671
2385 41 1691
2386 31 1687
2387 36 1682
2388 7 2
2389 44 2
2390 34 1687
2391 35 1728
2392 44 1680
2393 10 7
2394 18 7
2395 19 6
2396 17 7
2397 11 7
2398 11 7
2399 22 7
1200 35 1722
1201 28 1684
1202 28 1721
1203 30 1688
1204 45 1682
1205 31 1687
1206 29 1697
1207 27 1712
1208 30 1706
1209 39 1698
1210 42 1694
1211 44 1731
1212 49 1710
1213 29 1687
1214 40 1718
1215 41 1719
1216 34 1707
1217 30 1709
1218 37 1706
1219 32 1700
1220 34 1667
1221 36 1706
1222 59 1730
1223 36 1710
1224 31 1726
1225 31 1738
1226 33 1720
1227 38 1715
1228 35 1666
1229 38 1713
1230 38 1711
1231 35 1703
1232 28 1698
1233 38 1709
1234 39 1690
1235 28 1705
1236 33 1711
1237 35 1697
1238 35 1710
1239 35 1699
1240 41 1716
1241 36 1708
1242 37 1691
1243 34 1712
1244 0 1
1245 28 1709
1246 31 1708
1247 48 1698
1248 30 1683
1249 35 1696
1250 37 1683
1251 0 1
1252 36 1710
1253 36 1705
1254 0 1
1255 31 1698
1256 36 1696
1257 32 1704
1258 39 1684
1259 37 1681
1260 41 1690
1261 0 1
1262 64 1676
1263 36 1728
1264 32 1683
1265 0 1
1266 31 1713
1267 32 1738
1268 45 1707
1269 40 1688
1270 25 1705
1271 47 1663
1272 54 1689
1273 41 1687
1274 0 1
1275 37 1724
1276 37 1671
1277 24 1684
1278 37 1713
1279 28 1695
1280 41 1670
1281 29 1741
1282 32 1702
1283 37 1695
1284 30 1718
1285 38 1694
1286 28 1675
1287 38 1683
1288 32 1678
1289 35 1718
1290 45 1699
1291 41 1694
1292 33 1686
1293 32 1703
1294 33 1689
1295 40 1730
1296 50 1709
1297 34 1670
1298 46 1707
1299 34 1724
0 32 1705
1 28 1701
2 27 1675
3 33 1707
4 31 1706
5 29 1720
6 26 1696
7 43 1723
8 33 1721
9 31 1672
10 26 1702
11 29 1701
12 37 1666
13 31 1697
14 30 1680
15 32 1693
16 34 1687
17 31 1700
18 33 1685
19 33 1670
20 24 1718
21 29 1727
22 28 1678
23 31 1715
24 30 1688
25 32 1705
26 33 1710
27 28 1673
28 29 1719
29 30 1694
30 27 1683
31 28 1721
32 27 1699
33 32 1695
34 27 1687
35 29 1714
36 30 1699
37 27 1683
38 30 1715
39 27 1699
40 28 1710
41 27 1695
42 28 1733
43 33 1712
44 29 1686
45 34 1680
46 32 1711
47 31 1692
48 31 1697
49 26 1704
50 30 1710
51 36 1708
52 30 1702
53 29 1697
54 28 1680
55 32 1683
56 32 1726
57 38 1725
58 31 1715
59 43 1692
60 30 1681
61 30 1696
62 31 1684
63 36 1723
64 26 1700
65 34 1721
66 33 1704
67 28 1686
68 37 1679
69 33 1690
70 36 1686
71 36 1700
72 28 1707
73 34 1728
74 34 1734
75 43 1703
76 35 1691
77 40 1705
78 30 1701
79 37 1701
80 32 1680
81 72 1678
82 38 1658
83 34 1720
84 39 1705
85 38 1703
86 32 1704
87 33 1702
88 34 1680
89 32 1649
90 32 1716
91 26 1693
92 30 1664
93 30 1699
94 31 1724
95 33 1688
96 30 1695
97 25 1674
98 31 1689
99 27 1701
900 34 1681
901 31 1680
902 27 1700
903 29 1695
904 36 1751
905 31 1693
906 24 1697
907 33 1697
908 23 1702
909 45 1687
910 28 1724
911 27 1703
912 27 1692
913 34 1736
914 32 1639
915 30 1711
916 24 1692
917 30 1690
918 29 1704
919 25 1695
920 28 1706
921 27 1690
922 27 1659
923 28 1695
924 31 1680
925 35 1702
926 25 1693
927 28 1696
928 28 1698
929 35 1701
930 27 1706
931 36 1697
932 36 1704
933 32 1719
934 31 1691
935 35 1686
936 35 1688
937 28 1693
938 29 1703
939 29 1671
940 31 1667
941 27 1717
942 29 1715
943 34 1697
944 29 1702
945 24 1704
946 30 1711
947 29 1696
948 31 1690
949 30 1674
950 31 1736
951 27 1713
952 26 1666
953 33 1688
954 27 1686
955 32 1724
956 33 1672
957 29 1693
958 30 1708
959 32 1692
960 28 1689
961 28 1688
962 32 1676
963 31 1701
964 36 1710
965 38 1677
966 28 1721
967 31 1677
968 30 1728
969 28 1684
970 28 1701
971 27 1702
972 30 1679
973 34 1695
974 34 1694
975 31 1693
976 33 1689
977 34 1680
978 28 1695
979 34 1702
980 30 1704
981 31 1700
982 43 1687
983 35 1714
984 35 1713
985 29 1715
986 28 1691
987 43 1695
988 27 1708
989 33 1713
990 41 1693
991 27 1708
992 29 1720
993 35 1698
994 49 1717
995 37 1695
996 34 1746
997 37 1678
998 34 1697
999 29 1711
2400 0 1
2401 57 1698
2402 32 1708
2403 23 5
2404 29 5
2405 17 4
2406 24 5
2407 8 5
2408 0 1
2409 3 2
2410 72 1728
2411 71 1711
2412 38 1678
2413 55 1712
2414 46 1700
2415 11 6
2416 55 1705
2417 37 1691
2418 42 1702
2419 49 1703
2420 33 1691
2421 30 1699
2422 40 1694
2423 54 1724
2424 54 1732
2425 63 1687
1900 8 5
1901 22 5
1902 18 5
1903 32 5
1904 23 5
1905 7 2
1906 92 2
1907 34 1680
1908 12 2
1909 47 2
1910 30 4
1911 7 4
1912 16 4
1913 21 4
1914 33 9
1915 31 6
1916 42 9
1917 26 6
1918 33 9
1919 19 8
1920 18 10
1921 12 5
1922 33 6
1923 15 6
1924 13 6
1925 32 6
1926 21 6
1927 10 2
1928 3 2
1929 8 2
1930 11 2
1931 0 1
1932 33 9
1933 29 8
1934 54 1747
1935 22 2
1936 54 3
1937 35 3
1938 30 3
1939 24 3
1940 10 3
1941 30 2
1942 22 2
1943 17 7
1944 18 8
1945 14 7
1946 6 8
1947 11 8
1948 6 8
1949 7 7
1950 28 7
1951 111 2
1952 62 2
1953 0 1
1954 13 4
1955 6 3
1956 23 4
1957 42 1714
1958 70 1671
1959 72 1704
1960 54 2
1961 70 2
1962 7 2
1963 3 2
1964 23 3
1965 15 3
1966 18 2
1967 26 2
1968 1 2
1969 0 1
1970 14 2
1971 18 2
1972 3 2
1973 20 3
1974 17 3
1975 6 3
1976 43 1709
1977 0 1
1978 90 1706
1979 64 1682
1980 49 1700
1981 73 1713
1982 63 1686
1983 53 1684
1984 0 1
1985 67 1705
1986 38 1720
1987 0 1
1988 59 1697
1989 8 2
1990 24 2
1991 33 2
1992 7 2
1993 24 4
1994 9 4
1995 16 4
1996 13 4
1997 1 2
1998 13 3
1999 34 2
