1400 38 1699
1401 57 1728
1402 49 1705
1403 27 1710
1404 28 1666
1405 39 1702
1406 34 1701
1407 29 1724
1408 59 1683
1409 41 1686
1410 29 1703
1411 30 1681
1412 30 1727
1413 29 1716
1414 28 1686
1415 35 1704
1416 43 1693
1417 33 1673
1418 34 1713
1419 31 1711
1420 36 1692
1421 32 1693
1422 31 1732
1423 26 1718
1424 32 1699
1425 30 1691
1426 32 1698
1427 52 1689
1428 30 1718
1429 35 1680
1430 50 1689
1431 43 1715
1432 34 1713
1433 44 1712
1434 72 1730
1435 31 1711
1436 36 1704
1437 34 1693
1438 41 1702
1439 38 1688
1440 48 1701
1441 66 1694
1442 52 1696
1443 42 1702
1444 41 1716
1445 40 1673
1446 34 1682
1447 44 1709
1448 32 1706
1449 38 1692
1450 51 1690
1451 37 1678
1452 29 1708
1453 50 1723
1454 39 1677
1455 54 1686
1456 36 1681
1457 43 1705
1458 27 1712
1459 43 1711
1460 41 1690
1461 29 1728
1462 35 1695
1463 34 1725
1464 34 1718
1465 30 1704
1466 31 1684
1467 31 1697
1468 39 1704
1469 37 1694
1470 32 1731
1471 38 1703
1472 27 1675
1473 45 1665
1474 35 1689
1475 37 1677
1476 32 1709
1477 30 1706
1478 34 1707
1479 38 1684
1480 36 1701
1481 29 1714
1482 30 1698
1483 38 1683
1484 31 1708
1485 39 1703
1486 32 1665
1487 29 1683
1488 46 1680
1489 39 1706
1490 36 1695
1491 38 1730
1492 35 1694
1493 33 1669
1494 28 1679
1495 32 1691
1496 36 1701
1497 28 1714
1498 28 1720
1499 0 1
1300 27 1696
1301 23 1687
1302 29 1701
1303 29 1674
1304 34 1731
1305 26 1718
1306 37 1683
1307 31 1695
1308 30 1677
1309 35 1734
1310 33 1703
1311 30 1690
1312 31 1713
1313 27 1685
1314 30 1707
1315 26 1682
1316 31 1705
1317 34 1699
1318 35 1712
1319 33 1720
1320 38 1715
1321 32 1698
1322 40 1687
1323 43 1701
1324 63 1670
1325 38 1698
1326 36 1694
1327 26 1697
1328 30 1692
1329 36 1702
1330 33 1715
1331 36 1678
1332 26 1702
1333 30 1688
1334 29 1681
1335 31 1716
1336 30 1703
1337 29 1707
1338 39 1722
1339 37 1701
1340 35 1689
1341 39 1701
1342 35 1717
1343 30 1745
1344 36 1698
1345 30 1716
1346 28 1660
1347 30 1700
1348 32 1659
1349 26 1698
1350 32 1709
1351 27 1715
1352 44 1711
1353 31 1720
1354 30 1705
1355 35 1699
1356 45 1668
1357 34 1688
1358 34 1687
1359 35 1700
1360 42 1668
1361 39 1706
1362 38 1698
1363 52 1721
1364 46 1689
1365 38 1686
1366 29 1718
1367 31 1703
1368 34 1729
1369 29 1716
1370 46 1718
1371 50 1698
1372 42 1735
1373 32 1728
1374 34 1709
1375 31 1674
1376 37 1701
1377 36 1708
1378 0 1
1379 39 1676
1380 33 1696
1381 33 1698
1382 29 1702
1383 37 1681
1384 31 1696
1385 34 1701
1386 34 1719
1387 36 1719
1388 34 1693
1389 33 1728
1390 33 1718
1391 35 1693
1392 35 1727
1393 31 1685
1394 28 1713
1395 30 1679
1396 32 1701
1397 30 1692
1398 28 1733
1399 36 1716
2200 18 4
2201 18 4
2202 36 4
2203 19 4
2204 8 2
2205 1 2
2206 31 1694
2207 37 1699
2208 109 1695
2209 104 1747
2210 66 1712
2211 52 1679
2212 42 1717
2213 39 2
2214 0 1
2215 10 3
2216 6 3
2217 26 3
2218 0 1
2219 49 1726
2220 63 1704
2221 28 2
2222 14 5
2223 27 5
2224 28 5
2225 14 5
2226 17 5
2227 30 2
2228 2 2
2229 1 2
2230 20 2
2231 120 1709
2232 55 1680
2233 35 1695
2234 38 1694
2235 47 1699
2236 32 1700
2237 35 1684
2238 37 1700
2239 40 1692
2240 48 1709
2241 0 1
2242 45 1724
2243 39 1700
2244 42 1706
2245 21 6
2246 40 1677
2247 52 1698
2248 65 1713
2249 38 1683
2250 17 4
2251 24 4
2252 0 1
2253 6 4
2254 38 1661
2255 32 1692
2256 47 1696
2257 12 2
2258 0 1
2259 40 1712
2260 0 1
2261 39 3
2262 18 3
2263 58 1742
2264 30 3
2265 6 3
2266 10 3
2267 21 2
2268 10 2
2269 25 2
2270 20 2
2271 52 1688
2272 33 1720
2273 50 1691
2274 12 5
2275 32 3
2276 6 2
2277 10 2
2278 21 2
2279 7 2
2280 1 2
2281 7 3
2282 23 3
2283 0 1
2284 42 3
2285 67 3
2286 45 1705
2287 46 1697
2288 40 1705
2289 1 2
2290 18 2
2291 43 1693
2292 1 2
2293 3 2
2294 33 1681
2295 46 1710
2296 30 2
2297 44 2
2298 50 1720
2299 45 1692
1600 45 1685
1601 52 1701
1602 33 1694
1603 38 1716
1604 32 1698
1605 31 1692
1606 41 1678
1607 31 1698
1608 31 1703
1609 41 1701
1610 35 1699
1611 41 1666
1612 30 1719
1613 46 1692
1614 27 1681
1615 34 1686
1616 39 1689
1617 37 1718
1618 42 1720
1619 37 1690
1620 0 1
1621 34 1723
1622 41 1716
1623 35 1679
1624 37 1692
1625 31 1703
1626 28 1681
1627 35 1715
1628 26 1665
1629 42 1686
1630 134 1717
1631 36 1712
1632 30 1689
1633 47 1694
1634 45 1704
1635 49 1710
1636 36 1733
1637 35 1716
1638 44 1696
1639 42 1687
1640 55 1722
1641 34 1702
1642 34 1671
1643 55 1701
1644 27 1674
1645 41 1687
1646 39 1694
1647 43 1695
1648 34 1689
1649 31 1724
1650 36 1711
1651 36 1674
1652 36 1668
1653 60 1699
1654 35 1707
1655 42 1703
1656 43 1695
1657 0 1
1658 35 1703
1659 43 1697
1660 33 1714
1661 45 1708
1662 34 1689
1663 36 1712
1664 35 1673
1665 0 1
1666 47 1686
1667 25 1678
1668 38 1705
1669 70 1716
1670 31 1688
1671 31 1706
1672 50 1699
1673 48 1693
1674 32 1701
1675 54 1690
1676 37 1691
1677 29 1705
1678 30 1681
1679 41 1726
1680 47 1703
1681 43 1693
1682 34 1720
1683 0 1
1684 53 1684
1685 38 1693
1686 36 1687
1687 71 1749
1688 45 1716
1689 63 1672
1690 38 1691
1691 63 1691
1692 40 1710
1693 118 1676
1694 70 1708
1695 80 1713
1696 44 1704
1697 37 1724
1698 76 1705
1699 43 1712
1800 0 1
1801 5 5
1802 39 4
1803 47 2
1804 19 2
1805 19 2
1806 15 2
1807 28 2
1808 6 2
1809 14 2
1810 28 2
1811 5 2
1812 1 2
1813 0 1
1814 19 2
1815 62 2
1816 0 1
1817 5 3
1818 27 3
1819 13 3
1820 8 2
1821 27 2
1822 28 3
1823 18 3
1824 18 3
1825 6 4
1826 29 4
1827 12 4
1828 22 4
1829 26 2
1830 4 2
1831 17 3
1832 48 2
1833 11 3
1834 0 1
1835 4 2
1836 36 2
1837 13 2
1838 42 7
1839 28 7
1840 25 7
1841 25 7
1842 106 6
1843 18 7
1844 47 1691
1845 35 1680
1846 41 1714
1847 37 1712
1848 40 1687
1849 38 1710
1850 47 1687
1851 37 1682
1852 45 1678
1853 35 1703
1854 41 1686
1855 36 1675
1856 32 1697
1857 34 1685
1858 46 1698
1859 36 1713
1860 44 1736
1861 25 4
1862 0 1
1863 17 5
1864 16 5
1865 7 5
1866 35 7
1867 18 8
1868 50 7
1869 30 8
1870 14 8
1871 0 1
1872 37 2
1873 0 1
1874 3 2
1875 34 2
1876 16 2
1877 28 2
1878 3 2
1879 33 3
1880 0 1
1881 4 2
1882 9 3
1883 8 3
1884 20 3
1885 25 2
1886 17 2
1887 46 1689
1888 46 1719
1889 0 1
1890 49 1711
1891 38 1674
1892 36 5
1893 12 5
1894 17 5
1895 11 4
1896 28 4
1897 41 8
1898 17 8
1899 52 7
800 28 1670
801 26 1669
802 32 1684
803 27 1725
804 25 1709
805 35 1704
806 28 1648
807 30 1700
808 31 1685
809 32 1693
810 30 1708
811 43 1652
812 55 1702
813 27 1683
814 33 1718
815 32 1718
816 30 1697
817 34 1697
818 33 1699
819 33 1695
820 27 1672
821 31 1683
822 46 1716
823 37 1706
824 28 1683
825 27 1700
826 30 1706
827 33 1686
828 32 1658
829 33 1694
830 41 1674
831 29 1697
832 31 1678
833 31 1694
834 35 1729
835 36 1724
836 29 1690
837 37 1703
838 29 1685
839 27 1709
840 32 1708
841 34 1690
842 35 1713
843 34 1693
844 28 1697
845 29 1684
846 35 1685
847 41 1686
848 32 1718
849 30 1696
850 43 1713
851 29 1709
852 26 1703
853 28 1694
854 32 1715
855 29 1681
856 40 1680
857 31 1694
858 32 1694
859 35 1712
860 30 1692
861 29 1682
862 29 1719
863 35 1700
864 30 1724
865 40 1694
866 31 1675
867 38 1702
868 36 1716
869 30 1705
870 33 1705
871 38 1706
872 34 1695
873 28 1724
874 29 1730
875 26 1697
876 31 1698
877 31 1718
878 32 1701
879 30 1700
880 26 1679
881 30 1705
882 29 1711
883 27 1714
884 0 1
885 30 1709
886 31 1687
887 33 1688
888 30 1695
889 30 1715
890 36 1689
891 28 1709
892 25 1700
893 33 1688
894 27 1702
895 30 1687
896 26 1677
897 32 1708
898 41 1719
899 26 1705
1700 70 1683
1701 52 1705
1702 177 1676
1703 39 1730
1704 36 1691
1705 43 1662
1706 31 1698
1707 39 1702
1708 35 1682
1709 146 1688
1710 81 1708
1711 40 1688
1712 46 1668
1713 40 1694
1714 40 1735
1715 41 1705
1716 63 1695
1717 50 1690
1718 32 1694
1719 54 1708
1720 39 1669
1721 31 1678
1722 89 1682
1723 57 1701
1724 42 1702
1725 45 1692
1726 35 1697
1727 35 1695
1728 58 1670
1729 43 1690
1730 67 1672
1731 63 1725
1732 54 1717
1733 44 1687
1734 60 1683
1735 36 1718
1736 56 1696
1737 50 1670
1738 38 1691
1739 51 1719
1740 49 1708
1741 45 1676
1742 0 1
1743 34 1713
1744 5 2
1745 7 2
1746 23 2
1747 2 2
1748 0 1
1749 42 2
1750 10 2
1751 20 2
1752 8 4
1753 8 4
1754 29 4
1755 22 4
1756 5 2
1757 3 2
1758 63 3
1759 77 1703
1760 27 2
1761 35 2
1762 35 2
1763 24 2
1764 0 1
1765 33 2
1766 11 2
1767 11 2
1768 15 2
1769 27 2
1770 37 5
1771 50 5
1772 72 4
1773 38 4
1774 13 2
1775 14 3
1776 16 3
1777 2 2
1778 8 2
1779 15 3
1780 44 3
1781 17 3
1782 119 1704
1783 53 1710
1784 73 1689
1785 0 1
1786 9 2
1787 36 6
1788 42 5
1789 48 5
1790 39 6
1791 42 5
1792 26 6
1793 12 3
1794 10 3
1795 7 3
1796 10 2
1797 12 2
1798 20 5
1799 12 5
1100 29 1712
1101 48 1691
1102 39 1714
1103 28 1694
1104 41 1691
1105 32 1702
1106 23 1669
1107 33 1669
1108 26 1703
1109 29 1697
1110 35 1723
1111 38 1716
1112 34 1700
1113 34 1688
1114 44 1685
1115 37 1699
1116 31 1684
1117 35 1706
1118 35 1708
1119 38 1699
1120 32 1715
1121 0 1
1122 29 1678
1123 32 1695
1124 48 1684
1125 34 1722
1126 29 1699
1127 39 1668
1128 33 1681
1129 32 1706
1130 32 1712
1131 30 1681
1132 31 1718
1133 27 1697
1134 34 1693
1135 33 1700
1136 33 1701
1137 28 1680
1138 28 1691
1139 35 1714
1140 30 1662
1141 35 1689
1142 31 1706
1143 33 1716
1144 29 1690
1145 41 1701
1146 37 1706
1147 47 1706
1148 37 1717
1149 31 1702
1150 33 1701
1151 33 1693
1152 33 1725
1153 47 1699
1154 32 1716
1155 32 1702
1156 33 1714
1157 41 1686
1158 33 1691
1159 29 1669
1160 40 1684
1161 37 1727
1162 31 1704
1163 33 1674
1164 33 1694
1165 31 1680
1166 35 1698
1167 32 1691
1168 29 1687
1169 0 1
1170 34 1686
1171 35 1687
1172 34 1678
1173 43 1702
1174 33 1689
1175 31 1733
1176 54 1745
1177 64 1675
1178 38 1697
1179 37 1710
1180 33 1728
1181 29 1715
1182 41 1682
1183 50 1729
1184 32 1717
1185 46 1729
1186 36 1721
1187 26 1683
1188 35 1718
1189 30 1706
1190 31 1706
1191 30 1691
1192 39 1645
1193 30 1702
1194 29 1718
1195 34 1717
1196 25 1695
1197 40 1674
1198 27 1704
1199 31 1669
2000 11 3
2001 22 3
2002 23 3
2003 1 3
2004 14 3
2005 8 3
2006 25 2
2007 23 2
2008 20 2
2009 0 1
2010 5 2
2011 18 2
2012 18 2
2013 97 2
2014 6 4
2015 20 4
2016 19 4
2017 0 1
2018 8 5
2019 17 5
2020 8 5
2021 14 5
2022 6 5
2023 4 3
2024 31 3
2025 16 3
2026 9 3
2027 13 3
2028 20 3
2029 1 2
2030 15 2
2031 9 2
2032 10 2
2033 36 1695
2034 64 1743
2035 44 1694
2036 10 13
2037 7 13
2038 7 13
2039 0 1
2040 9 12
2041 13 13
2042 11 13
2043 12 13
2044 8 13
2045 9 12
2046 10 13
2047 9 13
2048 9 13
2049 65 1675
2050 69 1714
2051 50 1689
2052 30 1708
2053 37 1714
2054 34 1704
2055 37 1692
2056 34 1700
2057 29 1706
2058 45 1699
2059 32 1701
2060 45 1671
2061 38 1718
2062 45 1734
2063 53 1704
2064 44 1688
2065 63 1697
2066 56 1696
2067 54 1705
2068 42 1713
2069 48 1696
2070 36 1693
2071 95 1688
2072 33 1685
2073 34 1697
2074 36 1682
2075 31 1712
2076 30 1732
2077 28 1709
2078 32 1717
2079 32 1689
2080 33 1731
2081 34 1718
2082 33 1697
2083 31 1666
2084 34 1694
2085 31 1699
2086 36 1681
2087 33 1646
2088 47 1684
2089 23 2
2090 0 1
2091 13 5
2092 16 5
2093 9 5
2094 14 5
2095 17 5
2096 58 1708
2097 9 3
2098 14 3
2099 75 3
100 30 1728
101 31 1678
102 26 1693
103 27 1697
104 29 1696
105 27 1693
106 30 1689
107 32 1695
108 49 1709
109 42 1703
110 35 1715
111 31 1727
112 29 1675
113 31 1706
114 31 1699
115 0 1
116 39 1645
117 27 1724
118 31 1703
119 34 1672
120 32 1703
121 31 1664
122 36 1710
123 35 1722
124 35 1691
125 34 1676
126 34 1704
127 33 1700
128 26 1716
129 28 1679
130 43 1686
131 31 1708
132 29 1685
133 30 1694
134 31 1711
135 32 1707
136 33 1698
137 29 1663
138 35 1683
139 31 1655
140 31 1707
141 32 1701
142 28 1701
143 41 1709
144 34 1679
145 28 1677
146 35 1673
147 31 1694
148 27 1712
149 33 1731
150 43 1706
151 35 1676
152 31 1707
153 32 1690
154 33 1730
155 31 1695
156 34 1704
157 32 1679
158 29 1689
159 37 1682
160 29 1698
161 31 1673
162 32 1723
163 30 1715
164 27 1680
165 40 1723
166 31 1685
167 26 1668
168 28 1698
169 35 1711
170 33 1675
171 32 1715
172 44 1686
173 35 1708
174 31 1715
175 33 1687
176 34 1694
177 34 1707
178 32 1732
179 35 1673
180 33 1688
181 29 1711
182 0 1
183 36 1705
184 26 1689
185 36 1684
186 37 1659
187 33 1692
188 37 1722
189 36 1692
190 30 1692
191 27 1694
192 33 1683
193 30 1727
194 33 1705
195 36 1684
196 0 1
197 29 1660
198 30 1690
199 29 1729
600 29 1690
601 33 1683
602 32 1703
603 28 1703
604 27 1675
605 29 1727
606 28 1670
607 28 1724
608 30 1720
609 35 1704
610 53 1707
611 41 1676
612 39 1686
613 33 1695
614 36 1718
615 26 1707
616 34 1707
617 38 1713
618 32 1719
619 52 1717
620 51 1711
621 30 1649
622 37 1694
623 31 1697
624 29 1698
625 31 1709
626 24 1669
627 31 1706
628 31 1697
629 32 1706
630 35 1665
631 25 1679
632 32 1728
633 25 1673
634 30 1705
635 31 1697
636 31 1707
637 30 1693
638 28 1708
639 32 1697
640 33 1710
641 30 1716
642 32 1716
643 35 1732
644 32 1702
645 30 1713
646 31 1715
647 28 1696
648 32 1721
649 35 1718
650 28 1698
651 24 1678
652 26 1730
653 31 1702
654 26 1672
655 31 1696
656 36 1709
657 34 1709
658 29 1679
659 26 1721
660 38 1702
661 27 1698
662 35 1693
663 27 1719
664 31 1712
665 28 1706
666 33 1696
667 31 1700
668 32 1693
669 31 1693
670 33 1710
671 32 1679
672 45 1708
673 38 1682
674 28 1708
675 37 1738
676 34 1701
677 36 1703
678 33 1715
679 29 1689
680 31 1702
681 36 1703
682 33 1716
683 32 1678
684 37 1698
685 30 1696
686 30 1712
687 36 1705
688 26 1718
689 33 1669
690 33 1700
691 30 1723
692 30 1716
693 32 1725
694 37 1708
695 32 1711
696 38 1713
697 34 1705
698 39 1710
699 40 1695
0 29 1700
1 30 1674
2 25 1725
3 30 1707
4 27 1693
5 30 1700
6 26 1713
7 36 1703
8 33 1721
9 31 1694
10 30 1705
11 36 1713
12 30 1689
13 30 1695
14 33 1676
15 29 1716
16 35 1724
17 32 1692
18 36 1716
19 29 1697
20 28 1716
21 27 1701
22 24 1695
23 25 1704
24 31 1705
25 29 1690
26 28 1685
27 29 1729
28 29 1714
29 33 1701
30 31 1718
31 30 1677
32 37 1712
33 29 1677
34 30 1677
35 26 1718
36 30 1687
37 28 1684
38 29 1701
39 25 1683
40 33 1707
41 27 1714
42 28 1738
43 33 1664
44 28 1708
45 28 1701
46 35 1669
47 35 1692
48 29 1708
49 34 1705
50 30 1707
51 33 1725
52 28 1692
53 31 1653
54 31 1683
55 25 1677
56 26 1722
57 32 1726
58 27 1703
59 38 1703
60 34 1726
61 41 1701
62 32 1708
63 28 1674
64 31 1713
65 32 1723
66 25 1656
67 30 1669
68 37 1692
69 31 1667
70 38 1703
71 39 1697
72 33 1710
73 32 1697
74 28 1670
75 44 1697
76 44 1702
77 39 1691
78 38 1696
79 0 1
80 38 1752
81 49 1701
82 31 1682
83 36 1702
84 29 1725
85 36 1713
86 31 1696
87 37 1703
88 37 1678
89 40 1683
90 33 1696
91 29 1698
92 31 1712
93 32 1708
94 28 1720
95 31 1686
96 32 1697
97 29 1707
98 25 1727
99 24 1685
2100 71 2
2101 6 2
2102 48 1712
2103 27 3
2104 69 3
2105 31 3
2106 18 2
2107 29 2
2108 2 2
2109 6 2
2110 40 1701
2111 41 1681
2112 14 3
2113 12 3
2114 9 3
2115 2 2
2116 16 2
2117 11 2
2118 33 2
2119 42 1746
2120 16 2
2121 2 2
2122 9 2
2123 5 2
2124 5 2
2125 9 2
2126 34 2
2127 17 2
2128 8 3
2129 29 3
2130 15 3
2131 37 1705
2132 35 1670
2133 70 1695
2134 51 1703
2135 4 2
2136 14 2
2137 37 1694
2138 26 2
2139 10 2
2140 15 2
2141 24 2
2142 46 1700
2143 38 1688
2144 37 1711
2145 66 1698
2146 36 1717
2147 32 1725
2148 55 1724
2149 39 1682
2150 44 1689
2151 30 1717
2152 40 1691
2153 36 1684
2154 34 1682
2155 55 2
2156 16 2
2157 63 1693
2158 23 2
2159 7 2
2160 49 1704
2161 46 1708
2162 31 1699
2163 19 2
2164 15 2
2165 58 1663
2166 42 1692
2167 41 1721
2168 32 1710
2169 121 1701
2170 42 1700
2171 44 1683
2172 16 2
2173 44 2
2174 44 1706
2175 39 1688
2176 13 4
2177 15 4
2178 21 4
2179 5 4
2180 1 2
2181 15 2
2182 35 1706
2183 35 1691
2184 29 1689
2185 38 1693
2186 52 1720
2187 32 1690
2188 33 1705
2189 40 1693
2190 43 1716
2191 55 1688
2192 32 1718
2193 47 1716
2194 26 2
2195 25 2
2196 14 3
2197 24 3
2198 18 3
2199 68 1692
700 34 1698
701 35 1704
702 35 1688
703 30 1672
704 36 1674
705 32 1713
706 28 1698
707 33 1728
708 30 1705
709 34 1706
710 32 1717
711 36 1720
712 26 1716
713 33 1687
714 32 1664
715 34 1698
716 39 1692
717 30 1691
718 31 1691
719 32 1672
720 33 1701
721 31 1700
722 31 1709
723 39 1706
724 42 1724
725 32 1701
726 46 1712
727 0 1
728 42 1673
729 30 1714
730 27 1681
731 30 1707
732 40 1713
733 40 1724
734 44 1690
735 30 1679
736 33 1708
737 32 1693
738 30 1711
739 27 1689
740 30 1692
741 31 1701
742 31 1719
743 34 1696
744 34 1695
745 29 1685
746 35 1692
747 27 1682
748 29 1684
749 27 1696
750 40 1705
751 28 1695
752 27 1685
753 28 1702
754 41 1712
755 47 1709
756 36 1686
757 28 1718
758 34 1712
759 43 1702
760 46 1694
761 24 1652
762 31 1688
763 32 1688
764 36 1704
765 30 1705
766 25 1702
767 32 1715
768 36 1706
769 38 1682
770 40 1685
771 31 1701
772 26 1695
773 28 1704
774 26 1686
775 30 1712
776 27 1700
777 26 1696
778 28 1707
779 30 1714
780 31 1698
781 28 1706
782 32 1701
783 29 1714
784 30 1722
785 33 1694
786 32 1714
787 27 1674
788 30 1725
789 52 1705
790 35 1730
791 39 1685
792 37 1720
793 27 1710
794 26 1698
795 28 1675
796 44 1689
797 31 1715
798 70 1704
799 33 1700
1000 34 1669
1001 27 1743
1002 29 1684
1003 31 1730
1004 42 1738
1005 34 1674
1006 31 1743
1007 32 1713
1008 29 1704
1009 37 1701
1010 29 1702
1011 34 1685
1012 33 1702
1013 41 1707
1014 32 1688
1015 35 1702
1016 29 1668
1017 34 1675
1018 29 1672
1019 30 1703
1020 43 1665
1021 30 1721
1022 31 1679
1023 33 1663
1024 0 1
1025 28 1679
1026 36 1718
1027 32 1669
1028 37 1677
1029 26 1713
1030 34 1717
1031 32 1688
1032 32 1707
1033 28 1686
1034 29 1679
1035 27 1704
1036 38 1711
1037 30 1712
1038 28 1698
1039 34 1680
1040 29 1704
1041 47 1744
1042 34 1703
1043 28 1658
1044 32 1706
1045 30 1704
1046 29 1718
1047 34 1729
1048 28 1712
1049 29 1724
1050 42 1704
1051 31 1665
1052 32 1723
1053 33 1679
1054 27 1698
1055 30 1682
1056 38 1704
1057 31 1702
1058 26 1671
1059 34 1708
1060 34 1686
1061 28 1728
1062 28 1693
1063 38 1713
1064 31 1675
1065 28 1714
1066 34 1685
1067 27 1693
1068 40 1714
1069 31 1680
1070 40 1700
1071 45 1695
1072 29 1721
1073 38 1709
1074 34 1694
1075 33 1732
1076 38 1711
1077 33 1668
1078 30 1693
1079 28 1708
1080 37 1719
1081 32 1715
1082 33 1700
1083 33 1704
1084 28 1719
1085 31 1687
1086 32 1701
1087 40 1688
1088 27 1697
1089 28 1682
1090 31 1690
1091 54 1681
1092 30 1723
1093 43 1667
1094 30 1703
1095 33 1695
1096 51 1719
1097 30 1709
1098 33 1724
1099 31 1693
300 32 1700
301 28 1720
302 32 1715
303 32 1680
304 33 1709
305 37 1703
306 34 1666
307 30 1681
308 27 1704
309 27 1713
310 31 1682
311 29 1714
312 33 1703
313 28 1696
314 31 1700
315 29 1721
316 33 1663
317 26 1706
318 30 1719
319 23 1663
320 27 1703
321 25 1676
322 31 1718
323 27 1703
324 30 1690
325 27 1693
326 28 1700
327 26 1696
328 34 1711
329 28 1706
330 34 1682
331 25 1649
332 31 1705
333 28 1716
334 25 1680
335 31 1697
336 31 1723
337 26 1695
338 25 1682
339 39 1702
340 27 1723
341 31 1686
342 31 1710
343 40 1700
344 32 1714
345 28 1687
346 30 1680
347 30 1693
348 27 1677
349 43 1704
350 29 1708
351 30 1695
352 37 1701
353 39 1706
354 30 1682
355 31 1682
356 30 1672
357 38 1717
358 0 1
359 29 1707
360 31 1688
361 30 1700
362 32 1704
363 24 1681
364 34 1699
365 45 1685
366 34 1683
367 30 1684
368 33 1687
369 31 1697
370 32 1684
371 41 1699
372 26 1698
373 32 1733
374 31 1706
375 29 1711
376 31 1718
377 29 1693
378 27 1714
379 29 1692
380 34 1702
381 29 1686
382 36 1708
383 25 1692
384 27 1678
385 30 1753
386 32 1719
387 29 1655
388 37 1718
389 29 1711
390 30 1682
391 34 1670
392 26 1702
393 32 1687
394 34 1680
395 30 1678
396 35 1708
397 35 1704
398 0 1
399 42 1694
2400 66 1670
2401 64 1676
2402 21 5
2403 16 5
2404 19 5
2405 18 5
2406 16 5
2407 20 5
2408 12 2
2409 5 2
2410 68 1691
2411 0 1
2412 39 1663
2413 45 1675
2414 47 1701
2415 98 1724
2416 67 1696
2417 45 1708
2418 38 1715
2419 39 1722
2420 42 1701
2421 49 1734
2422 41 1727
2423 29 1714
2424 44 1673
2425 0 1
1900 0 1
1901 18 5
1902 11 5
1903 6 5
1904 14 5
1905 8 2
1906 15 2
1907 0 1
1908 19 2
1909 34 2
1910 19 4
1911 17 4
1912 25 4
1913 29 4
1914 13 6
1915 50 8
1916 48 9
1917 68 9
1918 12 6
1919 21 10
1920 16 3
1921 11 6
1922 21 6
1923 10 6
1924 10 6
1925 8 6
1926 14 6
1927 5 2
1928 30 2
1929 18 2
1930 37 2
1931 31 8
1932 36 9
1933 85 10
1934 42 1694
1935 0 1
1936 13 3
1937 26 3
1938 40 3
1939 15 3
1940 8 3
1941 11 2
1942 7 2
1943 17 8
1944 12 7
1945 15 7
1946 15 7
1947 13 8
1948 12 8
1949 31 8
1950 15 8
1951 43 2
1952 9 2
1953 14 4
1954 10 4
1955 26 4
1956 13 4
1957 31 1700
1958 35 1710
1959 49 1710
1960 28 2
1961 1 2
1962 39 2
1963 12 2
1964 47 3
1965 10 3
1966 56 3
1967 9 2
1968 30 2
1969 0 1
1970 16 2
1971 22 2
1972 4 2
1973 10 3
1974 39 3
1975 14 3
1976 45 1697
1977 91 1677
1978 50 1683
1979 42 1672
1980 53 1704
1981 43 1706
1982 50 1717
1983 45 1701
1984 80 1697
1985 46 1669
1986 35 1702
1987 64 1693
1988 65 1724
1989 34 2
1990 11 2
1991 17 2
1992 29 2
1993 18 4
1994 31 4
1995 25 4
1996 2 3
1997 9 3
1998 9 3
1999 47 3
2300 32 1703
2301 16 5
2302 19 5
2303 19 4
2304 37 5
2305 17 5
2306 40 1679
2307 34 1704
2308 38 1703
2309 35 1704
2310 49 1721
2311 43 1697
2312 43 1697
2313 13 2
2314 8 2
2315 10 2
2316 3 2
2317 1 2
2318 11 3
2319 19 3
2320 3 2
2321 0 1
2322 4 2
2323 8 2
2324 7 2
2325 11 2
2326 49 2
2327 2 2
2328 0 1
2329 36 2
2330 0 1
2331 0 1
2332 48 4
2333 8 3
2334 38 2
2335 48 2
2336 15 3
2337 14 3
2338 21 3
2339 59 1719
2340 54 1711
2341 34 1726
2342 42 1718
2343 77 1695
2344 37 1682
2345 45 1712
2346 70 1696
2347 80 1701
2348 70 1717
2349 42 1715
2350 18 2
2351 40 2
2352 80 1680
2353 41 1702
2354 35 1683
2355 32 1696
2356 36 1688
2357 32 1703
2358 29 1685
2359 26 1696
2360 64 1691
2361 20 4
2362 20 5
2363 19 5
2364 11 4
2365 19 5
2366 40 1698
2367 57 1688
2368 0 1
2369 37 1697
2370 31 1658
2371 36 1721
2372 46 1698
2373 36 1703
2374 38 1708
2375 39 1723
2376 26 1697
2377 41 1714
2378 73 1677
2379 14 4
2380 56 1682
2381 33 1717
2382 0 1
2383 32 1695
2384 36 1712
2385 18 2
2386 34 1685
2387 41 1702
2388 2 2
2389 24 2
2390 43 1728
2391 0 1
2392 66 1716
2393 27 7
2394 9 7
2395 13 7
2396 14 5
2397 29 7
2398 16 7
2399 18 7
1200 28 1691
1201 30 1697
1202 31 1721
1203 30 1677
1204 36 1721
1205 31 1679
1206 27 1715
1207 32 1690
1208 29 1721
1209 44 1698
1210 31 1687
1211 36 1711
1212 48 1674
1213 65 1699
1214 39 1700
1215 44 1690
1216 33 1685
1217 48 1711
1218 41 1683
1219 31 1705
1220 34 1733
1221 47 1709
1222 80 1727
1223 63 1684
1224 30 1685
1225 36 1702
1226 39 1705
1227 30 1692
1228 38 1706
1229 27 1691
1230 42 1701
1231 39 1698
1232 38 1702
1233 32 1720
1234 32 1701
1235 34 1712
1236 33 1697
1237 33 1682
1238 28 1676
1239 35 1707
1240 45 1723
1241 34 1703
1242 39 1708
1243 57 1702
1244 37 1717
1245 44 1734
1246 32 1732
1247 34 1720
1248 29 1707
1249 39 1681
1250 37 1701
1251 31 1727
1252 35 1721
1253 27 1695
1254 33 1701
1255 36 1695
1256 39 1684
1257 51 1717
1258 31 1682
1259 37 1700
1260 37 1709
1261 32 1693
1262 41 1701
1263 31 1693
1264 32 1712
1265 30 1704
1266 37 1691
1267 37 1692
1268 0 1
1269 39 1682
1270 31 1699
1271 34 1732
1272 59 1662
1273 34 1675
1274 55 1680
1275 37 1693
1276 2 3
1277 31 1715
1278 61 1734
1279 0 1
1280 35 1688
1281 31 1667
1282 42 1691
1283 39 1698
1284 32 1717
1285 34 1721
1286 33 1684
1287 45 1684
1288 31 1706
1289 30 1691
1290 33 1689
1291 34 1733
1292 33 1704
1293 33 1688
1294 29 1718
1295 0 1
1296 51 1703
1297 38 1676
1298 52 1687
1299 37 1721
900 30 1696
901 28 1722
902 32 1714
903 33 1684
904 27 1700
905 27 1694
906 33 1704
907 29 1698
908 29 1722
909 36 1701
910 32 1695
911 25 1680
912 31 1708
913 29 1692
914 28 1687
915 30 1702
916 33 1659
917 31 1671
918 28 1688
919 29 1706
920 31 1725
921 28 1688
922 32 1708
923 29 1669
924 31 1678
925 39 1728
926 32 1673
927 29 1718
928 28 1705
929 22 1689
930 37 1705
931 27 1728
932 35 1705
933 32 1689
934 35 1682
935 36 1664
936 33 1673
937 34 1734
938 30 1670
939 36 1714
940 32 1731
941 42 1640
942 34 1680
943 34 1701
944 32 1670
945 28 1692
946 29 1709
947 30 1711
948 34 1709
949 32 1730
950 26 1718
951 27 1695
952 28 1730
953 35 1700
954 28 1725
955 28 1703
956 33 1670
957 28 1687
958 33 1721
959 27 1706
960 34 1697
961 30 1704
962 30 1688
963 33 1706
964 35 1720
965 28 1699
966 39 1696
967 31 1686
968 27 1701
969 35 1714
970 31 1710
971 33 1673
972 29 1694
973 32 1684
974 33 1692
975 30 1705
976 31 1701
977 33 1706
978 27 1704
979 30 1727
980 28 1692
981 30 1689
982 37 1689
983 30 1695
984 29 1680
985 28 1703
986 28 1693
987 53 1698
988 32 1695
989 35 1708
990 28 1696
991 50 1708
992 99 1698
993 60 1727
994 25 1710
995 31 1720
996 27 1686
997 36 1667
998 37 1700
999 35 1694
500 30 1704
501 35 1704
502 32 1702
503 36 1689
504 29 1726
505 35 1689
506 35 1692
507 33 1681
508 34 1708
509 33 1705
510 29 1687
511 37 1709
512 27 1713
513 28 1698
514 28 1688
515 49 1704
516 31 1677
517 40 1719
518 27 1716
519 35 1739
520 31 1693
521 38 1713
522 32 1697
523 35 1705
524 30 1699
525 32 1689
526 0 1
527 26 1669
528 34 1676
529 29 1733
530 39 1702
531 27 1726
532 29 1704
533 28 1733
534 33 1673
535 28 1702
536 26 1692
537 30 1690
538 34 1703
539 29 1673
540 39 1699
541 33 1691
542 0 1
543 35 1712
544 38 1685
545 31 1655
546 44 1695
547 31 1717
548 32 1714
549 39 1720
550 33 1719
551 32 1692
552 34 1729
553 29 1702
554 35 1695
555 31 1711
556 31 1690
557 32 1703
558 36 1693
559 30 1708
560 33 1713
561 24 1718
562 31 1707
563 26 1701
564 31 1662
565 42 1684
566 43 1720
567 37 1683
568 32 1706
569 31 1723
570 31 1709
571 26 1706
572 25 1682
573 24 1698
574 31 1716
575 30 1693
576 33 1710
577 47 1706
578 33 1719
579 32 1714
580 28 1721
581 31 1671
582 30 1696
583 30 1710
584 35 1713
585 27 1737
586 34 1685
587 25 1698
588 32 1679
589 32 1708
590 40 1696
591 27 1713
592 27 1685
593 38 1688
594 30 1706
595 26 1711
596 29 1690
597 32 1729
598 31 1683
599 31 1730
200 27 1687
201 28 1723
202 26 1734
203 28 1720
204 27 1707
205 31 1699
206 30 1701
207 31 1726
208 32 1695
209 27 1685
210 34 1677
211 30 1697
212 31 1717
213 29 1698
214 30 1692
215 32 1686
216 32 1693
217 33 1701
218 31 1711
219 29 1677
220 30 1700
221 28 1674
222 33 1703
223 34 1674
224 31 1714
225 32 1726
226 31 1709
227 38 1693
228 35 1697
229 29 1690
230 28 1672
231 37 1700
232 31 1689
233 24 1675
234 31 1687
235 35 1710
236 36 1718
237 29 1699
238 49 1720
239 37 1692
240 33 1730
241 29 1717
242 27 1708
243 36 1703
244 34 1676
245 30 1710
246 29 1702
247 26 1694
248 28 1705
249 28 1698
250 26 1696
251 28 1703
252 31 1686
253 28 1688
254 32 1674
255 38 1676
256 34 1720
257 33 1704
258 29 1710
259 38 1703
260 34 1708
261 31 1719
262 29 1707
263 34 1713
264 28 1691
265 30 1716
266 32 1720
267 27 1689
268 26 1709
269 29 1708
270 26 1694
271 29 1708
272 28 1669
273 28 1683
274 32 1694
275 27 1722
276 25 1706
277 29 1722
278 28 1714
279 33 1685
280 40 1712
281 29 1681
282 27 1702
283 30 1712
284 30 1662
285 29 1704
286 28 1665
287 30 1712
288 33 1717
289 30 1712
290 30 1719
291 29 1677
292 28 1698
293 28 1705
294 31 1698
295 36 1731
296 29 1716
297 35 1655
298 31 1673
299 33 1693
1500 41 1705
1501 31 1719
1502 62 1701
1503 39 1688
1504 55 1694
1505 58 1682
1506 0 1
1507 33 1707
1508 31 1690
1509 29 1726
1510 33 1687
1511 36 1695
1512 33 1694
1513 29 1712
1514 34 1702
1515 32 1699
1516 45 1697
1517 30 1693
1518 43 1721
1519 37 1702
1520 39 1693
1521 0 1
1522 52 1689
1523 28 1689
1524 38 1665
1525 26 1697
1526 36 1726
1527 32 1709
1528 42 1694
1529 38 1699
1530 33 1707
1531 36 1714
1532 33 1743
1533 23 1688
1534 31 1701
1535 33 1675
1536 31 1722
1537 33 1709
1538 35 1699
1539 38 1706
1540 37 1727
1541 38 1673
1542 34 1682
1543 40 1693
1544 39 1680
1545 31 1699
1546 29 1685
1547 27 1719
1548 86 1704
1549 30 1668
1550 47 1659
1551 37 1676
1552 30 1686
1553 46 1719
1554 36 1673
1555 26 1665
1556 27 1719
1557 61 1709
1558 0 1
1559 40 1697
1560 34 1687
1561 33 1696
1562 51 1688
1563 71 1691
1564 68 1715
1565 39 1715
1566 31 1707
1567 34 1688
1568 34 1724
1569 35 1672
1570 33 1666
1571 46 1686
1572 0 1
1573 37 1694
1574 48 1689
1575 60 1666
1576 40 1702
1577 33 1698
1578 25 1689
1579 35 1701
1580 33 1694
1581 29 1677
1582 30 1738
1583 31 1716
1584 32 1705
1585 36 1693
1586 37 1692
1587 35 1705
1588 29 1732
1589 32 1685
1590 0 1
1591 34 1675
1592 42 1705
1593 36 1714
1594 37 1697
1595 40 1683
1596 39 1652
1597 31 1719
1598 38 1723
1599 50 1698
400 31 1673
401 0 1
402 30 1709
403 32 1700
404 28 1699
405 28 1729
406 29 1683
407 32 1690
408 32 1708
409 26 1684
410 32 1725
411 30 1664
412 39 1669
413 26 1674
414 28 1707
415 33 1698
416 30 1716
417 29 1698
418 38 1709
419 31 1711
420 27 1675
421 28 1698
422 33 1681
423 31 1690
424 27 1711
425 42 1733
426 31 1710
427 32 1684
428 27 1694
429 36 1699
430 31 1697
431 43 1724
432 42 1692
433 34 1704
434 34 1718
435 41 1684
436 32 1712
437 34 1695
438 26 1737
439 34 1729
440 45 1711
441 31 1673
442 37 1705
443 35 1707
444 37 1703
445 44 1685
446 36 1705
447 36 1698
448 35 1731
449 35 1698
450 26 1706
451 28 1724
452 31 1706
453 26 1669
454 26 1722
455 30 1706
456 27 1699
457 29 1709
458 28 1679
459 28 1710
460 29 1696
461 34 1703
462 28 1708
463 31 1701
464 30 1712
465 33 1702
466 33 1668
467 30 1694
468 28 1688
469 29 1694
470 32 1683
471 26 1683
472 30 1664
473 28 1689
474 31 1691
475 0 1
476 26 1707
477 29 1702
478 27 1700
479 25 1703
480 28 1680
481 29 1704
482 30 1728
483 30 1699
484 31 1669
485 35 1683
486 32 1700
487 33 1714
488 30 1718
489 40 1686
490 36 1704
491 33 1722
492 23 1657
493 29 1701
494 30 1671
495 28 1700
496 33 1662
497 35 1698
498 28 1717
499 31 1711
