31 4199
32 4214
39 4132
31 4189
29 4160
34 4191
34 4176
31 4105
34 4202
40 4169
33 4166
32 4197
32 4132
31 4169
29 4191
31 4169
36 4189
29 4157
30 4191
30 4193
32 4166
31 4182
30 4140
0 1
40 4154
32 4133
31 4167
32 4129
33 4159
29 4159
33 4155
32 4169
27 4168
31 4138
32 4181
0 1
33 4130
38 4127
34 4111
34 4195
35 4213
37 4152
34 4160
30 4162
29 4133
34 4180
0 1
34 4201
30 4100
27 4146
0 1
33 4168
37 4099
46 4157
33 4207
36 4202
32 4151
37 4126
31 4172
34 4207
34 4192
29 4203
33 4074
39 4171
33 4155
32 4206
32 4239
30 4179
35 4129
30 4138
34 4149
34 4181
34 4104
35 4174
31 4175
50 4182
0 1
32 4150
31 4185
32 4200
30 4141
32 4152
30 4150
33 4091
32 4195
32 4198
31 4137
30 4134
29 4185
30 4140
34 4155
31 4117
32 4204
30 4187
34 4100
31 4150
29 4154
31 4092
35 4154
32 4159
30 4229
34 4202
34 4164
32 4123
37 4212
31 4147
34 4200
33 4158
37 4230
34 4168
27 4108
27 4118
32 4219
40 4159
35 4111
29 4181
48 4173
34 4167
33 4136
41 4179
31 4111
37 4168
19 2
30 4075
30 4117
27 4170
51 4136
34 4186
36 4173
52 4174
65 4106
36 4212
50 4159
36 4192
38 4220
36 4169
29 4170
33 4149
43 4150
41 4178
32 4196
30 4177
31 4161
34 4136
34 4147
36 4137
32 4167
33 4195
0 1
88 4154
33 4129
0 1
36 4136
31 4145
57 4139
47 4179
33 4163
41 4138
34 4163
39 4142
44 4178
29 4130
31 4170
30 4145
33 4180
33 4130
37 4155
0 1
39 4152
37 4167
31 4167
30 4189
32 4132
33 4198
31 4159
40 4126
31 4192
34 4172
0 1
0 1
34 4191
31 4135
31 4176
65 4189
38 4160
33 4120
30 4123
32 4203
36 4102
34 4180
32 4170
36 4158
32 4149
32 4138
35 4171
37 4162
33 4192
35 4190
33 4162
33 4160
50 4173
30 4120
30 4158
38 4167
33 4173
38 4130
35 4131
32 4122
32 4150
33 4142
30 4177
33 4170
35 4133
30 4168
33 4179
39 4174
30 4146
41 4144
30 4150
37 4157
35 4186
35 4185
40 4148
29 4201
36 4137
41 4188
30 4105
45 4174
28 4157
34 4151
35 4211
28 4150
33 4124
29 4182
32 4187
31 4198
40 4140
33 4159
28 4119
32 4208
33 4194
27 4145
35 4187
40 4109
32 4139
32 4167
35 4138
35 4147
49 4132
32 4170
29 4155
30 4146
38 4189
31 4131
30 4124
31 4104
32 4080
31 4102
29 4113
41 4113
32 4181
33 4141
31 4179
63 4176
32 4195
0 1
30 4144
34 4120
36 4145
42 4189
31 4154
40 4154
31 4183
30 4184
27 4171
34 4167
31 4167
54 4143
35 4167
33 4127
33 4150
31 4176
34 4202
34 4197
30 4145
30 4142
29 4175
36 4210
36 4228
31 4165
33 4155
30 4189
33 4197
34 4153
32 4160
30 4162
37 4131
37 4152
0 1
0 1
34 4197
34 4198
30 4119
29 4166
32 4114
33 4157
31 4177
39 4143
35 4144
33 4130
28 4194
33 4200
136 4129
37 4188
35 4084
32 4162
29 4156
32 4205
27 4140
31 4186
33 4138
30 4132
34 4174
28 4171
34 4156
32 4161
30 4179
29 4130
30 4175
31 4163
31 4134
32 4144
30 4189
34 4169
29 4113
32 4206
40 4127
70 4189
36 4194
0 1
77 4158
31 4176
41 4123
30 4113
29 4127
31 4106
0 1
36 4130
30 4171
33 4164
34 4204
29 4105
31 4169
0 1
38 4188
32 4178
34 4147
38 4165
33 4146
66 4156
32 4178
28 4145
29 4151
35 4155
0 1
0 1
0 1
0 1
46 4211
30 4147
0 1
32 4180
29 4169
32 4172
34 4118
32 4209
34 4139
28 4195
32 4157
6 2
14 2
0 1
55 4183
46 4169
33 4169
53 4177
35 4130
28 4127
35 4164
32 4209
30 4144
31 4157
33 4148
36 4148
0 1
0 1
32 4154
36 4144
29 4234
30 4161
35 4155
41 4226
29 4139
44 4149
30 4165
33 4144
35 4174
35 4194
35 4128
36 4219
38 4178
35 4185
30 4113
32 4192
49 4132
33 4107
31 4114
32 4148
36 4158
49 4136
34 4193
31 4138
31 4188
30 4160
34 4167
33 4137
31 4142
35 4160
27 4152
30 4111
30 4168
31 4152
34 4161
32 4179
33 4233
34 4173
34 4097
28 4179
36 4163
31 4121
31 4123
33 4149
32 4186
37 4144
32 4168
33 4133
0 1
40 4202
32 4121
32 4138
39 4131
33 4171
32 4170
32 4146
0 1
48 4164
28 4138
0 1
0 1
34 4099
32 4158
46 4164
35 4166
55 4160
53 4221
34 4120
31 4126
31 4185
32 4188
33 4183
37 4128
36 4180
44 4146
32 4196
31 4175
53 4120
46 4116
46 4116
36 4160
36 4142
33 4178
54 4150
43 4206
63 4207
0 1
38 4124
54 4185
31 4163
54 4165
33 4147
31 4175
29 4196
41 4148
32 4174
30 4116
39 4184
36 4174
32 4150
33 4142
32 4152
35 4146
76 4182
36 4188
38 4158
46 4165
32 4158
43 4174
38 4171
84 4184
37 4169
27 4150
33 4125
34 4195
31 4171
28 4142
34 4202
32 4168
31 4133
32 4202
75 4187
36 4201
33 4138
31 4153
31 4144
31 4168
31 4223
34 4173
28 4177
33 4148
33 4171
34 4188
32 4169
36 4156
42 4164
44 4130
31 4125
39 4172
33 4204
39 4158
37 4197
35 4158
32 4154
31 4172
37 4110
27 4175
34 4151
37 4127
36 4163
33 4220
32 4102
36 4134
39 4191
28 4163
0 1
31 4175
36 4194
54 4173
33 4139
47 4119
44 4093
32 4152
34 4149
36 4138
35 4151
31 4187
0 1
0 1
62 4194
34 4181
34 4124
61 4204
29 4140
40 4113
34 4147
32 4138
32 4174
28 4204
29 4159
31 4200
34 4162
29 4157
33 4145
31 4121
30 4144
29 4172
30 4177
28 4142
31 4195
30 4191
27 4163
35 4237
30 4182
30 4130
36 4095
33 4153
31 4131
35 4171
30 4183
37 4137
33 4161
32 4196
33 4131
33 4112
28 4120
34 4158
33 4174
43 4188
31 4198
32 4161
31 4163
44 4154
31 4123
33 4182
32 4134
35 4200
34 4178
33 4172
31 4129
32 4143
36 4172
31 4156
42 4117
32 4102
34 4162
31 4126
40 4160
29 4157
33 4117
35 4172
35 4182
30 4164
29 4081
30 4136
32 4157
33 4124
33 4194
35 4195
38 4213
35 4166
33 4174
31 4145
30 4200
34 4132
32 4189
31 4172
29 4163
30 4152
33 4146
33 4150
34 4174
31 4153
34 4163
34 4169
36 4158
33 4181
30 4143
33 4154
30 4143
37 4140
46 4151
39 4192
6 2
48 2
0 1
0 1
33 4085
31 4129
39 4088
34 4185
32 4137
32 4185
34 4137
34 4129
37 4179
31 4132
34 4210
33 4145
33 4163
30 4155
32 4140
34 4180
30 4193
31 4157
0 1
35 4200
52 4138
0 1
0 1
0 1
54 2
14 2
0 1
0 1
36 4204
31 4206
32 4116
33 4218
42 4135
31 4171
40 4220
32 4195
33 4195
32 4191
34 4197
34 4186
31 4181
39 4203
32 4143
32 4207
29 4160
29 4159
32 4180
33 4145
35 4149
29 4151
35 4131
33 4158
32 4147
33 4164
32 4153
29 4141
32 4112
35 4170
34 4140
30 4132
0 1
30 4195
32 4136
36 4173
36 4149
0 1
0 1
0 1
32 4089
27 4189
30 4175
27 4181
33 4171
29 4140
31 4123
31 4172
120 4182
30 4135
33 4168
90 4216
32 4171
31 4162
31 4107
34 4207
35 4161
37 4124
77 4135
32 4108
0 1
0 1
27 2
29 4154
32 4175
39 4167
36 4211
69 4182
32 4129
35 4149
36 4187
0 1
40 4131
34 4162
31 4130
32 4194
30 4155
40 4181
31 4190
33 4140
33 4134
32 4160
32 4205
34 4145
34 4169
31 4222
31 4169
32 4140
38 4154
37 4160
32 4191
28 4132
34 4221
34 4143
30 4153
31 4191
35 4197
29 4129
31 4150
33 4150
33 4166
29 4117
33 4100
30 4155
34 4134
33 4197
38 4151
30 4171
34 4142
36 4133
31 4131
30 4158
31 4106
28 4152
31 4145
31 4207
34 4178
32 4154
32 4148
34 4158
33 4159
33 4190
0 1
0 1
0 1
35 4072
38 4150
40 4147
32 4219
0 1
29 4178
34 4141
34 4131
35 4035
0 1
33 4159
29 4163
36 4185
0 1
34 4160
34 4171
32 4103
37 4134
33 4181
45 4122
0 1
31 4132
32 4120
34 4174
36 4146
33 4127
34 4146
35 4196
0 1
31 4170
37 4133
37 4150
33 4174
31 4137
34 4191
32 4155
30 4185
34 4150
34 4201
31 4115
34 4134
33 4108
34 4203
29 4172
33 4127
31 4147
39 4154
40 4137
0 1
46 4139
28 4119
34 4217
84 4155
40 4178
37 4181
0 1
44 4182
31 4155
35 4115
34 4140
32 4143
31 4148
37 4148
34 4169
31 4194
0 1
32 4139
30 4179
30 4206
33 4179
36 4158
37 4146
34 4158
32 4195
35 4185
37 4162
36 4146
43 4172
33 4180
34 4176
32 4197
37 4184
35 4180
30 4132
36 4187
31 4115
33 4161
34 4145
40 4161
34 4112
67 4129
31 4125
28 4087
32 4191
29 4134
35 4167
33 4149
31 4159
33 4196
27 4135
31 4087
35 4142
36 4120
32 4191
31 4180
33 4150
33 4124
30 4156
34 4164
32 4184
38 4170
43 4159
57 4165
43 4106
34 4118
31 4198
31 4165
34 4225
29 4183
34 4178
31 4206
73 4162
33 4180
36 4153
37 4148
34 4156
33 4228
32 4142
30 4125
32 4190
33 4058
34 4096
38 4123
41 4161
29 4147
32 4103
32 4167
34 4170
36 4149
30 4141
36 4071
34 4219
34 4140
30 4149
32 4096
38 4117
28 4176
33 4100
34 4171
35 4182
35 4184
34 4212
35 4148
30 4176
35 4185
33 4142
51 4164
41 4146
39 4159
42 4230
85 4127
32 4157
39 4212
29 4163
31 4161
28 4156
36 4162
31 4214
33 4168
38 4187
33 4141
35 4158
35 4135
31 4179
37 4152
34 4148
34 4154
28 4186
29 4173
31 4143
36 4157
32 4181
36 4127
31 4199
34 4179
30 4137
38 4162
135 4190
57 4169
36 4174
35 4130
37 4132
31 4172
35 4187
0 1
0 1
41 4131
35 4135
32 4100
33 4187
31 4167
26 4086
31 4175
34 4091
30 4163
34 4237
42 4163
33 4155
30 4149
34 4147
37 4121
37 4139
33 4161
38 4157
34 4163
31 4149
32 4145
33 4164
36 4186
34 4134
33 4134
40 4146
28 4183
34 4120
32 4167
56 4128
40 4175
33 4119
34 4171
37 4138
29 4184
31 4195
31 4171
32 4136
29 4150
0 1
41 4133
35 4160
36 4153
35 4166
52 4133
27 4136
0 1
30 4147
0 1
33 4147
32 4145
33 4185
35 4211
35 4196
31 4170
27 4155
33 4152
29 4114
30 4158
31 4150
30 4193
30 4176
36 4127
32 4187
34 4141
32 4145
35 4152
35 4194
31 4205
41 4183
28 4174
29 4190
33 4127
52 4134
32 4158
31 4191
32 4155
30 4163
35 4164
32 4155
0 1
0 1
28 4148
0 1
0 1
32 4177
38 4131
0 1
0 1
33 4186
37 4179
30 4156
38 4167
35 4173
38 4156
32 4111
37 4157
37 4147
33 4167
34 4161
32 4162
31 4229
28 4176
35 4174
32 4206
0 1
43 4171
29 4160
32 4141
33 4145
0 1
29 4164
34 4128
0 1
18 2
8 2
0 1
30 4205
35 4134
31 4115
38 4121
33 4226
33 4165
34 4151
36 4151
0 1
34 4158
30 4101
0 1
35 4157
34 4150
0 1
36 4210
57 4089
37 4167
34 4113
36 4124
95 4130
31 4162
36 4157
47 4111
31 4120
32 4158
36 4176
34 4130
35 4187
34 4166
28 4150
30 4194
36 4210
33 4168
28 4221
34 4196
36 4184
36 4139
34 4161
31 4167
37 4217
0 1
32 4127
29 4101
29 4126
30 4164
31 4153
35 4147
34 4152
32 4161
31 4157
31 4103
32 4148
29 4151
31 4127
31 4143
29 4156
30 4171
32 4165
35 4173
32 4133
44 4098
37 4145
36 4121
0 1
52 4134
47 4157
38 4149
35 4156
34 4140
37 4138
31 4131
37 4139
34 4218
35 4136
38 4150
31 4190
37 4118
32 4191
30 4223
33 4184
33 4120
34 4139
31 4170
33 4137
32 4091
29 4142
34 4186
36 4171
37 4128
34 4132
31 4191
37 4166
0 1
33 4115
33 4194
37 4189
36 4172
32 4111
35 4198
38 4187
34 4211
34 4151
54 4137
30 4137
30 4154
28 4193
37 4167
30 4106
32 4159
32 4199
33 4163
32 4144
30 4122
35 4147
32 4170
30 4197
33 4172
34 4195
31 4155
42 4087
47 4131
31 4191
31 4187
46 4155
44 4192
34 4176
34 4129
0 1
33 4145
51 4126
30 4165
33 4164
29 4125
35 4187
43 4173
0 1
37 4242
33 4191
42 4194
36 4170
57 4149
37 4179
137 4166
37 4117
25 4140
36 4109
0 1
39 4121
38 4204
30 4149
31 4143
33 4234
36 4202
34 4145
36 4201
31 4208
38 4148
35 4179
30 4197
43 4155
36 4164
0 1
0 1
33 4240
43 4169
37 4187
0 1
0 1
32 4213
34 4186
34 4191
31 4157
42 4110
34 4121
33 4107
30 4128
28 4155
31 4165
35 4153
39 4171
31 4137
33 4160
31 4147
33 4161
34 4149
32 4097
37 4167
41 2
11 2
35 4202
31 4156
46 4162
31 4120
30 4222
0 1
0 1
0 1
80 4115
35 4153
36 4120
34 4167
29 4142
0 1
54 4191
35 4101
36 4151
30 4165
43 4212
49 4161
30 4134
31 4173
36 4157
36 4157
38 4151
33 4193
0 1
36 4155
41 4182
34 4109
36 4152
30 4202
46 4135
39 4215
29 4215
38 4119
0 1
68 4156
34 4203
38 4126
30 4172
34 4144
36 4139
34 4111
0 1
38 4152
33 4117
37 4153
29 4123
34 4162
40 4164
31 4181
42 4160
32 4153
59 4185
32 4166
30 4148
30 4155
33 4117
36 4142
43 4199
32 4213
29 4177
31 4176
31 4183
31 4171
35 4149
34 4175
29 4114
31 4158
33 4164
33 4144
32 4181
34 4179
49 4150
32 4121
34 4129
34 4095
35 4122
29 4175
36 4118
29 4117
28 4181
30 4109
36 4155
31 4161
33 4162
35 4163
35 4189
34 4164
0 1
32 4211
0 1
31 4119
35 4186
33 4136
31 4206
38 4141
38 4172
32 4157
36 4175
41 4135
41 4154
41 4150
29 4189
35 4143
29 4123
35 4154
34 4121
41 4183
0 1
32 4162
30 4126
35 4145
33 4097
31 4173
0 1
36 4154
34 4152
29 4139
39 4155
0 1
35 4160
0 1
37 4194
28 4125
35 4211
37 4162
36 4185
31 4143
33 4115
34 4151
29 4153
0 1
60 4206
46 4215
70 4111
37 4165
0 1
37 4183
35 4070
33 4119
32 4178
30 4169
39 4167
37 4144
0 1
41 4100
0 1
35 4205
29 4158
0 1
0 1
0 1
29 4156
31 4136
36 4141
34 4205
36 4199
44 4148
85 4130
34 4101
32 4143
32 4109
32 4142
40 4099
34 4101
38 4147
36 4127
34 4198
30 4127
34 4136
33 4144
31 4160
34 4158
32 4166
33 4075
33 4134
33 4141
39 4190
34 4174
34 4147
36 4170
37 4125
37 4115
36 4160
36 4146
0 1
34 4143
36 4168
33 4148
55 4191
34 4140
30 4153
35 4129
34 4098
36 4152
32 4128
29 4160
32 4187
36 4215
50 4179
31 4137
38 4173
32 4164
28 4175
34 4168
32 4194
36 4172
37 4187
38 4159
36 4141
39 4200
31 4138
32 4171
31 4159
30 4232
0 1
35 4194
38 4126
34 4185
32 4206
43 4112
31 4118
28 4158
29 4134
34 4155
31 4172
36 4156
37 4162
30 4190
36 4124
32 4114
31 4207
31 4193
34 4140
34 4150
31 4154
36 4193
32 4167
35 4169
34 4115
46 4142
38 4186
37 4161
35 4178
34 4132
28 4123
32 4202
33 4114
0 1
37 4182
37 4140
30 4153
58 4114
0 1
29 4190
33 4212
32 4200
39 4138
34 4181
31 4183
31 4153
33 4196
33 4082
31 4176
36 4140
33 4162
32 4163
38 4168
31 4178
53 4174
32 4157
36 4170
31 4214
37 4149
36 4110
33 4139
40 4158
34 4182
28 4105
37 4175
34 4142
34 4189
31 4164
32 4159
0 1
36 4181
41 4167
37 4144
0 1
34 4133
0 1
0 1
32 4153
40 4101
32 4145
36 4102
31 4187
45 4116
32 4180
64 4223
29 4135
36 4222
28 4162
32 4192
29 4147
35 4165
31 4148
31 4149
35 4182
30 4151
31 4146
34 4146
32 4174
37 4139
34 4159
36 4161
33 4183
30 4148
30 4160
32 4225
31 4195
33 4155
34 4193
30 4166
35 4140
38 4149
34 4205
32 4207
35 4189
30 4162
37 4159
34 4169
32 4144
33 4138
32 4177
31 4092
34 4142
33 4146
28 4162
33 4186
37 4148
35 4167
0 1
39 4121
27 4131
35 4159
31 4174
29 4195
46 4180
31 4134
39 4168
31 4171
42 4195
34 4162
32 4177
34 4110
35 4112
0 1
31 4159
44 4174
30 4123
33 4144
33 4183
35 4222
34 4157
36 4182
34 4127
32 4129
31 4194
30 4186
32 4161
30 4168
30 4153
32 4153
31 4141
36 4157
0 1
30 4135
31 4159
40 4153
31 4199
34 4159
41 4078
33 4147
39 4188
32 4128
36 4169
35 4213
36 4157
0 1
33 4198
0 1
35 4156
38 4150
33 4155
35 4155
33 4149
33 4182
28 4135
36 4154
0 1
0 1
0 1
29 4198
37 4157
42 4166
35 4173
34 4139
35 4176
35 4203
28 4153
97 4224
62 4153
44 4170
31 4181
33 4119
36 4206
32 4161
35 4168
32 4187
37 4152
33 4186
35 4126
37 4097
34 4119
43 4146
30 4109
32 4144
31 4156
36 4174
30 4173
32 4175
35 4097
31 4208
0 1
37 4139
30 4172
33 4172
30 4163
40 4174
31 4108
29 4119
33 4144
36 4157
33 4118
33 4152
38 4159
43 4106
37 4177
30 4194
32 4158
31 4105
53 4197
38 4146
32 4155
32 4204
32 4163
29 4156
32 4160
38 4177
35 4144
0 1
34 4169
0 1
43 4209
34 4204
36 4172
46 4144
36 4165
42 4163
31 4163
32 4122
0 1
31 4133
32 4185
30 4211
30 4101
31 4135
0 1
31 4153
32 4115
65 4168
0 1
47 4150
31 4163
29 4166
0 1
33 4162
35 4213
29 4189
32 4176
32 4131
28 4158
33 4128
29 4192
33 4156
32 4112
86 4205
41 4205
32 4131
26 4108
32 4157
37 4164
29 4186
45 4197
65 4143
37 4165
36 4168
33 4161
45 4154
34 4118
33 4139
50 4141
32 4153
30 4126
33 4144
33 4145
39 4218
32 4146
43 4135
32 4187
34 4158
31 4146
32 4162
33 4145
33 4163
33 4199
31 4130
32 4156
67 4142
37 4162
30 4193
29 4190
39 4149
33 4158
42 4187
29 4175
37 4129
35 4164
34 4097
37 4138
33 4184
75 4119
72 4125
38 4164
33 4233
34 4190
47 4148
30 4188
36 4212
35 4105
31 4146
37 4179
35 4119
33 4133
35 4206
32 4158
30 4167
34 4178
0 1
0 1
48 4148
34 4162
40 4137
36 4167
37 4177
37 4185
0 1
34 4132
36 4127
32 4126
35 4162
31 4208
36 4145
30 4106
32 4185
52 4101
36 4139
42 4185
44 4186
65 4
82 4177
34 4208
31 4158
34 4126
36 4214
30 4150
47 4151
34 4123
40 4111
70 4147
33 4158
39 4172
36 4158
32 4164
34 4127
37 4142
31 4133
35 4170
39 4175
32 4211
30 4082
40 4208
31 4179
32 4116
35 4123
31 4103
33 4197
35 4177
0 1
32 4108
0 1
32 4177
39 4159
31 4114
40 4159
30 4111
63 4166
45 4164
43 4161
38 4143
0 1
74 4158
35 4175
35 4162
0 1
35 4110
28 4157
32 4147
35 4144
34 4183
35 4157
28 4150
30 4198
34 4116
35 4155
34 4201
32 4199
34 4141
34 4136
34 4200
31 4150
32 4145
34 4073
29 4124
36 4155
33 4196
36 4153
31 4150
40 4171
34 4196
37 4128
40 4193
31 4206
39 4136
53 4139
39 4130
34 4197
30 4193
53 4142
37 4193
53 4166
33 4159
39 4199
35 4204
0 1
34 4144
35 4183
31 4170
30 4166
73 4123
46 4146
33 4169
32 4134
33 4206
28 4112
36 4190
64 4117
33 4197
32 4120
33 4192
49 4119
74 4076
35 4166
31 4207
0 1
30 4138
44 4117
44 4186
36 4163
35 4134
34 4141
35 4228
56 4142
33 4143
39 4168
32 4172
30 4132
51 4139
63 4111
41 4178
37 4169
38 4168
53 4200
44 4091
39 4146
70 4149
35 4168
31 4114
31 4161
35 4151
51 4185
43 4066
39 4230
63 4164
88 4159
35 4167
41 4216
29 4131
0 1
46 4151
30 4105
38 4179
38 4232
38 4155
45 4180
34 4162
37 4142
74 4145
62 4134
43 4215
39 4118
33 4137
34 4158
67 4182
31 4158
38 4138
33 4175
33 4167
34 4194
32 4127
43 4175
30 4140
31 4187
34 4181
29 4144
38 4167
38 4166
36 4175
38 4140
0 1
31 4173
35 4130
29 4140
35 4204
32 4153
32 4147
29 4169
0 1
35 4145
36 4135
29 4187
36 4162
36 4160
31 4209
35 4185
32 4150
32 4179
33 4157
34 4108
33 4232
0 1
0 1
30 4175
40 4114
39 4214
38 4163
32 4214
39 4111
28 4204
35 4128
38 4177
35 4131
36 4133
31 4171
36 4185
33 4153
33 4115
30 4171
42 4197
38 4207
0 1
0 1
0 1
58 4162
0 1
47 4141
0 1
68 4149
42 4153
56 4182
34 4147
34 4149
39 4162
0 1
39 4113
36 4201
0 1
35 4161
34 4190
30 4185
33 4193
34 4184
34 4177
46 4189
37 4105
50 4152
30 4210
32 4166
36 4174
38 4167
33 4145
79 4147
32 4190
34 4117
32 4211
32 4156
35 4153
47 4176
37 4220
39 4170
35 4148
0 1
33 4163
41 4185
0 1
44 4132
38 4170
40 4150
0 1
37 4156
33 4152
36 4161
0 1
35 4200
74 4147
41 4170
31 4160
30 4190
34 4204
0 1
0 1
0 1
35 4182
0 1
0 1
32 4196
39 4223
37 4197
34 4185
34 4160
41 4205
44 4222
0 1
33 4086
34 4176
32 4168
0 1
33 4250
34 4125
64 4162
35 4126
39 4236
39 4145
34 4154
31 4146
31 4185
32 4165
0 1
0 1
0 1
40 4206
32 4150
35 4179
30 4165
30 4117
28 4180
34 4135
38 4150
30 4195
33 4155
30 4199
33 4183
38 4137
35 4136
32 4141
79 4088
36 4148
32 4164
47 4110
31 4220
30 4158
30 4189
30 4134
31 4154
43 4161
33 4169
30 4171
34 4189
32 4164
30 4127
29 4149
43 4166
35 4125
30 4157
37 4185
35 4197
0 1
38 4161
35 4170
46 4190
30 4094
30 4169
31 4169
32 4170
30 4116
32 4196
31 4126
30 4223
45 4127
34 4148
30 4154
37 4237
36 4198
30 4176
37 4202
33 4202
33 4124
34 4129
35 4132
36 4210
30 4116
33 4198
32 4109
31 4175
32 4177
28 4160
30 4123
30 4163
31 4128
30 4166
33 4134
36 4101
31 4143
30 4164
0 1
0 1
0 1
31 4199
0 1
31 4232
33 4182
29 4151
42 4215
33 4190
37 4206
35 4144
36 4120
31 4190
40 4151
0 1
32 4171
38 4179
38 4175
35 4116
33 4211
34 4171
0 1
36 4164
36 4155
38 4138
0 1
31 4128
29 4139
33 4144
36 4187
0 1
0 1
31 4173
30 4156
33 4125
51 4169
59 4173
33 4152
33 4092
32 4171
32 4196
36 4103
47 4111
30 4151
36 4145
28 4146
43 4159
34 4164
37 4149
31 4143
148 4147
36 4175
35 4153
33 4131
34 4196
0 1
63 4159
12 2
34 4177
38 4218
35 4141
0 1
39 4122
34 4174
45 4136
34 4133
33 4149
36 4176
36 4153
36 4165
29 4189
35 4182
35 4133
52 4160
35 4164
38 4196
38 4110
38 4181
0 1
0 1
40 4182
31 4149
31 4151
35 4192
0 1
39 4112
36 4158
35 4143
44 4173
0 1
36 4154
53 4186
31 4199
30 4148
0 1
0 1
34 4129
33 4241
33 4177
0 1
0 1
38 4193
33 4165
30 4174
61 4161
7 2
4 2
59 4175
32 4145
56 4129
43 4195
0 1
123 4153
61 4191
33 4166
60 4156
30 4160
30 4171
35 4163
37 4216
48 4150
33 4150
41 4147
38 4127
38 4150
30 4168
38 4179
37 4228
41 4090
37 4154
37 4179
32 4141
34 4136
0 1
33 4211
37 4143
35 4174
36 4106
38 4197
0 1
32 4135
0 1
0 1
36 4176
102 4065
41 4164
34 4164
53 4214
33 4185
31 4153
45 4169
59 4180
37 4176
34 4170
35 4154
27 4143
44 4190
32 4193
29 4147
37 4158
0 1
43 4151
43 4223
39 4191
34 4149
39 4114
44 4177
33 4174
31 4165
37 4163
35 4149
44 4170
38 4209
32 4190
33 4158
31 4175
36 4196
36 4199
31 4145
31 4245
38 4182
33 4194
35 4211
37 4163
30 4118
0 1
32 4225
31 4155
36 4142
40 4168
34 4132
73 4156
44 4147
30 4211
34 4154
40 4179
0 1
34 4150
36 4147
0 1
79 4176
33 4183
34 4193
32 4159
49 4203
38 4126
37 4175
32 4191
57 4156
36 4171
42 4208
0 1
53 4157
64 4178
0 1
31 4105
39 4158
35 4144
31 4204
102 4136
0 1
33 4153
0 1
35 4152
88 4131
38 4097
34 4167
28 4180
35 4164
40 4228
37 4229
48 4133
33 4161
0 1
72 4118
33 4167
34 4133
29 4141
33 4100
40 4145
57 4174
36 4122
30 4154
39 4135
31 4131
35 4190
0 1
34 4152
33 4126
36 4118
36 4107
58 4163
0 1
0 1
36 4162
33 4182
32 4167
30 4165
36 4134
31 4173
0 1
31 4169
35 4191
44 4174
50 4182
0 1
0 1
50 4180
36 4226
32 4160
36 4208
33 4136
0 1
36 4191
33 4139
34 4197
36 4147
37 4145
55 4116
71 4122
38 4189
35 4150
37 4138
39 4161
56 4149
32 4144
30 4159
0 1
32 4162
35 4136
47 4171
31 4200
34 4138
33 4182
32 4167
36 4117
37 4180
31 4136
34 4177
41 4193
32 4193
44 4137
0 1
36 4157
36 4110
52 4129
44 4174
34 4147
49 4153
10 2
33 4160
55 4146
42 4145
34 4167
29 4127
39 4162
53 4130
69 4181
0 1
34 4132
32 4167
38 4160
34 4193
37 4150
41 4193
43 4143
34 4196
42 4206
33 4158
34 4147
29 4143
36 4222
32 4207
37 4185
31 4171
28 4146
29 4130
39 4153
40 4191
31 4176
0 1
33 4172
38 4171
0 1
0 1
34 4228
36 4140
0 1
0 1
34 4178
0 1
33 4143
45 4162
0 1
36 4201
35 4137
33 4129
37 4171
36 4155
33 4190
0 1
0 1
52 4170
0 1
0 1
63 4150
37 4195
34 4178
39 4165
0 1
0 1
0 1
30 4192
31 4158
76 4190
37 4155
32 4191
34 4167
1 2
33 4171
34 4184
0 1
38 4183
48 4134
36 4141
36 4144
36 4175
36 4139
48 4165
0 1
69 4169
35 4176
31 4174
45 4177
29 4137
47 4161
84 4183
59 4089
33 4148
33 4186
59 4105
36 4112
41 4146
41 4172
92 4125
32 4183
32 4148
30 4152
39 4166
30 4124
38 4162
60 4146
36 4168
0 1
39 4227
64 4184
36 4125
36 4163
28 4212
37 4186
33 4146
40 4189
31 4171
34 4210
32 4186
34 4192
33 4122
41 4150
35 4177
51 4190
106 4185
38 4133
0 1
30 4171
35 4149
36 4165
33 4181
0 1
0 1
30 4163
33 4202
37 4171
37 4185
34 4194
29 4140
34 4134
37 4210
45 4151
33 4201
37 4170
47 4159
44 4212
33 4248
39 4196
57 4152
0 1
0 1
0 1
45 4122
34 4145
34 4169
34 4127
76 4193
39 4160
39 4121
32 4201
35 4171
31 4146
32 4144
32 4150
38 4164
29 4173
34 4135
41 4172
33 4172
48 4143
36 4180
34 4143
53 4139
31 4115
40 4195
32 4153
32 4183
0 1
50 4140
52 4159
0 1
68 4126
34 4114
32 4163
37 4128
38 4180
30 4174
0 1
30 4115
39 4175
41 4196
33 4155
31 4104
35 4165
31 4170
34 4153
30 4165
34 4197
35 4154
33 4166
36 4147
31 4191
30 4136
34 4143
31 4192
38 4142
30 4113
33 4127
82 4160
31 4121
34 4150
38 4156
34 4127
32 4147
0 1
30 2
9 2
30 4166
39 4105
33 4182
33 4133
47 4201
45 4194
0 1
0 1
0 1
0 1
36 4154
0 1
0 1
0 1
0 1
0 1
33 4180
61 4153
65 4146
32 4170
34 4132
36 4142
0 1
0 1
47 4133
34 4150
33 4121
40 4128
33 4151
36 4133
0 1
32 4158
30 4116
31 4157
87 4172
36 4206
43 4107
35 4209
31 4155
72 4168
41 4151
34 4160
34 4149
43 4150
34 4135
35 4169
39 4170
31 4204
39 4123
41 4219
45 4179
35 4158
50 4147
40 4199
0 1
37 4190
36 4151
38 4205
31 4136
63 4168
37 4215
38 4174
33 4184
48 4156
40 4104
0 1
80 4168
46 4170
59 4167
39 4204
0 1
32 4133
45 4138
27 4156
35 4172
34 4137
29 4188
30 4130
39 4200
29 4123
34 4134
34 4117
33 4188
41 4166
29 4105
39 4198
43 4135
31 4151
35 4164
66 4154
0 1
38 4108
31 4121
0 1
37 4109
36 4159
45 4174
51 4155
0 1
36 4081
51 4192
42 4080
33 4159
33 4141
52 4113
43 4176
0 1
38 4151
34 4168
29 4108
30 4152
32 4179
37 4142
0 1
39 4183
34 4156
43 4144
0 1
53 4138
32 4117
41 4175
57 4184
45 4142
33 4168
35 4209
40 4128
38 4203
38 4115
42 4181
40 4204
33 4178
36 4170
34 4176
0 1
0 1
33 4226
31 4197
32 4194
29 4139
34 4152
46 4161
34 4158
33 4160
31 4167
39 4164
34 4179
34 4212
35 4234
36 4178
44 4174
33 4155
45 4195
54 4162
38 4102
0 1
0 1
0 1
0 1
35 4115
31 4129
32 4147
31 4122
37 4194
37 4191
34 4088
0 1
30 4145
33 4174
34 4190
35 4197
0 1
38 4109
36 4145
37 4232
33 4140
32 4160
33 4153
0 1
30 4154
0 1
0 1
31 4163
32 4158
39 4165
31 4159
42 4154
34 4164
30 4119
36 4132
47 4168
32 4157
31 4182
36 4174
38 4131
32 4125
59 4229
34 4202
37 4179
46 4150
33 4173
46 4130
38 4204
50 4153
30 4186
31 4181
36 4102
34 4181
34 4201
27 4173
90 4150
33 4158
38 4105
38 4164
30 4174
31 4165
0 1
63 4155
53 4159
42 4113
0 1
0 1
35 4153
0 1
53 4185
35 4146
33 4188
37 4098
32 4146
0 1
30 4189
32 4164
0 1
30 4135
60 4187
42 4151
40 4168
33 4171
40 2
72 4189
0 1
0 1
6 2
2 2
38 4194
19 2
24 2
33 4185
37 4126
38 4164
36 4173
42 4161
43 4113
40 4139
29 4188
37 4199
49 4115
36 4164
0 1
39 4140
0 1
36 4229
31 4158
35 4186
32 4163
33 4160
32 4154
35 4132
37 4143
33 4152
33 4128
42 4076
13 2
37 2
36 4174
30 4147
32 4161
38 4120
0 1
0 1
33 4129
40 4187
42 4142
38 4129
36 4126
30 4190
27 4170
45 4139
47 4166
33 4140
43 4168
0 1
0 1
79 4147
49 4140
33 4148
68 4144
30 4168
35 4152
37 4173
34 4074
37 4157
36 4158
40 4148
43 4190
32 4130
44 4172
34 4176
40 4166
0 1
38 4157
76 4161
0 1
30 4173
29 4109
34 4195
32 4148
33 4158
45 4134
40 4162
39 4144
0 1
38 4180
41 4221
0 1
35 4201
37 4201
40 4227
35 4130
0 1
38 4217
35 4211
53 4187
0 1
33 4221
39 4180
30 4098
0 1
33 4226
32 4168
0 1
0 1
0 1
60 4215
37 4185
33 4236
33 4099
36 4216
34 4150
0 1
33 4135
37 4177
31 4151
76 4192
0 1
0 1
49 4144
0 1
11 3
4 3
8 3
38 4169
0 1
33 4188
0 1
0 1
9 2
42 4174
53 4157
34 4143
36 4170
35 4195
33 4162
35 4172
45 4151
52 4194
39 4151
33 4102
30 4148
37 4146
37 4129
37 4197
0 1
43 4193
34 4203
32 4144
31 4080
37 4161
31 4106
34 4137
32 4110
30 4146
0 1
34 4166
0 1
40 4165
35 4136
36 4199
0 1
36 4200
37 4204
45 4214
32 4169
42 4226
39 4187
34 4160
34 4167
37 4125
34 4157
35 4161
38 4185
43 4206
0 1
0 1
32 4116
37 4186
36 4103
0 1
31 4186
0 1
32 4210
29 4134
40 4145
29 4172
32 4171
38 4128
31 4083
35 4158
34 4168
32 4172
0 1
34 4167
47 4129
41 4204
35 4108
39 4111
0 1
31 4193
36 4176
39 4114
35 4121
47 4174
0 1
0 1
32 4092
0 1
28 4161
37 4157
37 4139
37 4159
36 4173
0 1
33 4170
38 4112
33 4161
32 4138
33 4163
36 4123
62 4189
0 1
39 4157
37 4208
0 1
35 4143
37 4125
40 4148
37 4144
36 4183
0 1
40 4168
72 4124
33 4117
35 4143
34 4165
35 4207
33 4120
0 1
0 1
36 4195
36 4179
34 4168
39 4188
45 4149
36 4136
0 1
50 4162
35 4159
35 4152
38 4125
33 4138
31 4125
39 4179
0 1
0 1
39 4153
34 4175
49 4151
0 1
0 1
0 1
0 1
60 4169
31 4169
51 4154
0 1
51 4153
33 4119
41 4118
0 1
0 1
38 4161
31 4151
31 4155
0 1
32 4166
44 4179
60 4180
32 4173
42 4128
56 4154
42 4128
35 4191
35 4181
46 4129
35 4194
37 4181
40 4158
42 4138
35 4158
34 4183
34 4131
0 1
57 4138
37 4173
39 4129
31 4175
32 4170
0 1
42 4202
37 4190
77 4112
33 4139
35 4154
0 1
92 4129
34 4127
28 4124
34 4185
33 4186
0 1
56 4100
0 1
40 4119
76 4157
33 4094
51 4186
0 1
0 1
34 4133
0 1
42 4096
0 1
0 1
32 4130
37 4106
48 4099
0 1
0 1
38 4109
0 1
33 4188
5 2
38 2
0 1
79 4111
30 4134
33 4149
36 4190
37 4194
35 4197
32 4160
34 4191
34 4181
30 4182
31 4235
30 4171
31 4120
35 4120
31 4159
58 4147
74 4133
32 4178
35 4184
39 4218
28 4116
35 4168
33 4124
31 4122
29 4116
40 4144
30 4137
28 4111
35 4142
46 4168
73 4163
40 4162
30 4186
35 4152
44 4171
31 4129
38 4186
36 4159
0 1
33 4116
34 4106
34 4213
38 4214
57 4201
38 4170
37 4198
43 4158
32 4134
35 4122
32 4109
48 4162
30 4209
42 4148
31 4101
31 4193
37 4174
38 4165
28 4145
43 4219
37 4157
39 4183
82 4159
31 4107
42 4112
34 4170
30 4155
32 4140
30 4136
30 4139
35 4212
34 4144
32 4143
52 4154
29 4186
41 4146
72 4121
37 4185
68 4201
42 4187
33 4149
45 4205
0 1
40 4186
0 1
0 1
60 4174
39 4180
47 4136
31 4160
34 4093
44 4152
37 4166
31 4133
0 1
53 4197
45 4131
0 1
0 1
33 4188
38 4167
30 4132
35 4134
34 4126
68 4138
35 4180
42 4207
35 4124
36 4141
34 4161
30 4114
63 4127
33 4192
51 4169
36 4126
30 4155
31 4175
0 1
0 1
0 1
35 4191
0 1
53 4222
66 4154
0 1
37 4161
35 4185
0 1
36 4191
0 1
29 4169
0 1
30 4191
42 4122
35 4172
31 4073
33 4155
5 2
25 2
55 4183
0 1
0 1
31 4118
39 4137
31 4142
42 4164
31 4179
0 1
0 1
43 4201
34 4116
38 4149
38 4187
0 1
0 1
71 4150
41 4133
42 4125
0 1
43 4160
0 1
0 1
33 4114
38 4179
0 1
0 1
30 4152
32 4155
35 4148
34 4147
30 4102
54 4145
30 4199
0 1
41 4166
0 1
0 1
0 1
34 4132
0 1
36 4176
30 4117
37 4140
33 4135
31 4214
36 4165
35 4173
40 4178
0 1
36 4176
42 4144
49 4150
0 1
0 1
42 4164
0 1
0 1
37 4116
34 4218
29 4173
0 1
88 4126
0 1
94 4168
43 4097
0 1
37 4116
0 1
44 4176
0 1
32 4111
29 4127
42 4143
0 1
0 1
35 4181
31 4185
35 4167
53 4150
0 1
0 1
54 4191
40 4116
38 4152
35 4164
56 4209
34 4161
33 4165
0 1
36 4134
0 1
51 4153
42 4173
35 4175
38 4177
41 4106
32 4186
38 4192
51 4144
45 4118
34 4177
40 4177
41 4113
42 4163
0 1
34 4172
37 4167
61 4208
0 1
33 4185
36 4175
0 1
52 4147
0 1
39 4172
38 4204
48 4163
44 4158
42 4147
40 4171
33 4180
0 1
38 4233
0 1
34 4140
33 4129
60 4201
35 4125
0 1
35 4195
37 4194
0 1
33 4151
0 1
30 4088
0 1
37 4151
44 4145
44 4090
48 4136
30 4129
0 1
47 4205
0 1
54 4169
31 4132
34 4117
0 1
36 4196
35 4129
0 1
45 4134
37 4197
47 4164
30 4204
48 4209
39 4170
39 4177
0 1
0 1
27 4168
36 4170
51 4170
31 4143
36 4165
44 4135
0 1
0 1
35 4193
0 1
32 4177
43 4138
0 1
35 4153
32 4142
35 4179
48 4192
73 4184
0 1
44 4181
0 1
0 1
0 1
0 1
41 4161
47 4176
69 4169
41 4081
39 4189
32 4161
31 4174
46 4187
31 4157
39 4218
0 1
0 1
0 1
0 1
88 4206
0 1
54 4163
39 4183
39 4168
48 4112
0 1
48 4198
29 4161
32 4143
33 4156
36 4172
36 4199
35 4130
0 1
34 4139
44 4195
35 4190
40 4180
32 4112
33 4159
0 1
0 1
55 4172
55 4169
0 1
39 4204
33 4193
34 4217
35 4164
40 4165
52 4150
0 1
0 1
0 1
33 4133
37 4164
32 4069
0 1
0 1
47 4159
35 4127
50 4146
0 1
57 4169
32 4167
32 4170
0 1
32 4132
35 4168
33 4124
41 4207
57 4152
33 4196
0 1
37 4167
37 4147
34 4100
0 1
55 4145
0 1
35 4184
38 4175
34 4133
0 1
35 4166
58 4204
0 1
45 4189
0 1
0 1
33 4210
0 1
31 4147
42 4124
0 1
51 4153
37 4140
0 1
37 4179
51 4165
33 4158
38 4203
40 4133
41 4191
34 4129
38 4206
0 1
39 4149
38 4177
36 4123
35 4163
34 4156
0 1
37 4188
51 4163
55 4167
0 1
0 1
34 4130
0 1
39 4127
65 4175
72 4152
0 1
0 1
0 1
40 4172
0 1
36 4148
0 1
45 4153
0 1
36 4197
40 4106
12 2
3 2
0 1
29 4123
0 1
43 4154
0 1
52 4160
0 1
37 4161
34 4139
42 4224
47 4202
38 4150
38 4152
39 4178
0 1
32 4174
0 1
0 1
0 1
41 4115
32 4147
49 4105
67 4190
33 4133
0 1
34 4171
32 4130
0 1
0 1
0 1
0 1
42 4198
31 4184
35 4206
47 4158
52 4173
40 4174
33 4197
0 1
56 4166
0 1
50 4098
33 4146
0 1
0 1
0 1
36 4138
0 1
0 1
0 1
32 4165
0 1
0 1
41 4153
40 4109
37 4114
34 4184
43 4157
35 4180
0 1
48 4170
35 4182
36 4151
0 1
43 4138
42 4172
44 4137
43 4159
40 4149
0 1
0 1
0 1
9 2
3 2
37 4156
35 4183
30 4120
55 4131
36 4188
34 4181
40 4166
33 4160
0 1
31 4191
31 4122
34 4142
32 4162
32 4160
34 4151
35 4156
37 4170
62 4160
49 4122
34 4165
34 4100
48 4139
33 4127
41 4169
0 1
33 4165
37 4174
0 1
40 4128
30 4165
37 4224
36 4196
49 4110
49 4168
33 4189
0 1
35 4197
36 4117
36 4133
82 4092
39 4115
0 1
56 4099
68 4155
42 4099
45 4163
47 4087
34 4160
43 4178
34 4175
0 1
0 1
0 1
0 1
0 1
0 1
0 1
46 4147
45 4118
67 4137
53 4139
39 4175
0 1
0 1
111 4128
54 4127
42 4152
34 4157
38 4195
0 1
0 1
0 1
0 1
0 1
0 1
0 1
33 4155
31 4146
32 4197
39 4182
33 4203
28 4163
33 4135
0 1
57 4203
34 4154
37 4191
0 1
0 1
0 1
0 1
43 4167
36 4204
0 1
0 1
0 1
0 1
45 4185
31 4182
35 4171
42 4146
35 4156
31 4206
0 1
31 4157
42 4184
35 4116
0 1
133 4177
0 1
0 1
40 4122
52 4187
0 1
36 4160
30 4135
35 4141
40 4140
36 4170
37 4158
44 4145
32 4207
36 4170
39 4191
43 4173
32 4128
57 4176
36 4171
55 4169
41 4160
36 4145
34 4176
0 1
35 4171
37 4138
0 1
0 1
36 4174
34 4144
48 4111
104 4155
0 1
36 4223
32 4174
0 1
0 1
0 1
39 4167
30 4152
67 4158
0 1
0 1
0 1
0 1
0 1
0 1
61 4124
0 1
44 4136
44 4140
104 4190
34 4176
34 4107
29 4149
0 1
35 4132
0 1
32 4176
0 1
45 4208
57 4183
32 4128
35 4163
31 4162
89 4196
0 1
64 4201
43 4142
31 4197
32 4165
0 1
41 4124
0 1
32 4166
76 4148
0 1
0 1
37 4130
35 4197
61 4126
56 4165
0 1
35 4142
40 4126
35 4128
38 4160
35 4133
34 4199
37 4169
36 4183
0 1
38 4166
31 4200
35 4161
41 4109
0 1
45 4125
38 4175
40 4182
35 4146
42 4132
55 4142
40 4225
31 4159
0 1
31 4206
33 4154
40 4250
37 4196
54 4113
34 4177
40 4195
48 4176
0 1
0 1
33 4172
30 4201
39 4163
32 4168
47 4156
38 4156
37 4173
0 1
3 2
9 2
0 1
35 4172
41 4138
35 4146
38 4180
63 4141
53 4138
34 4167
40 4149
38 4176
37 4088
30 4152
34 4174
42 4174
39 4192
0 1
49 4178
41 4145
33 4167
79 4181
64 4199
35 4121
0 1
0 1
33 4183
56 4146
32 4171
32 4172
30 4124
35 4165
40 4149
34 4235
64 4175
45 4218
38 4147
0 1
37 4156
35 4173
68 4162
33 4144
38 4122
0 1
68 4115
39 4162
32 4161
45 4148
35 4163
30 4164
0 1
0 1
30 4202
0 1
35 4185
0 1
51 4150
35 4138
40 4190
45 4171
0 1
41 4173
0 1
35 4212
40 4142
38 4243
0 1
45 4139
35 4142
36 4169
35 4134
40 4177
48 4149
73 4150
37 4177
0 1
50 4165
31 4145
36 4167
35 4187
60 4148
39 4206
49 4144
29 4183
36 4083
68 4118
39 4118
75 4110
31 4152
37 4143
31 4158
0 1
0 1
31 4140
49 4139
42 4165
0 1
59 4161
36 4181
29 4156
36 4190
28 4144
38 4218
0 1
0 1
0 1
37 4186
34 4174
37 4166
0 1
48 4176
34 4195
37 4188
37 4187
42 4189
0 1
36 4231
33 4171
44 4167
0 1
35 4179
33 4140
62 4157
0 1
59 4224
50 4149
47 4121
51 4119
36 4161
47 4171
0 1
50 4182
0 1
41 4137
30 4186
70 4157
41 4134
0 1
0 1
51 4147
36 4169
43 4224
0 1
36 4122
32 4124
0 1
37 4150
0 1
47 4123
42 4190
0 1
34 4189
108 4138
38 4169
30 4167
0 1
46 4133
71 4176
43 4188
35 4166
0 1
48 4191
0 1
0 1
57 4139
42 4153
38 4148
0 1
48 4136
55 4157
48 4135
52 4169
0 1
0 1
0 1
44 4119
0 1
42 4218
50 4119
42 4152
0 1
35 4136
41 4181
0 1
35 4106
39 4178
0 1
0 1
0 1
35 4154
35 4131
0 1
34 4175
0 1
0 1
45 4185
32 4152
33 4128
35 4213
54 4200
0 1
0 1
0 1
0 1
0 1
35 4138
41 4143
34 4169
85 4187
42 4198
51 4186
65 4151
34 4187
75 4180
33 4173
0 1
35 4159
0 1
48 4225
0 1
72 4130
0 1
42 4182
34 4143
0 1
0 1
37 4199
31 4208
32 4138
34 4146
0 1
0 1
41 4184
0 1
36 4166
0 1
41 4163
0 1
0 1
0 1
29 4171
53 4145
31 4154
0 1
0 1
35 4137
76 4202
46 4153
0 1
36 4173
0 1
40 4138
37 4130
38 4094
70 4146
41 4173
0 1
53 4187
35 4154
60 4159
46 4152
39 4169
53 4124
33 4172
47 4131
0 1
0 1
33 4123
32 4176
32 4108
34 4179
33 4152
37 4083
39 4212
0 1
31 4172
49 4153
30 4104
37 4112
0 1
0 1
0 1
40 4201
39 4183
34 4100
0 1
36 4145
34 4155
31 4131
36 4167
0 1
38 4148
0 1
44 4164
63 4180
40 4144
68 4080
43 4160
50 4109
0 1
0 1
0 1
34 4199
0 1
0 1
40 4109
37 4169
33 4123
0 1
0 1
41 4169
41 4168
40 4205
0 1
0 1
0 1
0 1
0 1
41 4138
40 4132
0 1
55 4179
56 4134
0 1
0 1
63 4171
0 1
34 4137
42 4142
0 1
0 1
31 4175
0 1
55 4170
45 4188
33 4142
0 1
0 1
0 1
0 1
0 1
0 1
43 4155
36 4186
0 1
0 1
0 1
54 4167
41 4128
37 4135
35 4117
0 1
0 1
0 1
34 4148
42 4150
35 4149
52 4155
0 1
65 4125
74 4195
45 4159
32 4140
0 1
0 1
44 4176
40 4155
52 4110
40 4148
42 4167
0 1
40 4166
53 4154
35 4153
38 4164
37 4144
31 4120
36 4182
53 4140
38 4190
33 4130
0 1
39 4164
58 4172
0 1
30 4114
40 4132
0 1
0 1
37 4137
39 4163
34 4110
38 4194
0 1
0 1
0 1
73 4136
33 4140
0 1
0 1
0 1
0 1
31 4170
56 4216
0 1
36 4184
56 4237
39 4193
85 4159
36 4087
38 4115
94 4196
0 1
0 1
0 1
0 1
33 4150
0 1
0 1
0 1
3 2
32 4190
44 4117
0 1
49 4160
0 1
0 1
45 4167
60 4221
50 4161
0 1
0 1
0 1
0 1
23 2
11 2
101 4175
37 4140
103 4161
37 4167
0 1
30 4201
41 4156
36 4133
31 4148
29 4134
35 4219
0 1
5 2
7 2
36 4199
33 4112
0 1
0 1
30 4213
38 4140
33 4140
0 1
34 4180
38 4132
36 4165
44 4193
36 4194
75 4139
62 4200
43 4152
54 4145
34 4155
36 4163
30 4158
55 4147
0 1
43 4160
39 4194
32 4188
31 4179
0 1
61 4147
35 4170
37 4115
37 4193
61 4186
36 4230
71 4144
20 3
42 4186
61 4166
0 1
43 4140
1 2
32 4154
45 4141
35 4179
0 1
0 1
33 4157
34 4169
0 1
0 1
0 1
35 4154
0 1
31 4138
52 4185
52 4139
34 4179
32 4136
36 4148
50 4187
0 1
53 4182
36 4183
32 4186
37 4109
58 4200
67 4185
38 4197
51 4186
35 4155
0 1
44 4142
0 1
0 1
40 4128
0 1
35 4135
36 4157
38 4122
46 4175
45 4201
0 1
0 1
34 4165
39 4183
39 4187
32 4180
37 4151
39 4167
33 4120
0 1
0 1
45 4155
40 4156
35 4124
35 4181
36 4184
7 2
0 1
36 4130
64 4109
0 1
41 4089
36 4176
36 4172
37 4170
32 4158
0 1
32 4128
37 4175
36 4140
38 4140
0 1
37 4136
46 4161
29 4198
0 1
0 1
47 4185
0 1
0 1
0 1
0 1
0 1
0 1
33 4131
33 4155
35 4192
37 4093
33 4208
60 4195
39 4211
60 4207
0 1
37 4160
34 4154
0 1
35 4192
34 4165
0 1
39 4175
35 4148
36 4160
36 4124
0 1
0 1
0 1
0 1
46 4153
0 1
33 4148
40 4152
33 4148
36 4173
53 4160
59 4158
42 4185
31 4186
32 4174
53 4145
34 4126
47 4177
37 4134
35 4123
0 1
35 4116
52 4117
29 4180
39 4203
35 4108
0 1
0 1
36 4126
0 1
0 1
0 1
0 1
63 4127
46 4161
52 4144
48 4182
33 4217
53 4201
66 4173
39 4209
35 4148
70 4111
36 4174
79 4094
35 4198
56 4154
0 1
0 1
38 4145
29 4194
34 4167
56 4171
48 4132
33 4179
104 4180
0 1
76 4186
0 1
59 2
0 1
0 1
2 2
29 2
0 1
37 4204
41 4153
0 1
0 1
36 4138
37 4110
30 4168
31 4181
58 4102
36 4120
38 4175
0 1
0 1
61 4169
57 4157
36 4185
59 4151
34 4118
0 1
34 4183
0 1
0 1
47 4141
0 1
36 4208
0 1
0 1
0 1
41 4172
0 1
0 1
0 1
32 4169
0 1
0 1
34 4170
39 4123
36 4124
0 1
0 1
36 4178
0 1
0 1
40 4180
29 4121
0 1
52 4144
32 4238
0 1
47 4162
42 4159
33 4175
0 1
45 4134
31 4126
35 4161
37 4165
0 1
114 4107
42 4205
6 2
0 1
0 1
0 1
0 1
69 4150
40 4175
36 4139
0 1
39 2
33 4141
0 1
0 1
37 4149
38 4193
39 4160
32 4192
37 4129
0 1
0 1
38 4186
34 4132
46 4151
35 4126
53 4166
34 4125
53 4107
41 4140
37 4144
35 4197
33 4180
39 4108
41 4159
38 4162
66 4194
46 4121
27 4171
36 4162
37 4183
36 4183
42 4195
34 4117
48 4164
37 4201
31 4139
36 4176
50 4161
36 4202
37 4188
41 4129
47 4142
37 4223
36 4095
44 4199
70 4159
75 4173
35 4144
42 4159
80 4194
42 4138
82 4174
45 4147
44 4160
54 4148
67 4190
32 4173
65 4235
57 4207
53 4171
34 4088
42 4071
38 4171
45 4148
40 4180
0 1
59 4188
4 2
63 2
0 1
37 4183
35 4082
65 4144
0 1
36 4186
58 4158
32 4193
49 4135
37 4148
50 4110
54 4204
0 1
36 4133
72 4180
0 1
73 4106
37 4181
38 4155
0 1
37 4134
34 4109
37 4166
33 4143
50 4155
36 4194
30 4138
0 1
0 1
37 4141
30 4132
54 4182
33 4170
0 1
38 4147
43 4137
36 4178
31 4137
36 4106
0 1
47 4200
33 4209
43 4205
52 4179
45 4142
0 1
37 4180
36 4163
39 4167
72 4178
33 4154
41 4134
35 4120
39 4145
34 4221
31 4159
0 1
36 4152
0 1
0 1
0 1
40 4198
57 4162
0 1
34 4199
0 1
40 4171
34 2
2 2
30 4104
0 1
42 4160
40 4182
32 4185
35 4183
32 4138
38 4188
35 4130
36 4127
38 4161
32 4197
34 4121
82 4148
36 4174
50 4181
39 4187
42 4169
48 4142
29 4134
45 4156
71 4159
41 4192
148 4124
39 4131
34 4188
0 1
42 4141
41 4142
56 4093
50 4103
48 4168
28 4160
47 4125
47 4230
44 4135
50 4157
48 4206
41 4139
55 4161
29 4094
58 4110
47 4164
32 4109
62 4169
62 4154
43 4191
0 1
79 4205
34 4175
78 4154
39 4164
44 4128
44 4198
0 1
32 4164
0 1
37 4181
38 4149
38 4146
35 4188
49 4168
35 4188
59 4150
40 4170
0 1
0 1
33 4161
0 1
0 1
40 4153
41 4200
0 1
0 1
37 4183
39 4171
0 1
0 1
9 2
0 1
0 1
33 4100
35 4168
0 1
52 4208
34 4122
58 4154
6 2
20 2
0 1
41 4206
38 4119
33 4127
35 4206
0 1
41 4118
0 1
0 1
48 4141
0 1
0 1
0 1
0 1
0 1
33 4152
0 1
34 4154
85 4175
53 4152
0 1
47 4162
61 4167
47 4208
4 2
35 2
0 1
66 4173
0 1
32 4169
0 1
0 1
0 1
44 4159
0 1
49 4172
34 4112
54 4115
92 4117
0 1
0 1
2 2
21 2
0 1
33 4153
0 1
32 4187
0 1
35 4173
0 1
0 1
42 4159
0 1
0 1
0 1
32 4233
37 4180
0 1
0 1
70 4194
0 1
0 1
51 4147
0 1
0 1
3 2
12 2
0 1
0 1
39 4128
31 4206
0 1
46 4155
0 1
61 4147
34 4162
0 1
35 4129
0 1
56 4206
0 1
33 4142
0 1
0 1
0 1
35 4187
0 1
0 1
0 1
39 4167
0 1
0 1
0 1
66 4107
38 4178
32 4124
0 1
31 4111
0 1
36 4172
49 4182
0 1
0 1
44 4162
81 4186
77 4190
37 4201
0 1
0 1
0 1
35 4140
76 4170
0 1
0 1
35 4111
37 4121
34 4183
0 1
0 1
42 4165
0 1
0 1
0 1
0 1
0 1
49 4176
33 4193
34 4163
0 1
0 1
39 4210
36 4144
60 4166
0 1
0 1
0 1
6 2
36 4185
40 2
28 2
70 4153
0 1
37 4186
0 1
116 4116
48 4125
53 4171
0 1
52 4146
39 4168
37 4160
33 4170
0 1
31 4132
0 1
31 4186
0 1
40 4190
55 4123
56 4189
0 1
37 4153
75 4123
0 1
0 1
32 4144
40 4133
0 1
113 4162
0 1
40 4198
0 1
0 1
0 1
78 4207
109 4129
29 4162
34 4144
0 1
0 1
52 4198
36 4197
0 1
34 4173
34 4111
0 1
0 1
34 4149
0 1
0 1
0 1
0 1
35 4154
0 1
69 4213
50 4123
51 4168
40 4134
37 4164
68 4125
0 1
61 4199
0 1
0 1
38 4147
30 4200
0 1
0 1
0 1
43 4118
40 4160
0 1
15 2
18 3
0 1
30 4180
79 4108
54 4200
0 1
45 4167
0 1
0 1
0 1
51 4118
36 4127
0 1
38 4159
40 4144
76 4161
56 4157
0 1
57 4092
0 1
0 1
38 4124
120 4224
34 4171
39 4179
36 4120
0 1
9 2
21 2
0 1
0 1
0 1
0 1
83 4131
31 4181
0 1
43 4189
11 2
0 1
0 1
0 1
0 1
42 4139
31 4169
42 4164
30 4152
45 4142
53 4097
0 1
0 1
0 1
0 1
32 4172
43 4178
40 4182
34 4187
73 4155
0 1
38 4129
35 4184
44 4156
0 1
0 1
63 4126
38 4146
0 1
0 1
0 1
57 4179
42 4124
44 4167
63 4164
38 4122
49 4129
0 1
46 4154
0 1
41 4175
0 1
0 1
41 4146
55 4112
57 4126
0 1
42 4183
0 1
35 4097
46 4181
0 1
46 4201
39 4196
48 4160
0 1
0 1
0 1
0 1
43 4171
0 1
0 1
49 4153
36 4156
0 1
0 1
43 4147
45 4198
0 1
0 1
30 4126
33 4112
0 1
0 1
47 4134
0 1
46 4098
0 1
0 1
41 4185
36 4137
46 4172
0 1
0 1
51 4134
38 4177
0 1
61 4173
0 1
63 4165
41 4180
2 2
1 2
0 1
38 4111
40 4144
38 4133
34 4163
0 1
0 1
52 4180
50 4193
40 4150
64 4140
54 4201
0 1
43 4170
68 4131
0 1
0 1
77 4166
34 4186
38 4164
0 1
75 4161
41 4122
0 1
0 1
60 4220
35 4193
28 4130
35 4134
0 1
0 1
0 1
15 2
11 2
34 4074
0 1
46 4173
0 1
62 4149
0 1
0 1
42 4169
33 4139
40 4142
0 1
40 4207
41 4140
0 1
0 1
66 4176
36 4206
0 1
33 4148
47 4158
33 4153
41 4184
31 4124
42 4125
52 4159
37 4156
34 4206
44 4145
56 4177
38 4149
36 4181
0 1
0 1
0 1
32 4192
35 4153
0 1
46 4135
0 1
31 2
5 2
0 1
0 1
35 4104
40 4165
30 4173
37 4164
0 1
33 4104
41 4136
1 2
11 2
0 1
0 1
0 1
0 1
37 4205
38 4184
174 4211
32 4139
44 4154
0 1
0 1
36 4142
0 1
0 1
0 1
78 4180
0 1
0 1
41 4110
0 1
34 4198
59 4165
0 1
0 1
34 4153
0 1
46 4181
0 1
0 1
68 4152
0 1
0 1
41 4171
32 4150
39 4171
32 4216
36 4160
63 4148
40 4164
0 1
23 2
0 1
0 1
59 4139
39 4154
38 4165
53 4166
35 4166
0 1
0 1
0 1
31 4144
0 1
39 4091
0 1
0 1
0 1
0 1
46 4189
0 1
0 1
0 1
59 4131
43 4164
37 4160
0 1
0 1
46 4181
32 4137
0 1
0 1
32 4147
40 4170
0 1
44 4154
0 1
59 4184
0 1
0 1
0 1
0 1
0 1
55 4148
41 4180
37 4192
126 4146
48 4173
46 4143
43 4160
57 4125
47 4119
36 4162
0 1
46 4135
77 4122
44 4195
36 4094
69 4129
0 1
70 4114
46 4194
40 4182
0 1
72 4179
43 4159
89 4166
47 4168
0 1
65 4169
33 4155
51 4205
36 4225
0 1
85 4163
38 4178
80 4170
35 4194
41 4194
134 4184
33 4210
45 4138
36 4172
45 4186
35 4150
0 1
34 4117
68 4145
71 4171
66 4128
0 1
0 1
0 1
0 1
76 4139
0 1
0 1
0 1
38 4195
41 4149
42 4152
51 4179
34 4184
33 4159
59 4119
31 4149
0 1
35 4122
106 4155
0 1
37 4163
0 1
0 1
0 1
123 4136
0 1
47 4197
0 1
0 1
0 1
0 1
42 4136
36 4168
0 1
0 1
40 4170
0 1
49 4171
0 1
38 4134
0 1
49 4093
40 4240
99 4168
33 4163
67 4146
0 1
0 1
0 1
33 4165
0 1
0 1
0 1
42 4181
0 1
0 1
35 4213
35 4091
34 4136
0 1
0 1
35 4156
69 4142
38 4138
0 1
41 4196
0 1
27 4141
31 4166
67 4176
0 1
0 1
35 4194
41 4197
37 4193
86 4198
44 4150
0 1
0 1
0 1
17 2
5 2
52 4199
37 4101
0 1
0 1
0 1
36 4155
56 4158
52 4162
76 4206
46 4174
59 4131
43 4191
49 4172
93 4205
40 4127
43 4153
0 1
0 1
36 4149
0 1
0 1
0 1
0 1
0 1
0 1
0 1
40 4209
0 1
0 1
0 1
38 4155
152 4118
0 1
46 4143
0 1
0 1
5 2
31 4110
0 1
47 4121
0 1
0 1
0 1
0 1
0 1
0 1
0 1
30 4171
42 4222
57 4149
0 1
55 4128
0 1
66 4151
35 4095
158 4199
43 4152
64 4177
0 1
0 1
34 4174
0 1
0 1
37 4176
33 4161
0 1
0 1
0 1
0 1
0 1
0 1
0 1
37 4166
44 4146
47 4175
62 4126
34 4213
0 1
37 4136
40 4172
0 1
0 1
0 1
0 1
31 4157
0 1
0 1
52 4106
0 1
38 4139
55 4152
35 4188
0 1
34 4147
0 1
44 4162
97 4177
73 4150
0 1
0 1
0 1
0 1
36 4140
37 4178
0 1
0 1
47 4121
42 4197
0 1
36 4166
37 4103
0 1
0 1
0 1
34 4141
0 1
0 1
90 4160
141 4160
47 4135
0 1
58 4184
0 1
0 1
42 4179
42 4141
0 1
32 4157
0 1
72 4143
38 4121
47 4180
0 1
27 4122
0 1
0 1
0 1
39 4179
47 4092
0 1
41 4166
34 4142
0 1
0 1
0 1
35 4136
0 1
45 4170
34 4169
31 4133
0 1
56 4149
0 1
37 4169
0 1
0 1
31 4145
37 4154
0 1
0 1
0 1
0 1
0 1
59 4096
0 1
0 1
0 1
0 1
36 4150
41 4158
0 1
0 1
0 1
41 4135
38 4119
0 1
0 1
0 1
39 4183
34 4205
70 4194
0 1
0 1
0 1
0 1
0 1
0 1
88 4146
45 4183
51 4161
49 4124
0 1
33 4132
43 4126
34 4086
34 4164
56 4165
36 4156
41 4149
0 1
0 1
0 1
28 4194
0 1
0 1
0 1
43 4141
0 1
32 4192
0 1
0 1
0 1
41 4173
31 4152
35 4141
37 4201
110 4119
0 1
0 1
29 4160
0 1
57 4174
0 1
34 4157
40 4114
72 4190
0 1
11 2
19 2
42 4195
0 1
0 1
0 1
0 1
35 4141
42 4163
64 4161
41 4170
41 4188
0 1
72 4165
57 4141
69 4130
78 4112
50 4132
0 1
0 1
0 1
60 4146
65 4146
71 4202
0 1
0 1
0 1
43 4188
0 1
0 1
0 1
0 1
38 4129
0 1
0 1
0 1
43 4105
43 4157
37 4151
0 1
0 1
0 1
50 4149
35 4202
61 4161
44 4176
39 4185
44 4094
33 4142
0 1
44 4126
0 1
63 4169
43 4161
0 1
2 2
0 1
36 4164
0 1
0 1
0 1
41 4104
0 1
39 4134
58 4139
0 1
0 1
0 1
50 4154
0 1
0 1
0 1
0 1
0 1
0 1
0 1
0 1
0 1
67 4186
35 4102
64 4122
3 2
35 4156
62 4216
0 1
39 4159
0 1
0 1
52 4134
0 1
44 4197
0 1
0 1
0 1
0 1
0 1
0 1
0 1
0 1
98 4215
56 4153
0 1
0 1
0 1
0 1
54 4187
31 4172
33 4159
0 1
0 1
51 4164
42 4157
34 4144
0 1
0 1
39 4174
37 4184
51 4100
41 4151
0 1
46 4190
0 1
0 1
5 2
3 2
0 1
47 4202
0 1
41 4182
0 1
0 1
0 1
0 1
0 1
0 1
63 4184
0 1
0 1
37 4174
43 4123
0 1
52 4169
36 4178
0 1
38 4168
0 1
0 1
28 2
0 1
0 1
98 4098
0 1
60 4105
38 4154
32 4187
0 1
0 1
0 1
0 1
0 1
0 1
33 4143
0 1
0 1
125 4166
38 4207
71 4139
42 4174
49 4167
0 1
40 4120
36 4155
42 4149
0 1
32 4106
0 1
34 4151
0 1
40 4186
0 1
0 1
34 4167
0 1
34 4177
0 1
0 1
39 4174
41 4153
0 1
0 1
60 4148
7 2
41 2
0 1
0 1
0 1
0 1
45 4176
46 4136
0 1
0 1
35 4200
35 4159
0 1
0 1
0 1
46 4226
90 4106
31 4147
36 4134
44 4153
50 4164
37 4133
39 2
14 2
34 4161
0 1
49 4171
0 1
0 1
0 1
53 4126
39 4131
0 1
0 1
37 4158
0 1
0 1
51 4130
48 4090
0 1
0 1
0 1
31 4131
42 4148
33 4174
0 1
0 1
0 1
31 4155
0 1
0 1
0 1
0 1
0 1
0 1
66 4150
0 1
0 1
0 1
35 4159
0 1
0 1
0 1
0 1
12 2
10 2
0 1
0 1
0 1
0 1
41 4147
0 1
69 2
34 4204
48 4161
0 1
61 4136
65 4157
0 1
0 1
0 1
0 1
0 1
37 4136
0 1
76 4123
31 4141
0 1
38 4154
34 4150
0 1
0 1
0 1
1 2
75 4187
0 1
35 4174
0 1
80 4207
0 1
48 4141
0 1
0 1
36 4144
0 1
0 1
0 1
0 1
0 1
54 4143
91 4173
0 1
0 1
84 4148
60 4139
0 1
0 1
117 4162
0 1
34 4177
0 1
0 1
0 1
0 1
0 1
0 1
0 1
40 4170
53 4131
47 4176
39 4147
92 4199
65 4149
51 4134
80 4094
79 4189
62 4160
73 4152
65 4193
37 4161
52 4176
44 4189
57 4165
37 4172
66 4126
43 4142
37 4176
0 1
0 1
0 1
0 1
31 4165
0 1
0 1
44 4169
32 4148
0 1
0 1
66 4164
0 1
0 1
34 4201
0 1
49 4201
0 1
1 2
6 2
54 4158
0 1
0 1
0 1
0 1
52 4101
37 4135
38 4154
0 1
0 1
0 1
28 4134
62 4126
4 2
43 2
48 4217
45 4139
93 4166
56 4166
0 1
0 1
0 1
34 4135
36 4169
0 1
0 1
39 4204
0 1
60 4132
42 4179
0 1
33 4189
0 1
0 1
0 1
0 1
0 1
0 1
0 1
5 2
4 2
0 1
0 1
37 4155
34 4163
0 1
0 1
36 4084
40 4166
0 1
42 4167
75 4151
0 1
0 1
0 1
35 4125
0 1
0 1
44 4179
0 1
18 2
0 1
52 4148
0 1
0 1
41 4162
0 1
37 4174
0 1
0 1
0 1
40 4170
0 1
0 1
0 1
0 1
0 1
0 1
0 1
0 1
0 1
0 1
0 1
0 1
0 1
0 1
48 4138
0 1
0 1
44 4116
0 1
0 1
0 1
21 2
14 2
0 1
38 4163
51 4170
0 1
0 1
48 4185
0 1
0 1
0 1
0 1
0 1
0 1
0 1
0 1
31 4177
0 1
0 1
33 4156
0 1
0 1
63 4169
0 1
104 4092
43 4152
71 4150
0 1
0 1
41 4175
0 1
0 1
38 4083
39 4154
33 4169
0 1
0 1
29 4130
0 1
56 4130
36 4179
0 1
0 1
59 4196
30 4149
0 1
0 1
0 1
41 4133
0 1
36 4139
0 1
0 1
0 1
40 4137
44 4161
0 1
0 1
35 4167
157 4193
42 4123
22 2
103 2
94 4155
0 1
0 1
0 1
0 1
0 1
0 1
0 1
0 1
41 4099
0 1
0 1
0 1
0 1
0 1
0 1
0 1
54 4096
0 1
52 4170
45 4127
0 1
0 1
0 1
0 1
0 1
0 1
0 1
37 4123
4 2
3 2
0 1
0 1
0 1
44 4147
0 1
51 4085
36 4171
0 1
0 1
0 1
0 1
0 1
0 1
0 1
0 1
0 1
47 4153
0 1
0 1
0 1
0 1
0 1
37 4144
0 1
0 1
0 1
34 4212
0 1
97 4145
41 4144
0 1
0 1
0 1
0 1
0 1
0 1
0 1
54 4147
6 2
27 2
54 4168
43 4140
53 4144
37 4158
0 1
0 1
37 4143
0 1
37 4113
