33 4171
38 4171
38 4130
31 4193
30 4148
30 4181
33 4132
35 4153
29 4161
66 4163
30 4176
37 4154
32 4182
34 4156
30 4177
30 4105
31 4147
35 4178
32 4192
33 4195
34 4174
31 4134
30 4202
0 1
34 4175
32 4142
31 4154
44 4159
38 4128
32 4179
34 4151
31 4193
32 4110
29 4139
36 4144
0 1
34 4218
38 4199
31 4122
34 4169
37 4112
34 4110
32 4207
30 4144
32 4134
30 4136
0 1
34 4143
32 4187
34 4178
33 4128
28 4133
32 4195
42 4199
29 4135
34 4176
33 4182
31 4153
33 4162
30 4144
32 4130
33 4116
33 4191
37 4197
32 4199
32 4150
32 4174
33 4208
35 4138
30 4172
32 4175
33 4138
33 4179
34 4160
33 4093
57 4170
0 1
37 4171
37 4153
30 4169
34 4147
32 4181
34 4180
33 4198
35 4168
33 4137
32 4165
34 4173
33 4181
32 4192
32 4164
31 4204
31 4183
31 4141
31 4150
35 4204
35 4173
33 4187
32 4166
31 4166
37 4121
31 4168
28 4151
33 4142
30 4169
34 4193
32 4181
30 4123
33 4101
28 4169
30 4146
33 4131
32 4192
35 4200
41 4162
32 4164
41 4192
33 4139
33 4176
48 4172
32 4128
33 4143
75 4088
34 4149
36 4170
33 4207
35 4140
33 4178
33 4208
0 1
47 4138
51 4181
33 4178
31 4137
37 4147
48 4191
31 4161
30 4136
44 4124
43 4118
32 4144
33 4219
38 4187
32 4188
35 4164
51 4153
36 4155
32 4137
0 1
46 4149
36 4181
0 1
36 4111
36 4126
42 4168
44 4142
31 4183
53 4214
37 4113
59 4186
43 4200
32 4164
27 4170
29 4146
33 4134
31 4135
31 4103
38 4134
40 4186
41 4174
30 4179
32 4182
33 4177
29 4185
31 4194
35 4088
36 4190
32 4150
0 1
37 4169
37 4171
34 4180
33 4141
34 4176
33 4190
29 4175
36 4195
34 4179
31 4144
0 1
32 4160
39 4129
34 4174
25 4182
31 4191
39 4167
32 4163
29 4182
35 4184
31 4103
36 4211
32 4088
32 4142
32 4145
31 4241
42 4209
34 4174
34 4182
30 4162
31 4161
29 4206
33 4115
33 4133
28 4137
28 4168
35 4145
38 4163
44 4161
33 4131
36 4225
33 4166
37 4201
47 4183
32 4190
31 4152
44 4103
36 4135
41 4171
35 4129
31 4192
34 4165
30 4173
30 4173
30 4146
32 4191
41 4173
31 4182
36 4150
31 4133
30 4120
31 4146
29 4191
33 4172
41 4175
35 4139
31 4156
44 4159
32 4137
74 4113
31 4158
34 4149
33 4137
42 4208
38 4144
32 4215
57 4150
35 4130
34 4203
33 4138
41 4161
36 4159
35 4145
33 4135
41 4171
30 4166
0 1
31 4180
0 1
35 4198
47 4176
26 4153
34 4200
29 4125
28 4188
45 4136
34 4165
32 4133
39 4096
32 4209
33 4155
30 4141
27 4160
29 4152
31 4124
32 4151
31 4155
30 4166
53 4199
42 4131
31 4177
32 4099
35 4156
39 4187
31 4138
34 4177
30 4207
33 4220
34 4170
0 1
0 1
32 4132
37 4180
27 4145
30 4166
35 4203
31 4158
32 4133
31 4177
33 4200
34 4131
34 4226
35 4125
70 4177
32 4231
48 4159
33 4213
32 4133
29 4116
38 4135
30 4174
36 4175
33 4175
29 4147
32 4176
34 4135
33 4180
33 4177
29 4201
33 4165
32 4151
33 4188
37 4119
30 4139
32 4093
33 4218
35 4135
37 4144
66 4193
45 4163
0 1
45 4184
37 4123
32 4181
37 4199
29 4218
36 4175
0 1
30 4108
31 4165
34 4165
31 4182
30 4160
30 4135
0 1
33 4143
35 4163
32 4164
33 4200
35 4146
55 4143
31 4142
30 4115
32 4188
32 4173
0 1
0 1
0 1
0 1
55 4174
41 4134
0 1
30 4193
29 4184
34 4137
32 4131
34 4164
37 4194
30 4129
29 4131
5 2
0 1
33 4207
39 4124
35 4210
32 4161
62 4194
34 4118
36 4172
37 4146
34 4170
33 4133
35 4177
42 4149
32 4215
0 1
0 1
36 4173
33 4096
29 4173
34 4152
46 4176
37 4177
40 4159
37 4144
34 4150
37 4204
35 4163
29 4159
31 4169
38 4128
45 4194
37 4179
32 4085
36 4147
40 4178
35 4177
31 4202
31 4142
43 4129
0 1
31 4199
39 4214
36 4159
31 4145
31 4165
29 4118
33 4198
32 4137
32 4124
35 4218
28 4138
32 4199
33 4131
34 4149
28 4164
28 4145
30 4165
30 4194
32 4163
35 4175
31 4155
32 4193
37 4199
34 4093
32 4128
0 1
0 1
39 4126
35 4188
33 4146
32 4171
37 4136
34 4200
34 4144
0 1
37 4165
33 4175
0 1
0 1
35 4179
32 4132
33 4165
34 4155
34 4188
36 4190
31 4194
31 4193
29 4221
32 4223
55 4199
33 4166
45 4130
44 4155
32 4187
42 4097
51 4130
29 4172
37 4181
34 4060
35 4107
28 4164
32 4184
33 4187
50 4172
31 4100
40 4144
32 4169
34 4119
35 4153
46 4189
36 4132
29 4172
37 4170
67 4158
35 4184
44 4130
32 4201
31 4109
33 4158
37 4143
33 4205
66 4168
37 4145
39 4185
43 4115
32 4190
30 4137
47 4131
87 4170
35 4143
30 4141
32 4156
36 4190
31 4139
33 4112
32 4171
29 4129
33 4183
37 4111
0 1
51 4208
30 4115
33 4180
30 4230
34 4126
32 4150
37 4178
32 4102
40 4197
31 4104
32 4140
29 4177
35 4162
35 4146
34 4164
28 4163
28 4156
37 4154
43 4184
33 4125
34 4164
31 4168
33 4186
38 4164
32 4160
31 4196
32 4175
36 4139
31 4200
38 4078
35 4210
35 4157
36 4135
32 4155
29 4186
30 4164
43 4165
37 4190
38 4176
46 4094
36 4107
31 4180
39 4177
51 4132
36 4133
0 1
0 1
57 4164
33 4165
37 4160
40 4170
33 4175
35 4126
29 4143
34 4230
28 4175
33 4180
31 4172
28 4168
32 4142
35 4146
30 4133
29 4192
33 4172
41 4182
29 4154
28 4164
31 4127
33 4183
37 4123
32 4184
36 4178
31 4100
30 4206
35 4170
29 4159
31 4149
30 4183
32 4135
28 4145
33 4121
31 4120
32 4187
29 4192
33 4189
28 4135
36 4197
35 4190
29 4185
28 4130
50 4163
29 4180
31 4185
30 4189
26 4146
59 4201
29 4172
32 4107
33 4205
28 4161
33 4168
33 4176
36 4145
32 4131
30 4103
36 4192
35 4193
29 4175
32 4165
32 4151
35 4113
29 4197
31 4155
35 4158
86 4197
33 4137
30 4178
32 4197
33 4141
37 4141
34 4174
34 4165
30 4122
33 4166
31 4166
31 4145
29 4139
35 4208
32 4172
32 4214
32 4154
34 4151
28 4168
35 4153
34 4144
33 4202
29 4206
32 4176
32 4153
45 2
42 4179
9 2
2 2
0 1
0 1
37 4186
36 4117
35 4122
34 4159
34 4187
39 4187
33 4201
30 4137
39 4172
35 4161
34 4182
31 4152
34 4121
30 4202
33 4161
34 4137
32 4155
29 4109
0 1
46 4149
44 4180
0 1
0 1
0 1
54 2
20 2
0 1
0 1
32 4175
36 4177
31 4189
36 4195
33 4154
32 4130
33 4169
34 4184
38 4109
31 4147
37 4123
33 4138
37 4176
36 4202
30 4150
35 4151
32 4148
30 4163
29 4152
33 4137
31 4140
29 4190
32 4213
30 4155
28 4117
33 4118
34 4153
31 4137
31 4183
33 4147
35 4164
37 4176
44 4147
32 4190
31 4197
33 4182
53 4104
0 1
0 1
0 1
31 4124
30 4181
31 4110
37 4199
33 4109
35 4189
33 4143
31 4146
34 4159
29 4146
0 1
85 4179
28 4180
35 4205
36 4147
31 4098
32 4193
31 4201
73 4156
34 4174
0 1
0 1
7 2
29 4136
34 4185
33 4160
31 4150
40 4185
30 4185
37 4166
29 4102
0 1
33 4165
32 4121
34 4173
0 1
35 4127
53 4159
33 4164
29 4173
31 4195
33 4174
32 4156
32 4222
34 4159
34 4100
29 4084
40 4112
0 1
37 4178
30 4144
30 4164
35 4148
29 4188
33 4139
30 4209
31 4177
31 4181
32 4159
28 4154
30 4149
33 4198
36 4189
30 4115
43 4152
34 4141
31 4143
31 4168
31 4111
32 4129
30 4166
31 4160
28 4134
31 4217
27 4133
32 4159
34 4116
33 4144
33 4138
32 4186
41 4193
40 4136
0 1
0 1
0 1
37 4211
37 4176
32 4141
32 4173
0 1
34 4086
33 4178
35 4163
34 4176
0 1
32 4170
24 4130
33 4145
0 1
33 4178
34 4214
34 4183
30 4186
28 4148
45 4192
0 1
30 4185
33 4193
31 4177
34 4219
30 4193
34 4143
33 4154
0 1
41 4163
36 4149
32 4112
36 4168
33 4218
32 4146
31 4140
34 4161
36 4119
32 4175
28 4120
32 4196
31 4144
29 4126
32 4164
28 4146
34 4107
37 4057
33 4167
0 1
35 4170
36 4138
36 4153
82 4218
36 4199
36 4147
0 1
90 4142
38 4130
36 4133
32 4100
35 4178
31 4181
32 4176
29 4173
29 4177
0 1
33 4140
34 4157
28 4161
32 4183
38 4213
30 4194
29 4101
30 4160
30 4170
34 4151
41 4118
77 4118
33 4147
33 4195
35 4176
37 4178
32 4140
37 4145
35 4176
32 4170
29 4195
36 4148
36 4253
39 4171
31 4109
35 4149
32 4196
26 4163
33 4157
32 4196
30 4191
32 4211
33 4151
34 4117
31 4210
33 4170
34 4187
31 4103
31 4083
33 4153
29 4142
31 4112
34 4100
35 4175
32 4164
41 4202
41 4144
83 4173
30 4170
32 4133
35 4153
34 4136
34 4184
34 4152
33 4145
70 4158
36 4118
37 4183
33 4195
31 4126
35 4163
35 4152
30 4128
32 4154
29 4223
28 4202
37 4197
32 4117
37 4109
32 4143
29 4173
31 4132
36 4164
29 4142
39 4206
33 4120
30 4200
33 4160
34 4140
34 4185
30 4148
34 4166
36 4146
34 4183
31 4112
35 4183
31 4193
31 4147
30 4158
39 4172
36 4172
40 4168
36 4204
37 4199
32 4158
98 4158
38 4155
28 4122
33 4157
32 4127
34 4158
28 4102
32 4159
31 4148
32 4143
31 4154
34 4133
38 4188
32 4170
36 4158
28 4153
32 4145
30 4191
33 4213
43 4131
33 4179
32 4203
30 4181
30 4116
37 4195
33 4153
65 4162
59 4150
39 4146
33 4124
38 4190
32 4181
34 4134
0 1
0 1
57 4138
32 4155
28 4188
32 4123
30 4133
30 4161
35 4198
31 4161
31 4140
32 4131
31 4158
32 4196
32 4170
31 4178
36 4149
31 4201
31 4160
35 4163
29 4144
35 4159
38 4175
38 4181
36 4155
33 4183
36 4151
35 4120
33 4160
30 4137
32 4155
62 4085
30 4138
32 4158
33 4100
38 4142
32 4138
34 4162
32 4160
30 4148
31 4105
0 1
38 4182
32 4155
32 4170
32 4143
13 2
34 4172
36 4143
36 4147
45 4217
34 4216
35 4138
33 4193
36 4175
31 4135
29 4155
36 4131
35 4133
35 4184
33 4176
29 4176
33 4162
33 4190
33 4137
32 4154
30 4167
31 4083
30 4180
35 4161
38 4203
32 4179
29 4221
33 4229
33 4161
40 4153
34 4104
32 4179
32 4140
34 4164
29 4154
32 4160
0 1
0 1
30 4178
0 1
0 1
33 4196
31 4172
0 1
0 1
33 4157
42 4166
26 4188
31 4155
35 4220
32 4161
30 4176
37 4126
36 4165
33 4143
32 4208
29 4182
30 4093
34 4160
0 1
39 4198
0 1
92 4194
30 4133
28 4144
34 4151
33 4155
27 4175
35 4177
0 1
55 2
89 2
0 1
32 4174
34 4227
35 4158
31 4107
35 4184
30 4180
48 4145
32 4120
0 1
0 1
35 4160
0 1
41 4194
32 4179
0 1
32 4156
78 4164
31 4151
40 4147
35 4163
38 4158
34 4131
31 4169
37 4158
31 4147
32 4154
33 4141
34 4164
30 4174
54 4174
36 4122
30 4125
33 4177
31 4152
33 4188
29 4140
37 4192
32 4192
36 4157
36 4209
34 4151
0 1
31 4211
30 4185
31 4157
36 4176
26 4135
36 4206
38 4179
29 4198
30 4141
35 4150
30 4142
33 4183
35 4146
34 4142
34 4137
33 4224
31 4178
33 4139
31 4167
53 4209
40 4121
35 4140
0 1
31 4212
36 4206
37 4189
35 4174
33 4176
37 4130
38 4161
41 4181
37 4169
38 4188
57 4131
46 4134
36 4168
30 4208
30 4177
33 4145
37 4175
35 4186
30 4157
33 4156
30 4095
36 4102
33 4185
37 4200
31 4185
33 4141
36 4120
34 4127
0 1
31 4153
27 4094
31 4156
36 4168
30 4141
32 4139
38 4101
31 4168
31 4119
72 4149
31 4169
34 4177
35 4214
37 4121
35 4141
38 4184
40 4097
36 4187
33 4148
33 4152
30 4153
33 4106
32 4158
29 4169
33 4091
35 4142
62 4163
63 4093
32 4173
37 4199
39 4229
33 4109
31 4169
33 4180
68 4069
31 4117
49 4151
41 4151
35 4158
34 4156
38 4253
49 4160
34 4180
38 4154
30 4147
33 4189
38 4205
50 4182
134 4189
103 4132
46 4161
34 4152
30 4188
99 4206
35 4140
34 4149
32 4199
32 4180
32 4132
34 4189
32 4189
35 4169
35 4137
30 4155
31 4213
33 4123
38 4123
34 4153
0 1
0 1
34 4172
45 4128
30 4173
0 1
0 1
34 4171
35 4145
38 4180
36 4106
37 4170
31 4221
37 4141
36 4176
34 4153
34 4214
31 4156
30 4113
29 4105
35 4180
29 4123
32 4114
42 4164
35 4156
26 4125
3 2
20 2
32 4168
44 4201
33 4113
36 4177
34 4162
0 1
0 1
0 1
36 4156
35 4160
38 4157
32 4181
46 4186
0 1
57 4177
32 4168
48 4193
29 4193
38 4183
36 4151
36 4213
35 4137
45 4168
34 4186
38 4191
31 4209
0 1
28 4186
70 4155
35 4159
35 4206
33 4136
35 4206
32 4194
31 4127
39 4200
0 1
46 4157
31 4120
42 4132
35 4169
34 4105
35 4183
33 4133
35 4157
60 4143
36 4146
36 4133
31 4208
39 4137
39 4129
33 4126
39 4162
33 4202
47 4143
35 4157
35 4155
33 4193
37 4147
30 4150
37 4087
33 4167
30 4133
38 4128
35 4149
31 4162
33 4097
35 4174
32 4192
34 4133
30 4159
33 4179
31 4188
35 4177
42 4184
32 4171
30 4186
27 4146
30 4117
35 4193
35 4170
33 4155
31 4124
32 4097
38 4168
32 4177
30 4171
35 4156
40 4156
33 4173
0 1
30 4176
55 4212
34 4151
33 4119
31 4159
33 4202
31 4139
37 4130
42 4141
33 4154
47 4156
37 4195
43 4198
34 4139
30 4182
33 4185
59 4146
33 4158
0 1
0 1
34 4158
31 4175
33 4178
33 4139
33 4169
0 1
45 4167
37 4179
34 4058
45 4143
0 1
33 4232
0 1
35 4125
33 4166
34 4198
37 4161
35 4144
28 4232
35 4146
32 4151
30 4168
0 1
41 4097
36 4175
66 4155
42 4156
0 1
50 4124
42 4222
29 4190
36 4133
30 4126
43 4169
49 4173
0 1
33 4147
0 1
32 4168
37 4155
37 4164
0 1
0 1
32 4147
38 4135
48 4150
31 4125
40 4093
50 4183
44 4199
38 4141
32 4195
34 4162
31 4140
32 4123
36 4112
37 4137
36 4181
32 4198
30 4165
31 4151
34 4183
34 4126
34 4196
29 4109
34 4189
33 4179
32 4176
42 4166
32 4107
33 4189
40 4159
37 4188
39 4129
39 4156
34 4182
0 1
33 4138
38 4147
35 4170
36 4216
0 1
28 4097
36 4173
35 4160
33 4151
35 4127
32 4174
30 4157
32 4166
37 4135
37 4171
35 4170
34 4177
33 4130
32 4171
34 4155
38 4186
33 4159
51 4196
36 4161
36 4160
38 4161
27 4164
41 4171
36 4175
47 4173
39 4193
35 4174
32 4127
33 4132
42 4152
39 4173
28 4147
33 4144
33 4157
33 4134
37 4203
33 4146
32 4186
37 4146
33 4194
32 4146
47 4185
30 4147
41 4171
31 4177
33 4144
35 4154
37 4146
40 4113
43 4126
40 4189
33 4164
33 4184
29 4148
31 4172
35 4164
32 4204
0 1
59 4160
38 4141
38 4148
45 4112
0 1
29 4162
34 4114
35 4121
38 4137
35 4176
35 4212
29 4133
36 4131
32 4177
28 4165
33 4167
33 4200
35 4146
31 4149
36 4180
50 4107
29 4153
31 4158
31 4126
36 4140
33 4154
35 4197
38 4141
35 4160
31 4146
33 4146
34 4184
31 4165
36 4130
36 4195
53 4120
36 4166
34 4134
49 4163
39 4147
34 4158
0 1
0 1
33 4213
32 4095
36 4205
31 4184
32 4140
48 4217
30 4160
36 4180
31 4111
31 4120
33 4109
29 4140
33 4149
30 4163
35 4192
34 4170
31 4188
32 4171
32 4121
30 4166
35 4217
34 4138
38 4171
30 4150
32 4183
27 4117
36 4186
35 4127
28 4111
32 4176
29 4123
31 4156
32 4147
34 4177
31 4157
33 4161
33 4250
35 4133
39 4167
30 4127
31 4203
34 4135
36 4171
32 4156
32 4168
32 4132
39 4111
33 4145
33 4169
39 4165
0 1
40 4118
32 4120
41 4184
47 4129
28 4166
34 4168
33 4123
39 4146
30 4156
48 4166
35 4216
36 4128
29 4147
36 4174
0 1
35 4130
43 4127
33 4182
30 4105
30 4173
31 4230
38 4143
35 4153
32 4172
34 4216
31 4180
29 4134
37 4173
35 4161
33 4143
37 4124
37 4140
30 4139
0 1
34 4175
32 4132
35 4139
33 4156
29 4200
64 4175
41 4190
45 4043
30 4158
34 4231
30 4164
35 4222
0 1
43 4133
0 1
32 4126
41 4142
28 4117
32 4181
33 4125
43 4211
43 4209
33 4199
42 4167
0 1
0 1
37 4168
36 4229
72 4104
35 4118
29 4157
33 4183
35 4131
36 4169
60 4138
36 4171
38 4177
34 4191
28 4126
38 4172
37 4173
30 4179
30 4243
36 4188
36 4161
37 4153
32 4085
31 4133
39 4120
33 4169
36 4186
32 4211
31 4121
34 4175
33 4159
30 4159
34 4152
0 1
33 4196
36 4142
30 4183
37 4182
39 4169
32 4150
30 4137
33 4198
30 4130
31 4123
33 4154
33 4173
35 4191
32 4167
34 4116
30 4119
33 4199
0 1
35 4152
35 4166
36 4128
37 4191
32 4139
35 4111
34 4116
41 4182
0 1
28 4134
0 1
34 4199
36 4105
54 4110
53 4175
33 4190
40 4135
36 4093
31 4148
0 1
34 4156
30 4150
31 4138
37 4188
33 4147
0 1
41 4134
33 4184
0 1
0 1
0 1
39 4125
32 4148
0 1
33 4178
36 4173
29 4168
34 4170
32 4174
33 4121
35 4174
35 4174
31 4102
32 4146
46 4168
34 4168
33 4160
32 4192
34 4150
36 4135
34 4181
53 4172
44 4124
36 4148
29 4113
34 4141
33 4222
31 4162
36 4153
43 4136
31 4171
29 4111
33 4181
31 4168
41 4143
33 4115
59 4162
33 4154
30 4152
38 4172
30 4150
41 4145
29 4146
31 4187
35 4190
35 4130
0 1
34 4182
35 4130
28 4147
35 4177
35 4140
131 4167
29 4167
53 4168
36 4152
37 4149
36 4157
34 4148
61 4
97 4109
38 4168
28 4129
34 4181
37 4133
35 4192
33 4182
40 4162
36 4134
33 4095
34 4151
34 4147
32 4160
34 4202
35 4134
32 4187
0 1
0 1
35 4123
37 4174
34 4150
37 4137
38 4146
38 4184
0 1
35 4188
31 4114
27 4169
36 4165
34 4168
0 1
29 4150
34 4144
37 4166
33 4139
35 4114
102 4165
96 4183
98 4
30 4143
39 4167
33 4153
37 4130
28 4217
46 4130
35 4197
48 4145
47 4204
33 4091
35 4134
32 4195
35 4182
33 4163
35 4197
34 4107
28 4115
36 4178
29 4166
35 4186
57 4137
32 4149
37 4156
33 4172
34 4134
36 4156
30 4159
38 4157
33 4145
34 4179
30 4156
31 4180
34 4157
44 4157
70 4162
45 4177
55 4131
38 4165
48 4165
0 1
50 4097
43 4130
33 4142
0 1
47 4178
33 4147
29 4176
38 4164
37 4213
33 4143
29 4170
32 4159
33 4094
33 4135
38 4166
30 4160
38 4134
34 4138
30 4120
37 4138
32 4183
39 4143
33 4221
34 4126
42 4122
33 4125
63 4145
38 4137
32 4162
40 4152
55 4105
29 4163
34 4157
46 4171
37 4170
27 4107
34 4204
36 4122
36 4213
32 4137
37 4186
35 4183
33 4164
0 1
43 4125
31 4108
29 4176
31 4206
44 4181
35 4138
30 4187
34 4107
34 4225
35 4148
35 4174
36 4172
36 4140
35 4138
29 4136
35 4152
35 4175
0 1
34 4172
36 4202
65 4166
42 4141
67 4117
28 4152
33 4185
69 4126
49 4149
42 4165
35 4175
32 4160
36 4177
33 4138
42 4161
34 4210
32 4153
39 4129
52 4207
99 4169
68 4105
47 4114
79 4174
32 4169
29 4131
53 4168
36 4198
63 4162
34 4159
31 4179
58 4135
40 4146
44 4192
38 4171
33 4140
33 4146
41 4112
32 4183
33 4204
49 4179
52 4180
36 4190
32 4121
33 4147
79 4157
39 4177
98 4207
32 4176
47 4165
40 4132
44 4143
38 4106
32 4077
34 4143
31 4165
31 4196
42 4153
48 4236
38 4171
39 4152
32 4180
32 4188
33 4192
34 4236
31 4117
46 4086
38 4145
45 4140
31 4178
36 4186
29 4141
41 4192
40 4162
33 4230
0 1
33 4129
32 4106
33 4111
36 4180
38 4164
59 4129
38 4142
31 4187
28 4122
35 4139
37 4189
32 4204
0 1
0 1
41 4164
40 4141
31 4159
34 4205
34 4136
40 4174
30 4104
31 4136
37 4171
29 4098
36 4137
31 4161
32 4106
37 4126
36 4148
34 4129
36 4094
0 1
0 1
0 1
0 1
50 4146
0 1
56 4143
0 1
38 4205
53 4127
42 4210
37 4106
31 4206
35 4212
34 4161
36 4162
37 4176
42 4127
35 4151
33 4152
30 4155
31 4146
30 4146
36 4199
39 4120
43 4139
33 4171
34 4191
35 4165
37 4168
28 4162
31 4158
49 4167
30 4156
51 4114
34 4168
36 4174
38 4144
31 4155
32 4156
38 4162
37 4171
0 1
37 4165
43 4167
0 1
39 4171
72 4156
31 4201
0 1
33 4191
32 4159
62 4188
0 1
41 4115
112 4158
55 4105
31 4160
32 4123
40 4195
0 1
65 4206
0 1
82 4182
0 1
0 1
35 4120
38 4163
38 4176
36 4129
30 4139
34 4145
60 4172
0 1
31 4132
42 4190
31 4164
0 1
38 4150
30 4161
41 4112
31 4212
38 4204
37 4146
40 4167
32 4170
39 4165
40 4166
53 4158
0 1
0 1
38 4151
29 4160
32 4176
34 4168
33 4095
33 4175
44 4113
31 4125
33 4153
28 4152
35 4163
33 4108
31 4141
35 4173
37 4142
33 4132
31 4156
34 4162
0 1
31 4175
31 4178
34 4240
34 4120
33 4184
35 4179
33 4190
36 4145
40 4122
32 4152
32 4150
34 4153
39 4168
37 4159
38 4145
36 4161
30 4150
0 1
48 4095
34 4108
55 4146
30 4164
33 4132
30 4163
33 4177
32 4165
32 4123
29 4191
32 4180
34 4226
34 4103
32 4147
34 4155
31 4177
35 4170
32 4168
0 1
33 4184
34 4166
31 4177
42 4104
31 4176
33 4072
39 4134
29 4122
34 4198
33 4171
37 4208
32 4197
33 4187
27 4161
37 4204
31 4227
34 4188
31 4193
0 1
0 1
62 4149
31 4161
0 1
32 4143
41 4127
38 4139
49 4115
48 4211
34 4128
31 4137
33 4135
49 4178
45 4211
0 1
31 4142
36 4173
51 4177
35 4177
34 4157
48 4186
0 1
30 4157
27 4112
35 4193
0 1
39 4148
34 4200
35 4160
37 4160
0 1
0 1
34 4187
33 4170
38 4171
45 4154
34 4168
34 4196
38 4198
31 4208
28 4129
37 4141
48 4197
32 4169
32 4145
34 4161
36 4150
39 4175
30 4102
37 4201
43 4125
32 4149
36 4165
41 4200
29 4108
0 1
67 4146
49 2
46 4132
35 4144
34 4184
0 1
30 4122
32 4104
0 1
42 4147
33 4179
40 4169
36 4157
33 4141
36 4145
45 4160
35 4206
58 4128
30 4162
33 4149
37 4156
45 4166
0 1
0 1
35 4102
27 4167
41 4194
33 4176
0 1
59 4161
34 4185
52 4157
49 4135
0 1
38 4162
55 4221
36 4184
30 4144
0 1
0 1
36 4206
41 4143
33 4133
0 1
0 1
41 4154
35 4206
31 4152
43 4155
0 1
4 2
30 4180
53 4143
55 4170
66 4162
0 1
5 2
58 4185
33 4206
35 4177
31 4181
34 4171
35 4175
43 4185
40 4138
34 4157
35 4145
41 4163
47 4212
30 4162
32 4145
35 4163
41 4148
35 4203
37 4190
35 4095
33 4138
0 1
40 4166
37 4175
34 4154
35 4164
36 4195
36 4190
31 4146
0 1
0 1
51 4224
71 4149
48 4221
40 4195
49 4165
36 4154
39 4168
36 4153
28 4106
34 4115
37 4104
29 4197
33 4242
38 4173
37 4189
40 4223
28 4156
0 1
41 4180
30 4149
44 4131
33 4103
33 4150
32 4154
36 4129
37 4159
45 4125
31 4177
40 4162
39 4210
30 4160
33 4199
38 4150
30 4161
36 4115
31 4178
32 4170
38 4154
31 4185
31 4133
34 4124
34 4200
0 1
54 4180
31 4163
31 4107
49 4165
31 4174
40 4173
49 4173
34 4141
31 4141
35 4166
0 1
34 4123
38 4148
0 1
57 4193
36 4205
29 4167
32 4188
31 4158
57 4185
38 4094
31 4186
36 4192
33 4181
34 4187
0 1
0 1
47 4180
0 1
32 4137
34 4176
36 4161
37 4165
49 4143
0 1
25 4085
62 4199
30 4166
51 4156
39 4186
37 4156
36 4145
63 4155
31 4158
37 4131
47 4196
50 4149
0 1
33 4161
33 4140
33 4207
30 4150
38 4144
35 4196
50 4109
30 4155
32 4139
35 4183
36 4150
35 4195
0 1
32 4080
35 4161
30 4188
37 4139
40 4156
0 1
0 1
31 4176
34 4154
31 4131
31 4194
38 4154
31 4144
0 1
35 4192
34 4144
47 4173
49 4155
0 1
0 1
52 4150
34 4115
43 4139
34 4160
33 4093
0 1
36 4146
44 4128
32 4195
34 4155
29 4146
35 4181
44 4153
45 4135
30 4152
31 4180
35 4122
42 4170
34 4127
34 4158
0 1
36 4134
42 4176
34 4145
38 4150
35 4107
37 4138
31 4113
38 4133
46 4163
36 4175
37 4135
40 4132
32 4209
26 4175
0 1
31 4197
38 4157
43 4158
42 4149
41 4160
46 4191
3 2
36 4206
1 2
42 4150
35 4126
41 4183
45 4131
37 4149
65 4200
0 1
44 4155
32 4213
38 4194
35 4127
38 4126
37 4146
0 1
35 4170
41 4191
38 4181
34 4127
30 4141
43 4208
44 4135
34 4195
34 4155
33 4188
31 4165
36 4155
35 4124
32 4207
0 1
31 4156
41 4132
0 1
32 4148
35 4153
38 4158
0 1
0 1
33 4097
0 1
41 4169
0 1
0 1
35 4153
35 4156
36 4166
39 4178
28 4186
43 4160
0 1
0 1
37 4174
0 1
0 1
0 1
31 4154
33 4167
0 1
0 1
0 1
0 1
34 4160
33 4141
71 4152
32 4091
40 4102
36 4142
36 4110
42 4160
33 4131
0 1
47 4130
46 4171
36 4175
44 4190
38 4129
31 4122
59 4140
0 1
48 4146
30 4180
31 4176
33 4116
37 4127
0 1
40 4121
31 4114
43 4137
38 4134
42 4140
33 4226
31 4095
44 4112
72 4162
38 4127
36 4186
33 4143
40 4178
36 4156
36 4173
44 4204
76 4147
0 1
33 4197
45 4144
35 4166
32 4155
37 4156
36 4110
37 4181
0 1
42 4204
32 4127
34 4173
36 4138
34 4194
33 4139
31 4208
38 4157
31 4165
38 4184
0 1
35 4134
32 4120
37 4163
41 4164
0 1
54 4106
40 4193
31 4172
33 4126
30 4104
30 4168
34 4135
31 4197
32 4235
36 4195
33 4206
36 4136
0 1
39 4177
39 4153
34 4205
35 4156
0 1
0 1
0 1
41 4138
31 4127
34 4188
32 4131
43 4149
35 4143
32 4155
33 4117
42 4203
34 4152
33 4123
30 4120
36 4223
32 4146
38 4171
38 4154
33 4124
53 4165
0 1
32 4201
38 4170
34 4087
33 4144
35 4194
34 4127
0 1
64 4180
35 4207
0 1
40 4195
40 4138
54 4160
41 4123
0 1
38 4164
0 1
31 4180
37 4109
43 4170
33 4162
35 4225
0 1
35 4150
30 4180
34 4168
40 4193
32 4160
30 4165
35 4125
29 4135
41 4143
33 4133
34 4143
48 4162
32 4184
33 4141
73 4170
30 4182
32 4211
33 4167
41 4096
35 4162
0 1
46 2
10 2
32 4162
56 4084
31 4179
34 4174
32 4197
41 4135
0 1
0 1
0 1
0 1
44 4114
0 1
0 1
0 1
0 1
0 1
29 4160
63 4129
46 4182
64 4143
31 4158
34 4167
0 1
0 1
38 4175
37 4167
37 4135
50 4186
34 4131
35 4080
0 1
35 4196
30 4181
39 4126
51 4157
42 4154
35 4157
61 4160
34 4175
41 4153
34 4165
0 1
33 4078
70 4149
29 4169
39 4147
39 4122
33 4156
34 4156
42 4176
31 4134
43 4145
33 4161
33 4119
0 1
45 4134
32 4158
34 4159
28 4202
33 4148
34 4145
45 4153
31 4127
36 4141
34 4172
57 4152
0 1
34 4124
55 4125
32 4197
0 1
34 4158
53 4177
31 4207
36 4189
38 4175
32 4177
31 4145
36 4163
32 4184
34 4114
31 4099
31 4143
35 4194
33 4123
36 4150
0 1
42 4123
37 4158
43 4174
0 1
42 4175
34 4151
0 1
31 4147
33 4122
36 4240
67 4146
0 1
34 4198
32 4163
33 4149
34 4202
30 4180
39 4179
70 4166
72 4099
37 4168
32 4174
34 4125
31 4150
79 4138
36 4108
0 1
36 4179
31 4156
36 4184
0 1
78 4213
32 4155
35 4153
55 4148
35 4167
33 4170
34 4151
39 4141
34 4173
34 4178
35 4133
34 4175
31 4126
33 4134
42 4156
0 1
0 1
38 4143
32 4119
36 4136
35 4200
29 4144
32 4166
36 4154
32 4102
0 1
33 4179
31 4147
34 4169
33 4136
35 4149
43 4163
48 4167
0 1
36 4185
59 4226
0 1
0 1
0 1
0 1
33 4204
32 4172
35 4201
31 4193
34 4153
0 1
32 4138
0 1
36 4127
32 4211
34 4156
32 4193
0 1
35 4155
31 4109
38 4196
36 4160
35 4197
32 4129
0 1
31 4175
0 1
35 4182
39 4149
33 4166
37 4143
36 4147
36 4187
45 4190
31 4102
40 4172
44 4165
35 4107
44 4176
47 4199
35 4162
27 4143
35 4152
34 4187
36 4170
44 4193
31 4146
40 4159
53 4159
48 4152
34 4099
36 4126
29 4156
35 4170
32 4165
32 4133
44 4177
31 4211
32 4140
34 4214
37 4184
35 4178
0 1
71 4150
76 4198
60 4158
0 1
0 1
38 4172
0 1
39 4144
0 1
26 4175
36 4180
30 4154
37 4166
30 4110
37 4195
0 1
28 4112
35 4152
33 4155
31 4166
41 4141
2 2
58 4136
0 1
0 1
6 2
1 2
95 4150
115 4144
12 2
39 4182
36 4149
31 4113
32 4148
30 4109
50 4189
39 4106
42 4093
44 4193
40 4164
43 4141
0 1
37 4143
0 1
36 4144
36 4152
42 4157
28 4136
36 4191
35 4143
35 4191
35 4169
31 4198
33 4213
97 4162
20 2
63 2
34 4099
33 4097
34 4182
31 4158
0 1
0 1
37 4171
36 4075
46 4163
33 4188
30 4121
32 4191
28 4109
43 4169
34 4143
32 4111
44 4163
0 1
0 1
37 4113
48 4149
51 4186
42 4176
31 4165
34 4126
32 4177
31 4112
37 4182
34 4105
43 4191
61 4153
35 4162
38 4115
36 4157
49 4212
0 1
35 4142
67 4181
0 1
29 4162
30 4128
33 4168
34 4109
37 4174
49 4134
33 4179
32 4193
67 4137
33 4154
39 4180
41 4191
38 4187
31 4145
31 4179
35 4169
0 1
36 4127
32 4106
60 4170
0 1
34 4181
0 1
33 4119
0 1
34 4149
32 4146
0 1
0 1
0 1
65 4138
57 4193
33 4161
38 4166
38 4176
35 4147
0 1
53 4109
36 4156
37 4194
64 4104
0 1
0 1
38 4151
0 1
4 3
7 3
3 3
35 4156
0 1
36 4157
0 1
0 1
16 2
29 4138
38 4160
40 4124
35 4175
43 4164
33 4099
36 4185
35 4197
34 4125
51 4218
36 4142
51 4163
32 4160
36 4084
38 4202
0 1
32 4153
34 4159
33 4163
38 4175
31 4204
31 4195
38 4167
34 4146
34 4196
0 1
44 4121
0 1
36 4129
39 4135
34 4160
0 1
65 4165
36 4197
53 4113
35 4164
30 4149
35 4176
90 4153
36 4181
32 4138
35 4193
32 4187
38 4211
33 4177
0 1
0 1
30 4186
35 4181
31 4193
0 1
52 4189
0 1
33 4140
37 4184
34 4157
35 4174
43 4179
84 4051
31 4145
47 4148
32 4158
35 4178
38 4144
35 4146
38 4168
37 4129
0 1
38 4148
0 1
39 4179
37 4132
31 4170
39 4173
53 4196
34 4080
0 1
34 4139
38 4169
41 4151
32 4162
38 4153
34 4141
43 4127
0 1
72 4156
37 4136
33 4232
29 4127
36 4186
35 4220
36 4153
0 1
35 4129
34 4161
0 1
47 4129
32 4137
39 4149
38 4152
33 4145
0 1
38 4153
37 4147
37 4154
38 4161
42 4154
35 4104
40 4163
0 1
0 1
35 4186
32 4187
40 4135
36 4115
45 4179
37 4202
0 1
37 4203
32 4119
43 4154
79 4223
36 4145
34 4219
34 4175
0 1
0 1
44 4148
36 4151
37 4161
0 1
0 1
0 1
0 1
55 4224
33 4207
43 4129
0 1
34 4180
38 4119
34 4153
44 4183
0 1
34 4104
34 4121
41 4154
0 1
31 4162
0 1
38 4154
26 4129
40 4203
42 4203
37 4091
34 4177
36 4168
53 4116
45 4159
42 4121
28 4173
105 4155
51 4192
61 4099
50 4163
0 1
47 4177
41 4117
37 4206
32 4151
35 4168
0 1
48 4116
46 4142
37 4165
33 4168
76 4173
0 1
44 4184
35 4135
38 4169
33 4148
35 4190
0 1
43 4114
0 1
36 4135
0 1
62 4138
32 4146
0 1
0 1
35 4100
0 1
47 4136
0 1
0 1
48 4141
50 4185
36 4103
45 4193
0 1
43 4140
0 1
33 4198
30 2
6 2
0 1
66 4108
34 4133
31 4116
40 4166
33 4130
36 4162
33 4167
43 4173
33 4189
31 4161
34 4178
32 4221
33 4199
30 4122
33 4225
51 4140
42 4192
40 4137
29 4164
31 4117
33 4162
34 4132
29 4174
44 4157
46 4171
30 4147
38 4154
33 4140
34 4171
34 4125
52 4165
38 4136
35 4119
31 4170
37 4204
33 4144
37 4160
42 4187
38 4145
31 4135
37 4140
34 4090
55 4162
40 4177
44 4184
40 4159
43 4118
30 4194
35 4188
37 4198
41 4137
32 4171
35 4241
35 4171
35 4126
51 4197
32 4163
32 4173
56 4175
103 4153
41 4203
37 4190
33 4164
51 4157
30 4103
37 4152
35 4182
48 4192
30 4153
34 4166
33 4132
34 4150
35 4167
40 4152
38 4136
41 4179
98 4179
39 4166
61 4213
29 4146
56 4157
0 1
39 4126
0 1
0 1
59 4130
40 4145
44 4148
35 4223
31 4164
42 4121
31 4133
41 4213
35 4153
32 4127
50 4152
0 1
45 4120
31 4190
32 4173
32 4181
36 4139
34 4227
40 4193
33 4192
43 4117
28 4208
35 4191
35 4196
41 4180
32 4186
35 4171
152 4208
46 4148
35 4176
34 4134
0 1
0 1
0 1
46 4177
0 1
40 4114
61 4152
0 1
37 4135
39 4191
0 1
47 4181
0 1
35 4121
0 1
35 4155
37 4194
32 4161
32 4194
49 4151
10 2
8 2
34 4104
0 1
0 1
39 4171
37 4163
34 4162
46 4176
40 4160
0 1
0 1
30 4136
50 4166
38 4168
41 4163
0 1
0 1
39 4204
44 4148
36 4208
0 1
0 1
0 1
0 1
32 4137
34 4200
0 1
0 1
33 4151
37 4190
42 4154
40 4132
33 4198
35 4192
36 4203
41 4179
31 4125
0 1
0 1
0 1
66 4137
0 1
42 4144
38 4114
51 4222
40 4142
35 4134
37 4197
40 4163
48 4161
0 1
36 4150
35 4183
33 4121
0 1
0 1
35 4178
0 1
0 1
32 4162
38 4102
37 4115
0 1
36 4197
0 1
46 4149
54 4172
0 1
37 4203
0 1
44 4230
0 1
34 4096
31 4101
37 4186
0 1
0 1
33 4167
32 4166
31 4129
34 4124
0 1
0 1
91 4159
41 4106
32 4113
33 4155
38 4115
38 4190
33 4105
0 1
55 4117
0 1
34 4144
30 4173
66 4147
34 4129
35 4162
31 4172
33 4208
39 4160
44 4165
30 4152
35 4136
46 4198
40 4176
0 1
37 4122
36 4150
35 4096
49 4140
34 4159
36 4140
0 1
45 4183
53 4158
36 4175
41 4183
59 4166
71 4135
50 4115
47 4192
33 4169
0 1
39 4156
0 1
46 4091
34 4192
50 4179
34 4188
0 1
31 4147
35 4144
0 1
36 4148
0 1
39 4229
0 1
30 4141
37 4181
31 4111
39 4182
38 4104
0 1
35 4159
0 1
42 4178
40 4145
52 4177
0 1
32 4151
36 4172
0 1
48 4157
42 4186
41 4150
34 4187
87 4146
36 4146
38 4191
60 4189
0 1
32 4139
34 4182
37 4168
37 4169
37 4170
30 4200
0 1
0 1
41 4160
0 1
36 4165
28 4151
0 1
38 4168
47 4163
49 4098
42 4149
65 4189
0 1
72 4165
0 1
0 1
0 1
0 1
38 4215
31 4129
59 4159
0 1
31 4201
36 4117
37 4148
37 4170
36 4214
31 4169
0 1
0 1
0 1
0 1
35 4190
0 1
48 4155
45 4190
36 4146
38 4119
0 1
61 4186
45 4207
28 4145
33 4170
39 4190
32 4207
39 4200
0 1
39 4119
52 4154
49 4179
33 4182
40 4134
45 4213
0 1
0 1
96 4169
107 4188
0 1
56 4131
34 4121
39 4179
35 4193
34 4179
33 4127
0 1
0 1
0 1
38 4112
33 4251
46 4161
0 1
0 1
35 4180
35 4182
47 4117
0 1
35 4135
35 4159
36 4134
0 1
33 4144
32 4133
46 4153
46 4149
55 4214
0 1
38 4155
0 1
34 4139
39 4151
0 1
34 4168
0 1
40 4145
43 4118
36 4179
0 1
38 4114
42 4131
0 1
46 4155
67 4183
0 1
32 4145
0 1
32 4158
33 4150
0 1
51 4180
41 4208
64 4135
35 4119
42 4189
42 4179
38 4140
0 1
36 4244
35 4132
35 4222
0 1
41 4177
33 4175
32 4137
38 4168
34 4174
0 1
32 4208
35 4154
40 4142
0 1
0 1
47 4105
0 1
59 4166
58 4169
38 4180
0 1
0 1
0 1
41 4218
0 1
45 4085
0 1
38 4174
0 1
35 4167
33 4230
36 2
4 2
0 1
31 4167
0 1
39 4142
0 1
65 4215
0 1
32 4127
32 4157
37 4167
38 4179
54 4207
62 4187
63 4148
0 1
38 4151
0 1
0 1
0 1
47 4169
34 4129
40 4097
63 4135
50 4148
0 1
31 4150
36 4132
0 1
0 1
0 1
0 1
40 4179
63 4156
36 4139
55 4145
34 4143
35 4179
56 4189
0 1
68 4167
0 1
48 4202
29 4129
0 1
0 1
0 1
34 4153
0 1
0 1
0 1
37 4176
0 1
0 1
35 4120
32 4108
33 4165
33 4182
40 4201
32 4098
0 1
39 4201
31 4138
31 4159
0 1
30 4139
46 4143
47 4197
37 4164
43 4179
0 1
0 1
0 1
13 2
26 2
36 4181
51 4172
39 4206
40 4114
0 1
32 4144
44 4194
33 4161
40 4147
36 4109
32 4191
32 4155
35 4118
73 4209
33 4153
46 4216
32 4137
78 4132
40 4184
33 4193
56 4164
66 4184
82 4171
44 4132
36 4187
0 1
43 4128
53 4103
31 4151
40 4149
28 4197
53 4177
0 1
49 4140
36 4156
0 1
34 4158
38 4146
43 4207
43 4090
41 4188
37 4132
88 4182
41 4143
46 4165
54 4188
0 1
36 4109
39 4130
33 4160
40 4186
0 1
0 1
0 1
40 4153
0 1
0 1
32 4178
36 4163
58 4192
37 4123
49 4179
0 1
0 1
78 4178
22 2
91 4107
37 4182
37 4149
0 1
0 1
0 1
0 1
0 1
0 1
0 1
53 4164
38 4172
35 4125
0 1
38 4236
32 4162
31 4160
0 1
35 4210
42 4164
32 4120
0 1
0 1
0 1
0 1
62 4155
42 4206
0 1
0 1
0 1
0 1
0 1
31 4155
27 4158
30 4161
37 4130
35 4187
0 1
41 4128
37 4172
32 4137
0 1
34 4120
0 1
0 1
0 1
31 4153
0 1
46 4174
37 4173
51 4172
35 4128
47 4195
0 1
56 4214
30 4191
38 4138
95 4101
32 4182
31 4123
36 4119
37 4161
31 4107
38 4154
37 4132
30 4137
0 1
33 4169
35 4167
0 1
0 1
51 4198
77 4124
44 4170
70 4134
0 1
37 4154
41 4183
0 1
0 1
0 1
40 4095
37 4122
0 1
0 1
0 1
0 1
40 4143
0 1
0 1
57 4149
0 1
41 4202
38 4128
0 1
35 4129
32 4131
29 4180
46 4189
41 4156
0 1
35 4146
0 1
45 4136
47 4146
33 4128
40 4139
35 4134
60 4176
0 1
38 4175
33 4168
33 4108
38 4124
0 1
77 4135
0 1
39 4187
40 4193
0 1
0 1
30 4115
38 4186
43 4123
36 4157
0 1
40 4169
38 4195
34 4178
36 4150
40 4144
30 4112
36 4162
36 4086
0 1
31 4140
36 4159
35 4147
79 4151
0 1
0 1
35 4189
45 4140
39 4195
37 4136
43 4145
38 4140
38 4167
0 1
34 4161
33 4106
34 4153
0 1
0 1
35 4165
36 4160
51 4175
0 1
0 1
38 4120
36 4170
32 4163
31 4143
38 4139
0 1
68 4190
0 1
1 2
16 2
33 4099
42 4185
47 4157
38 4237
34 4165
38 4133
38 4196
40 4144
47 4181
36 4144
40 4198
31 4163
58 4172
42 4135
40 4172
0 1
43 4203
49 4136
40 4175
72 4182
52 4156
45 4121
0 1
0 1
42 4204
0 1
46 4208
42 4178
36 4171
40 4092
38 4168
44 4167
36 4139
52 4174
32 4194
0 1
32 4181
30 4204
36 4131
30 4165
36 4187
68 4188
40 4111
0 1
34 4156
37 4173
36 4125
38 4180
0 1
0 1
36 4144
0 1
35 4202
0 1
34 4108
33 4233
95 4153
32 4067
0 1
0 1
0 1
35 4158
38 4142
50 4218
0 1
33 4127
34 4211
29 4134
0 1
31 4163
33 4127
42 4176
43 4217
0 1
0 1
36 4119
31 4098
34 4150
50 4180
35 4133
33 4153
33 4154
30 4173
47 4169
41 4189
0 1
44 4123
33 4170
37 4175
0 1
0 1
32 4137
36 4151
0 1
0 1
85 4116
28 4071
31 4140
42 4173
34 4138
40 4214
0 1
0 1
0 1
38 4162
32 4135
38 4150
0 1
50 4180
33 4132
62 4124
38 4111
46 4178
0 1
37 4167
30 4132
45 4131
0 1
35 4155
40 4146
35 4168
42 4126
44 4147
46 4134
54 4141
61 4149
49 4127
41 4105
0 1
37 4157
0 1
44 4162
35 4137
42 4158
37 4119
0 1
0 1
34 4187
39 4150
37 4146
0 1
34 4159
44 4185
37 4191
34 4187
0 1
52 4139
49 4135
0 1
32 4151
44 4153
35 4126
35 4172
0 1
64 4116
41 4194
32 4210
37 4138
44 4146
67 4173
0 1
0 1
47 4174
36 4100
47 4169
0 1
40 4138
38 4172
69 4159
0 1
0 1
0 1
0 1
67 4164
0 1
38 4115
39 4143
38 4151
0 1
39 4170
35 4156
0 1
40 4156
33 4174
0 1
0 1
0 1
41 4184
39 4147
41 4174
32 4159
0 1
0 1
47 4211
44 4206
54 4150
34 4147
36 4149
0 1
0 1
0 1
0 1
0 1
28 4128
40 4162
47 4172
35 4162
37 4160
40 4149
38 4123
37 4170
56 4175
34 4117
49 4193
36 4105
0 1
56 4211
0 1
49 4134
0 1
44 4172
35 4146
0 1
0 1
33 4132
32 4133
30 4150
34 4142
0 1
39 4161
42 4217
0 1
34 4135
30 4120
41 4166
0 1
0 1
0 1
44 4202
38 4142
31 4169
0 1
0 1
36 4164
40 4159
44 4127
41 4165
33 4154
0 1
44 4191
36 4149
44 4171
50 4143
36 4178
0 1
47 4188
0 1
52 4158
37 4155
59 4128
59 4199
41 4151
37 4176
0 1
0 1
35 4160
33 4156
31 4188
36 4099
30 4213
46 4097
0 1
0 1
37 4140
33 4129
35 4161
32 4159
0 1
0 1
0 1
39 4152
37 4173
59 4190
0 1
47 4157
58 4173
0 1
35 4169
44 4147
32 4163
0 1
38 4158
59 4187
37 4191
43 4182
36 4182
0 1
0 1
0 1
0 1
73 4196
0 1
0 1
32 4227
43 4150
44 4186
0 1
0 1
0 1
33 4201
48 4168
0 1
0 1
0 1
0 1
0 1
36 4178
38 4163
0 1
47 4186
75 2
0 1
37 4157
40 4138
0 1
69 4134
63 4111
0 1
0 1
28 4180
0 1
40 4159
56 4131
39 4140
0 1
70 4154
0 1
0 1
0 1
0 1
37 4149
35 4157
0 1
0 1
0 1
48 4140
41 4195
40 4151
39 4153
0 1
0 1
68 4099
34 4142
34 4185
118 4142
61 4190
0 1
42 4208
32 4172
31 4198
34 4193
0 1
0 1
43 4181
38 4112
39 4173
48 4135
41 4099
39 4198
29 4164
37 4223
34 4173
37 4167
44 4142
0 1
42 4150
45 4151
35 4114
30 4216
50 4177
33 4174
50 4171
0 1
30 4190
42 4172
0 1
0 1
39 4185
49 4169
38 4120
53 4147
0 1
0 1
0 1
57 4211
40 4161
0 1
0 1
0 1
0 1
33 4120
38 4112
0 1
35 4138
43 4149
38 4190
34 4175
34 4149
33 4168
46 4228
0 1
0 1
0 1
0 1
31 4133
0 1
0 1
0 1
42 4132
38 4179
45 4162
0 1
44 4141
0 1
0 1
64 4150
45 4190
31 4092
0 1
0 1
0 1
0 1
0 1
7 2
60 4166
43 4103
69 4176
55 4126
0 1
34 4158
40 4184
33 4169
33 4156
40 4206
35 4161
0 1
13 2
2 2
45 4143
36 4145
0 1
0 1
41 4129
45 4150
44 4169
0 1
35 4180
36 4142
34 4213
45 4176
38 4107
70 4171
33 4136
33 4112
35 4161
33 4127
54 4155
49 4063
35 4126
56 4124
34 4162
49 4183
42 4229
38 4184
0 1
41 4155
34 4168
40 4158
41 4088
69 4123
35 4168
37 4143
55 4167
39 4184
41 4131
0 1
31 4169
2 2
0 1
37 4173
36 4154
0 1
0 1
30 4167
37 4165
0 1
30 4094
0 1
36 4137
0 1
34 4151
35 4168
42 4165
34 4155
35 4158
30 4146
55 4149
0 1
50 4124
41 4214
34 4159
34 4194
35 4215
32 4203
45 4195
33 4171
31 4126
38 4210
0 1
0 1
44 4168
35 4112
0 1
51 4176
46 4150
35 4164
38 4098
41 4173
0 1
0 1
34 4184
39 4157
44 4176
42 4116
34 4182
34 4221
39 4212
0 1
0 1
32 4133
31 4186
47 4181
70 4172
46 4089
0 1
21 2
36 4114
49 4180
0 1
27 4148
42 4161
44 4176
35 4180
0 1
0 1
36 4158
36 4151
31 4168
35 4168
0 1
31 4151
35 4150
0 1
0 1
38 4162
42 4178
0 1
0 1
0 1
0 1
0 1
0 1
33 4168
37 4171
34 4260
48 4164
31 4136
34 4175
33 4150
66 4146
0 1
33 4157
38 4165
0 1
34 4095
80 4098
0 1
44 4153
33 4189
45 4174
36 4186
0 1
0 1
0 1
0 1
31 4155
0 1
30 4165
48 4144
0 1
32 4147
39 4197
58 4165
57 4185
30 4156
34 4136
53 4176
34 4160
0 1
0 1
35 4160
0 1
38 4162
0 1
36 4161
47 4225
31 4188
0 1
0 1
35 4113
0 1
0 1
0 1
0 1
52 4180
44 4192
41 4166
35 4160
44 4156
75 4177
0 1
32 4165
34 4166
34 4173
36 4170
45 4123
35 4178
40 4253
0 1
0 1
33 4167
40 4117
39 4176
33 4137
37 4166
42 4131
47 4217
0 1
61 4112
0 1
41 2
0 1
0 1
2 2
24 2
0 1
37 4195
42 4126
0 1
0 1
38 4172
39 4142
31 4141
44 4223
35 4167
0 1
30 4158
0 1
0 1
48 4145
91 4153
46 4158
46 4150
41 4150
0 1
42 4160
0 1
48 4173
49 4109
0 1
42 4148
0 1
0 1
0 1
44 4159
0 1
0 1
0 1
40 4135
0 1
0 1
52 4161
49 4135
32 4128
0 1
0 1
85 4175
0 1
0 1
42 4194
53 4150
0 1
57 4122
62 4121
0 1
50 4149
39 4194
36 4161
0 1
38 4181
61 4123
36 4193
43 4131
0 1
93 4163
65 4174
38 2
0 1
0 1
0 1
0 1
45 4136
77 4152
45 4160
40 4186
83 4128
64 4146
0 1
0 1
39 4102
33 4191
30 4161
36 4151
37 4147
0 1
0 1
40 4201
35 4152
39 4191
36 4140
60 4123
43 4141
31 4163
59 4127
32 4171
32 4179
31 4160
40 4204
61 4190
54 4188
40 4158
0 1
51 4191
33 4106
31 4167
35 4133
47 4170
37 4130
32 4141
0 1
30 4117
36 4147
57 4219
37 4122
45 4129
40 4129
32 4141
32 4178
41 4101
103 4157
36 4198
39 4127
37 4174
39 4160
39 4166
48 4181
32 4227
43 4182
52 4165
33 4151
35 4186
32 4161
38 4151
37 4191
63 4203
33 4148
51 4138
30 4147
41 4172
34 4105
0 1
34 4144
15 2
43 2
0 1
0 1
58 4152
27 4134
50 4155
65 4201
32 4113
34 4184
50 4114
32 4146
31 4152
45 4142
0 1
33 4149
33 4152
0 1
32 4185
56 4115
41 4192
0 1
32 4168
46 4154
34 4177
32 4175
33 4161
0 1
35 4190
0 1
0 1
34 4200
34 4186
53 4194
37 4113
56 4137
49 4133
0 1
35 4181
43 4153
31 4200
0 1
38 4124
32 4204
47 2
50 4210
37 4124
0 1
33 4165
38 4132
74 4195
42 4107
36 4183
32 4165
49 4167
41 4150
30 4087
31 4150
0 1
31 4148
0 1
0 1
0 1
36 4121
39 4178
0 1
35 4133
0 1
40 4128
28 2
50 2
38 4145
0 1
35 4143
37 4172
39 4084
39 4105
36 4152
29 4173
37 4180
0 1
0 1
38 4127
34 4103
33 4174
40 4161
41 4157
0 1
38 4211
33 4131
30 4156
47 4176
42 4179
40 4112
52 4169
34 4136
0 1
0 1
38 4165
44 4179
48 4226
35 4136
43 4142
0 1
39 4177
36 4189
43 4139
40 4161
0 1
36 4158
0 1
35 4147
51 4181
36 4189
34 4171
63 4212
58 4149
38 4169
32 4174
68 4155
39 4186
43 4179
59 4186
31 4122
46 4169
34 4109
43 4136
0 1
31 4186
46 4184
43 4174
37 4212
37 4126
33 4139
43 4116
0 1
0 1
0 1
55 4108
0 1
0 1
44 4172
42 4190
0 1
0 1
34 4198
39 4196
0 1
9 2
14 2
0 1
0 1
40 4139
0 1
67 4169
42 4165
35 4185
50 4174
12 2
31 2
0 1
29 4157
44 4183
35 4145
42 4151
0 1
71 4149
0 1
0 1
32 4208
43 4140
0 1
0 1
0 1
0 1
33 4172
0 1
41 4182
95 4175
37 4175
0 1
35 4164
40 4135
92 4196
36 2
26 2
0 1
38 4194
0 1
35 4232
0 1
0 1
0 1
38 4166
0 1
95 4090
44 4127
51 4159
47 4063
0 1
0 1
7 2
0 1
0 1
32 4119
0 1
37 4215
0 1
43 4183
0 1
0 1
40 4144
0 1
0 1
0 1
36 4226
42 4188
0 1
0 1
52 4165
0 1
0 1
39 4167
0 1
0 1
7 2
16 2
0 1
0 1
38 4163
34 4187
0 1
46 4138
0 1
0 1
38 4195
0 1
34 4156
0 1
35 4131
0 1
38 4170
0 1
0 1
0 1
56 4144
0 1
0 1
0 1
0 1
0 1
0 1
0 1
106 4174
44 4143
33 4160
0 1
45 4175
0 1
47 4168
64 4160
0 1
56 4187
80 4182
39 4183
53 4188
39 4175
0 1
0 1
0 1
39 4139
45 4126
0 1
0 1
29 4191
43 4134
37 4180
0 1
0 1
45 4124
0 1
0 1
0 1
0 1
0 1
67 4177
48 4117
33 4138
0 1
0 1
58 4164
31 4157
0 1
0 1
0 1
0 1
19 2
34 4186
0 1
7 2
0 1
0 1
36 4192
0 1
0 1
36 4189
61 4234
0 1
61 4171
36 4213
64 4187
63 4153
0 1
40 4129
0 1
51 4172
0 1
36 4181
49 4197
29 4153
0 1
44 4145
0 1
0 1
0 1
39 4172
40 4194
34 4127
69 4184
0 1
36 4136
0 1
0 1
0 1
38 4171
37 4163
89 4137
32 4171
0 1
36 4169
39 4125
45 4148
49 4183
47 4127
32 4147
0 1
0 1
46 4138
0 1
0 1
0 1
0 1
34 4198
0 1
117 4183
31 4136
48 4203
35 4082
46 4188
52 4113
34 4209
42 4165
0 1
41 4153
28 4147
36 4212
0 1
0 1
0 1
36 4110
35 4180
0 1
2 2
48 4177
0 1
40 4160
37 4142
45 4121
0 1
0 1
0 1
0 1
0 1
61 4169
34 4205
0 1
39 4127
32 4117
0 1
37 4218
55 4152
35 4197
0 1
0 1
34 4195
65 4132
33 4155
41 4182
29 4195
0 1
5 2
2 2
34 4150
0 1
0 1
0 1
102 4188
38 4145
0 1
44 4170
28 2
0 1
0 1
0 1
0 1
43 4177
37 4142
135 4174
94 4182
59 4164
52 4133
0 1
0 1
0 1
0 1
41 4147
46 4143
33 4102
55 4172
50 4172
0 1
30 4156
36 4159
53 4205
0 1
0 1
46 4145
39 4142
0 1
0 1
44 4153
42 4149
35 4138
34 4134
44 4208
47 4174
38 4133
0 1
39 4146
0 1
67 4204
0 1
0 1
41 4159
45 4149
45 4185
0 1
63 4158
15 2
35 4168
43 4200
0 1
39 4186
0 1
40 4172
0 1
0 1
0 1
0 1
36 4166
0 1
0 1
33 4148
66 4101
0 1
0 1
39 4153
36 4150
0 1
0 1
36 4153
43 4138
0 1
0 1
34 4145
0 1
37 4186
0 1
0 1
142 4115
31 4151
46 4162
0 1
0 1
33 4192
30 4119
73 4149
42 4190
0 1
43 4133
35 4124
35 2
4 2
72 4163
37 4162
37 4187
39 4168
33 4163
0 1
0 1
0 1
0 1
47 4172
34 4214
42 4142
44 4181
37 4187
50 4163
0 1
0 1
36 4079
35 4147
38 4209
0 1
0 1
92 4193
0 1
0 1
34 4189
44 4186
33 4176
36 4170
0 1
0 1
0 1
0 1
4 2
36 4171
0 1
36 4179
0 1
38 4164
0 1
0 1
32 4150
31 4204
37 4202
0 1
36 4165
51 4150
0 1
0 1
36 4102
38 4229
0 1
36 4110
39 4160
33 4164
32 4140
31 4141
31 4168
37 4193
30 4157
37 4128
39 4186
0 1
33 4151
48 4181
0 1
0 1
0 1
49 4166
43 4103
33 4138
69 4156
70 4136
17 2
41 2
0 1
0 1
41 4201
79 4175
34 4190
39 4109
0 1
36 4218
50 4136
4 2
9 2
0 1
0 1
0 1
0 1
35 4106
33 4218
38 4160
42 4128
0 1
0 1
0 1
32 4183
0 1
0 1
0 1
58 4158
0 1
0 1
47 4157
0 1
39 4171
47 4195
0 1
0 1
36 4161
0 1
38 4151
0 1
0 1
64 4204
0 1
0 1
53 4134
48 4134
33 4174
32 4171
32 4123
73 4119
49 4104
0 1
15 2
3 2
53 4121
42 4149
34 4153
37 4150
45 4179
64 4123
0 1
0 1
0 1
53 4156
0 1
32 4097
0 1
0 1
0 1
0 1
37 4156
0 1
0 1
0 1
0 1
42 4159
36 4124
0 1
0 1
44 4153
44 4163
0 1
0 1
40 4132
50 4162
0 1
47 4131
0 1
37 4131
0 1
0 1
0 1
0 1
0 1
41 4176
35 4210
0 1
79 4192
35 4210
79 4163
67 4172
35 4210
47 4176
50 4157
29 4156
49 4172
50 4097
37 4186
0 1
35 4146
38 4144
39 4169
40 4136
47 4152
0 1
54 4186
0 1
52 4148
46 4094
49 4118
43 4161
54 4158
62 4175
52 4217
65 4127
44 4131
0 1
56 4194
36 4193
29 4159
36 4187
44 4176
39 4135
44 4163
0 1
33 4125
62 4128
46 4179
77 4183
34 4141
37 4213
0 1
0 1
0 1
0 1
46 4170
0 1
35 4141
0 1
45 4119
0 1
142 4160
54 4200
52 4135
43 4184
36 4124
38 4190
0 1
37 4213
60 4132
0 1
30 4142
0 1
0 1
0 1
35 4135
0 1
49 4124
0 1
0 1
0 1
38 4130
41 4120
31 4120
0 1
0 1
38 4125
0 1
58 4215
0 1
34 4169
0 1
70 4154
53 4160
36 4143
36 4150
103 4102
0 1
0 1
43 4209
36 4196
0 1
0 1
0 1
51 4193
0 1
0 1
46 4164
36 4184
71 4147
0 1
0 1
33 4144
41 4223
36 4195
0 1
49 4127
0 1
42 4136
0 1
41 4141
0 1
0 1
55 4159
36 4131
33 4185
34 4180
47 4124
0 1
0 1
0 1
5 2
7 2
73 4128
34 4152
0 1
0 1
0 1
37 4180
94 4208
60 4230
70 4182
47 4180
38 4153
64 4159
80 4178
55 4178
35 4123
41 4136
0 1
0 1
48 4162
0 1
0 1
0 1
0 1
0 1
0 1
0 1
43 4155
0 1
0 1
0 1
38 4169
64 4135
0 1
40 4170
0 1
56 4214
5 2
47 4237
0 1
45 4153
0 1
0 1
0 1
0 1
0 1
0 1
0 1
33 4170
46 2
46 4196
0 1
38 4158
0 1
65 4227
38 4170
6 2
41 4101
50 4199
0 1
0 1
52 4137
0 1
0 1
36 4126
48 4171
0 1
0 1
0 1
0 1
0 1
0 1
0 1
32 4182
0 1
0 1
46 4150
39 4218
0 1
42 4100
31 4192
0 1
0 1
0 1
0 1
31 4193
0 1
0 1
29 4178
43 4101
149 4230
90 4165
48 4132
0 1
37 4163
0 1
41 4202
58 4189
48 4113
0 1
0 1
0 1
0 1
40 4134
36 4182
0 1
0 1
40 4165
50 4171
0 1
39 4215
47 4179
0 1
0 1
0 1
46 4082
0 1
0 1
98 4133
32 4195
43 4141
0 1
75 4191
0 1
0 1
38 4151
39 4162
0 1
33 4162
0 1
47 4173
121 4101
34 4077
0 1
30 4100
0 1
0 1
0 1
29 4169
66 4163
0 1
0 1
31 4172
44 4152
43 4110
0 1
36 4147
0 1
41 4168
30 4173
30 4174
0 1
38 4128
37 4153
36 4177
0 1
0 1
42 4142
36 4218
0 1
0 1
38 4170
0 1
0 1
34 4222
0 1
0 1
0 1
0 1
47 4173
37 4200
0 1
0 1
0 1
0 1
33 4104
0 1
0 1
0 1
37 4158
48 4156
86 4198
0 1
0 1
0 1
0 1
0 1
0 1
48 4221
0 1
47 4150
0 1
0 1
35 4182
51 4144
30 4142
40 4171
111 4128
37 4149
57 4135
41 4205
0 1
0 1
35 4124
0 1
0 1
0 1
36 4138
0 1
48 4135
0 1
0 1
0 1
35 4117
35 4182
37 4146
37 4192
55 4085
0 1
0 1
34 4129
0 1
37 4198
0 1
38 4168
49 4166
57 4208
37 4161
76 2
40 2
47 4176
0 1
117 4178
0 1
0 1
39 4205
40 4143
66 4155
32 4153
75 4155
0 1
38 4173
47 4140
42 4162
47 4186
57 4111
0 1
0 1
0 1
36 4125
37 4126
0 1
0 1
0 1
0 1
40 4155
0 1
0 1
0 1
0 1
40 4165
0 1
0 1
0 1
54 4132
84 4163
45 4140
0 1
0 1
0 1
46 4160
30 4138
49 4114
33 4120
36 4178
51 4175
61 4136
0 1
30 4171
0 1
68 4166
55 4133
1 2
15 2
0 1
36 4164
0 1
0 1
0 1
40 4085
0 1
31 4159
0 1
0 1
0 1
0 1
33 4162
0 1
0 1
0 1
0 1
0 1
0 1
0 1
0 1
0 1
80 4166
35 4159
38 4181
5 2
37 4145
79 4169
0 1
36 4128
0 1
0 1
54 4172
0 1
42 4210
0 1
0 1
0 1
0 1
0 1
0 1
0 1
0 1
40 4169
0 1
0 1
0 1
0 1
0 1
33 4121
31 4146
40 4146
0 1
0 1
60 4165
42 4154
52 4184
0 1
0 1
34 4176
37 4150
60 4162
47 4168
0 1
56 4165
41 4199
0 1
9 2
5 2
0 1
54 4180
0 1
39 4089
0 1
0 1
0 1
0 1
0 1
0 1
44 4184
0 1
0 1
37 4144
56 4087
0 1
39 4187
36 4157
0 1
36 4192
0 1
0 1
27 2
40 2
0 1
37 4130
0 1
47 4143
30 4133
37 4163
0 1
0 1
0 1
0 1
0 1
0 1
32 4144
0 1
0 1
56 4140
57 4148
34 4141
76 4136
38 4227
0 1
36 4125
61 4122
32 4207
0 1
34 4143
0 1
51 4132
0 1
32 4120
0 1
0 1
52 4184
0 1
0 1
0 1
0 1
58 4191
54 4112
0 1
0 1
42 4160
23 2
7 2
0 1
0 1
0 1
0 1
33 4152
40 4182
0 1
0 1
33 4158
47 4194
0 1
0 1
0 1
38 4174
41 4184
32 4129
36 4154
32 4144
80 4190
30 4118
10 2
49 2
32 4168
0 1
35 4171
0 1
0 1
0 1
94 4189
109 4155
0 1
0 1
40 4132
0 1
0 1
0 1
63 4174
0 1
0 1
0 1
35 4159
32 4086
30 4198
0 1
0 1
0 1
41 4199
0 1
0 1
0 1
0 1
0 1
0 1
66 4195
0 1
0 1
0 1
45 4155
0 1
0 1
0 1
0 1
3 2
13 2
0 1
0 1
0 1
0 1
33 4183
0 1
3 2
33 4167
56 4160
0 1
168 4189
28 4140
0 1
0 1
0 1
0 1
0 1
0 1
0 1
0 1
35 4127
0 1
51 4187
54 4166
0 1
0 1
0 1
38 4152
83 4157
0 1
41 4159
0 1
45 4176
0 1
38 4132
0 1
0 1
34 4200
0 1
0 1
0 1
0 1
0 1
86 4141
106 4168
0 1
90 4164
60 4114
39 4213
0 1
0 1
66 4155
0 1
73 4114
0 1
0 1
0 1
0 1
0 1
0 1
0 1
36 4114
43 4200
49 4210
55 4105
78 4150
130 4127
44 4133
49 4126
49 4138
37 4165
39 4193
41 4208
54 4201
106 4158
38 4180
64 4203
32 4136
34 4140
0 1
60 4215
0 1
0 1
0 1
0 1
35 4170
0 1
0 1
35 4124
38 4171
0 1
0 1
51 4204
0 1
0 1
50 4159
0 1
42 4120
0 1
14 2
2 2
60 4153
0 1
0 1
0 1
0 1
40 4190
47 4210
41 4168
0 1
0 1
0 1
35 4139
0 1
0 1
48 2
41 4177
37 4180
33 4139
36 4153
0 1
0 1
0 1
59 4174
38 4156
0 1
0 1
45 4158
0 1
33 4151
57 4137
0 1
36 4164
0 1
0 1
0 1
0 1
0 1
0 1
0 1
4 2
17 2
0 1
0 1
34 4150
32 4135
0 1
0 1
30 4155
36 4153
0 1
37 4130
67 4168
0 1
0 1
0 1
39 4161
0 1
0 1
50 4144
0 1
13 2
0 1
51 4147
0 1
0 1
35 4158
0 1
90 4078
0 1
45 4190
0 1
38 4158
0 1
0 1
0 1
0 1
0 1
63 4170
0 1
0 1
0 1
0 1
0 1
0 1
0 1
0 1
65 4210
0 1
0 1
33 4151
0 1
0 1
0 1
10 2
26 2
0 1
45 4218
43 4158
0 1
0 1
0 1
0 1
0 1
0 1
0 1
0 1
0 1
0 1
0 1
41 4186
0 1
0 1
82 4172
0 1
0 1
48 4141
47 4191
35 4240
42 4136
182 4186
42 4117
0 1
34 4156
0 1
0 1
32 4196
50 4168
36 4194
0 1
0 1
36 4113
0 1
47 4156
0 1
0 1
0 1
47 4160
0 1
0 1
0 1
0 1
37 4145
0 1
34 4136
0 1
0 1
0 1
35 4190
58 4202
0 1
0 1
38 4070
56 4161
38 4132
26 2
24 2
0 1
0 1
0 1
0 1
0 1
0 1
0 1
0 1
0 1
34 4166
0 1
0 1
0 1
0 1
45 4148
39 4106
0 1
83 4208
0 1
52 4165
34 4124
0 1
0 1
0 1
0 1
0 1
0 1
0 1
36 4168
22 2
12 2
0 1
0 1
0 1
48 4210
0 1
60 4175
35 4165
0 1
0 1
0 1
0 1
0 1
46 4136
0 1
0 1
59 4140
37 4157
0 1
0 1
0 1
0 1
0 1
37 4158
0 1
0 1
0 1
49 4119
0 1
32 4150
38 4163
0 1
0 1
0 1
0 1
0 1
0 1
48 4143
51 4128
1 2
22 2
64 4154
29 4190
12 2
37 4147
0 1
0 1
42 4154
0 1
0 1
