35 4222
31 4163
29 4171
31 4178
35 4096
37 4129
31 4217
36 4220
31 4170
40 4108
43 4187
38 4170
34 4132
30 4187
36 4161
29 4182
34 4157
33 4177
36 4163
32 4165
31 4194
30 4180
32 4183
0 1
40 4115
32 4179
34 4125
32 4137
33 4169
29 4114
32 4162
32 4150
35 4150
29 4166
37 4152
0 1
32 4108
31 4182
29 4157
30 4191
45 4215
32 4141
32 4177
30 4111
32 4232
28 4141
0 1
33 4188
36 4151
32 4119
34 4117
31 4172
28 4171
36 4156
33 4149
43 4133
33 4169
31 4208
35 4153
35 4165
35 4131
30 4192
32 4096
35 4197
32 4114
37 4160
29 4176
30 4154
37 4165
34 4186
30 4071
32 4127
31 4175
44 4162
33 4096
94 4195
0 1
41 4123
32 4174
30 4124
33 4219
34 4188
27 4148
35 4163
38 4094
30 4168
31 4114
31 4157
33 4171
30 4175
28 4153
31 4191
35 4119
29 4198
30 4142
33 4163
34 4125
30 4185
38 4137
33 4140
33 4188
35 4118
32 4154
30 4142
33 4179
33 4180
32 4201
30 4167
37 4152
31 4128
28 4126
31 4145
33 4127
36 4181
34 4130
33 4195
34 4159
30 4110
32 4142
29 4147
35 4151
33 4121
84 4187
34 4201
35 4125
33 4188
42 4181
30 4179
35 4164
39 4197
6 2
55 4140
32 4255
32 4152
35 4088
58 4096
31 4191
35 4140
43 4194
35 4178
33 4155
29 4177
35 4141
38 4103
37 4158
36 4173
28 4142
32 4150
0 1
61 4098
35 4127
0 1
34 4188
32 4157
41 4098
40 4119
28 4168
42 4188
31 4140
39 4126
47 4158
31 4072
30 4145
37 4137
29 4154
30 4095
30 4111
32 4203
31 4222
53 4099
30 4132
32 4164
32 4174
29 4116
29 4181
36 4146
32 4176
34 4173
0 1
49 4173
34 4189
39 4133
34 4144
36 4190
34 4151
30 4132
33 4162
32 4161
31 4153
33 4113
27 4148
30 4123
36 4199
30 4173
34 4138
29 4161
33 4174
30 4125
31 4149
33 4200
37 4183
36 4145
34 4132
35 4105
34 4186
38 4168
34 4171
29 4153
31 4163
38 4143
32 4171
36 4084
36 4136
33 4182
28 4136
42 4182
38 4171
29 4142
47 4160
33 4143
39 4170
32 4115
34 4104
31 4183
33 4234
29 4162
31 4148
35 4147
34 4134
29 4131
35 4156
33 4158
32 4198
32 4129
32 4128
39 4171
30 4119
34 4139
32 4192
29 4191
29 4129
33 4110
33 4208
38 4186
36 4211
36 4161
34 4185
31 4122
33 4139
34 4169
29 4142
35 4148
0 1
36 4154
36 4169
32 4180
30 4172
31 4199
36 4188
44 4232
34 4183
32 4139
30 4139
65 4119
30 4125
0 1
38 4163
38 4169
36 4155
96 4157
32 4136
33 4124
33 4164
30 4166
53 4204
33 4156
33 4171
32 4175
38 4215
28 4169
38 4201
35 4142
34 4167
38 4164
38 4173
30 4176
36 4188
48 4055
33 4149
27 4141
32 4167
33 4186
36 4172
39 4183
34 4174
35 4175
34 4203
33 4217
0 1
0 1
31 4150
36 4163
29 4136
30 4116
32 4148
33 4211
33 4186
29 4134
39 4211
32 4201
31 4115
34 4172
40 4146
35 4151
31 4165
31 4143
31 4151
30 4208
44 4193
34 4167
34 4208
31 4221
33 4175
29 4175
28 4166
31 4174
34 4185
35 4181
31 4135
36 4181
34 4210
28 4194
29 4099
32 4177
34 4190
31 4158
33 4160
86 4176
62 4180
0 1
37 4197
51 4126
32 4096
33 4142
33 4136
32 4117
0 1
35 4190
31 4133
32 4089
29 4206
31 4171
32 4129
0 1
30 4134
31 4111
29 4142
38 4220
35 4167
51 4141
36 4180
32 4221
30 4178
31 4176
0 1
0 1
0 1
0 1
45 4154
36 4152
0 1
30 4112
34 4151
35 4147
31 4161
31 4111
33 4194
33 4159
32 4144
0 1
2 2
76 4160
44 4184
34 4135
31 4122
57 4105
33 4180
36 4128
35 4122
34 4141
33 4210
33 4152
38 4114
29 4142
0 1
0 1
27 4110
40 4104
29 4191
34 4126
37 4118
31 4132
34 4203
33 4151
28 4164
33 4142
36 4135
42 4191
31 4097
36 4184
36 4162
0 1
34 4190
32 4154
39 4220
35 4185
34 4157
30 4149
33 4126
31 4189
39 4122
39 4213
30 4134
30 4178
29 4157
31 4219
30 4147
34 4124
31 4193
32 4189
29 4113
32 4145
32 4180
34 4128
32 4133
32 4136
27 4146
30 4154
31 4146
31 4188
37 4158
32 4108
34 4170
32 4140
32 4172
32 4186
0 1
36 4202
31 4208
32 4139
35 4194
29 4152
30 4119
31 4142
0 1
31 4143
31 4161
0 1
0 1
33 4152
30 4153
49 4147
33 4146
36 4183
32 4136
33 4167
32 4079
28 4144
34 4163
35 4117
35 4200
57 4157
45 4118
35 4106
0 1
52 4167
39 4185
39 4181
40 4197
38 4146
33 4098
32 4124
41 4146
36 4133
42 4176
47 4135
34 4159
37 4145
33 4163
32 4162
30 4175
31 4183
44 4221
86 4180
34 4125
66 4148
35 4139
30 4152
35 4133
38 4187
33 4184
47 4171
28 4175
34 4256
36 4142
32 4152
37 4165
34 4139
35 4160
38 4144
30 4129
32 4171
33 4135
34 4153
33 4235
34 4175
31 4147
34 4165
31 4084
59 4192
37 4162
28 4160
30 4158
30 4161
31 4151
33 4165
36 4211
28 4154
35 4224
27 4122
31 4126
32 4158
32 4149
37 4180
46 4140
31 4169
55 4178
38 4147
33 4172
30 4179
33 4139
33 4156
36 4167
29 4141
34 4154
32 4175
42 4147
29 4140
31 4179
38 4133
44 4155
40 4156
36 4179
0 1
34 4142
30 4193
44 4141
36 4144
57 4162
44 4125
35 4128
33 4127
33 4128
41 4101
31 4146
0 1
0 1
37 4176
38 4111
36 4142
48 4177
36 4118
45 4180
35 4163
35 4179
35 4114
27 4171
34 4156
31 4192
31 4211
32 4215
33 4230
31 4168
30 4131
32 4187
31 4094
34 4195
32 4137
31 4130
31 4160
34 4186
35 4140
33 4168
30 4183
35 4166
29 4147
30 4216
32 4152
34 4143
67 4153
35 4213
32 4168
30 4129
33 4199
32 4134
27 4195
35 4182
33 4153
35 4144
32 4145
36 4158
37 4157
32 4188
31 4183
32 4140
55 4173
36 4151
30 4134
30 4184
34 4148
35 4165
34 4129
30 4168
35 4203
31 4115
39 4137
30 4117
32 4160
32 4165
31 4153
30 4200
30 4183
31 4141
33 4119
43 4131
35 4184
35 4147
33 4191
35 4180
33 4121
34 4178
29 4098
36 4095
36 4166
32 4197
33 4187
31 4164
32 4149
27 4108
35 4153
32 4195
32 4127
30 4180
35 4177
36 4148
29 4139
33 4151
32 4090
34 4165
52 4153
37 4112
4 2
26 2
0 1
0 1
32 4144
40 4176
30 4210
37 4161
33 4145
39 4168
33 4154
33 4119
33 4147
29 4185
34 4144
32 4160
27 4113
35 4169
30 4154
31 4166
33 4180
30 4146
0 1
39 4166
38 4174
0 1
0 1
0 1
11 2
49 2
0 1
0 1
36 4160
30 4190
32 4165
37 4108
36 4189
33 4170
36 4148
29 4192
35 4173
33 4125
36 4145
33 4155
33 4145
33 4175
29 4142
33 4169
33 4197
30 4169
31 4194
35 4209
33 4169
34 4155
34 4176
33 4202
34 4187
32 4150
30 4142
35 4141
29 4195
36 4174
33 4134
38 4213
49 4175
37 4161
33 4149
31 4207
46 4164
0 1
0 1
0 1
34 4187
33 4181
30 4176
28 4171
28 4204
31 4175
33 4205
29 4098
38 4113
29 4177
35 4150
55 4136
34 4156
31 4149
37 4147
35 4162
34 4145
36 4162
45 4162
31 4197
0 1
0 1
18 2
29 4103
36 4129
35 4175
34 4172
56 4147
32 4115
36 4194
28 4192
0 1
33 4122
31 4238
36 4182
37 4126
30 4126
0 1
30 4135
32 4172
31 4138
31 4177
32 4200
36 4154
29 4155
30 4148
29 4146
32 4115
29 4120
36 4134
30 4227
32 4169
36 4115
28 4145
31 4148
31 4171
32 4123
29 4181
30 4159
29 4148
27 4124
29 4168
38 4183
32 4169
44 4156
35 4152
35 4184
30 4115
34 4138
36 4142
31 4170
30 4158
30 4151
29 4204
31 4150
34 4185
32 4146
31 4136
33 4161
29 4155
37 4142
30 4144
0 1
0 1
0 1
35 4187
33 4165
46 4156
32 4133
0 1
32 4166
32 4126
31 4163
34 4173
0 1
33 4146
33 4111
36 4159
0 1
34 4178
38 4180
31 4188
30 4192
32 4187
34 4140
0 1
37 4216
30 4150
39 4172
35 4181
30 4166
34 4169
29 4139
0 1
34 4152
33 4194
35 4121
37 4173
37 4163
30 4173
33 4180
35 4185
33 4170
32 4166
29 4149
30 4191
30 4142
33 4131
31 4107
32 4143
34 4168
40 4133
49 4141
0 1
40 4196
29 4173
36 4172
48 4228
33 4124
41 4107
0 1
100 4172
31 4154
34 4175
30 4125
38 4191
32 4162
36 4144
29 4121
33 4192
0 1
31 4167
28 4134
37 4138
29 4157
32 4183
34 4156
31 4135
32 4189
33 4197
33 4145
43 4174
46 4177
38 4186
32 4171
38 4114
31 4222
35 4204
32 4106
36 4186
30 4102
37 4149
38 4147
38 4186
32 4134
39 4146
33 4158
31 4164
31 4168
32 4229
31 4176
30 4108
32 4148
34 4146
35 4147
30 4204
30 4172
32 4118
33 4128
33 4138
31 4134
35 4102
36 4101
39 4182
34 4155
34 4152
33 4143
39 4190
62 4151
33 4177
29 4135
38 4194
35 4186
29 4107
32 4170
32 4150
80 4141
38 4162
49 4154
30 4152
37 4149
32 4193
36 4197
27 4159
28 4125
31 4135
28 4197
35 4121
35 4164
29 4120
32 4104
44 4163
36 4191
31 4213
33 4136
31 4150
31 4155
33 4183
33 4186
29 4192
32 4145
31 4161
35 4205
30 4134
34 4205
30 4130
38 4208
38 4205
32 4133
33 4127
31 4128
59 4190
41 4199
32 4098
45 4139
50 4133
79 4140
44 4142
31 4122
30 4165
30 4134
32 4154
31 4165
30 4185
32 4192
34 4170
32 4130
33 4215
33 4105
30 4200
33 4101
28 4222
33 4172
30 4207
28 4128
33 4177
33 4190
36 4112
31 4167
31 4150
33 4138
39 4145
3 2
9 2
43 4099
37 4140
30 4142
35 4126
31 4140
0 1
0 1
57 4161
34 4146
30 4145
31 4175
34 4177
28 4148
32 4125
30 4180
31 4154
32 4170
38 4163
32 4125
32 4191
32 4112
33 4110
32 4165
36 4170
39 4207
32 4157
35 4140
37 4264
35 4219
35 4118
48 4133
35 4171
52 4090
36 4146
37 4128
34 4158
0 1
42 4136
33 4132
34 4155
45 4158
29 4164
37 4198
33 4150
31 4200
34 4170
0 1
36 4222
33 4200
38 4142
38 4196
37 4187
32 4177
49 4163
31 4138
36 4197
34 4155
34 4117
38 4149
36 4128
33 4162
34 4194
32 4138
0 1
32 4160
34 4144
29 4201
33 4183
36 4127
35 4189
35 4191
34 4111
33 4157
32 4216
36 4149
31 4177
44 4147
31 4179
31 4174
32 4191
40 4144
31 4233
37 4203
29 4199
32 4177
29 4123
30 4187
0 1
0 1
32 4162
0 1
0 1
37 4204
40 4151
0 1
0 1
37 4159
36 4173
46 4170
36 4173
30 4145
39 4138
40 4174
34 4157
29 4158
39 4154
40 4172
31 4112
29 4138
32 4128
33 4195
30 4138
0 1
105 4148
30 4097
33 4193
32 4167
38 4161
33 4159
32 4201
0 1
39 2
3 2
0 1
35 4167
31 4159
34 4152
32 4125
31 4131
37 4159
38 4224
37 4166
0 1
67 4137
30 4222
0 1
36 4135
32 4139
0 1
30 4138
30 4166
38 4134
34 4178
37 4140
118 4159
29 4142
29 4165
37 4248
36 4141
32 4097
34 4192
30 4175
27 4199
37 4136
33 4180
31 4160
35 4135
31 4153
31 4178
33 4138
41 4135
35 4180
35 4181
30 4159
31 4172
0 1
31 4147
32 4167
33 4150
31 4103
31 4211
39 4186
35 4150
32 4203
29 4158
31 4150
35 4203
32 4177
32 4157
37 4179
29 4146
32 4166
32 4145
32 4164
34 4205
106 4204
45 4173
33 4175
0 1
37 4201
74 4154
44 4216
32 4146
35 4133
33 4152
37 4129
34 4169
36 4147
33 4172
35 4109
37 4144
38 4207
30 4157
32 4191
29 4174
30 4128
29 4200
33 4158
31 4154
33 4196
35 4127
34 4205
35 4137
33 4091
32 4150
31 4110
35 4157
0 1
32 4226
30 4113
33 4144
33 4118
33 4140
34 4137
35 4143
30 4117
34 4162
42 4126
33 4199
29 4159
31 4198
30 4122
34 4145
37 4153
38 4155
36 4171
38 4176
30 4108
29 4150
33 4174
32 4171
38 4098
30 4164
29 4141
44 4160
44 4178
34 4178
32 4142
50 4177
39 4177
34 4146
39 4179
43 4156
31 4162
68 4197
36 4160
32 4166
33 4151
37 4165
64 4135
40 4164
30 4137
33 4153
34 4208
40 4106
36 4179
88 4139
46 4100
37 4132
31 4205
33 4184
64 4211
30 4133
32 4089
38 4198
35 4079
36 4177
34 4166
31 4142
39 4217
28 4166
36 4150
38 4146
34 4158
42 4135
28 4156
0 1
0 1
53 4178
39 4143
34 4157
0 1
0 1
29 4146
30 4223
31 4152
37 4132
30 4170
31 4174
31 4171
34 4200
30 4156
36 4190
27 4162
30 4158
34 4168
33 4178
30 4098
30 4151
35 4136
34 4126
33 4149
14 2
26 2
33 4107
35 4205
37 4182
49 4139
33 4197
0 1
0 1
0 1
62 4211
33 4155
41 4163
32 4191
38 4169
36 4130
44 4143
29 4136
33 4125
32 4162
41 4197
38 4193
37 4169
32 4176
37 4172
30 4167
38 4135
41 4154
0 1
35 4155
41 4133
32 4144
32 4120
32 4206
44 4140
50 4133
33 4179
33 4194
0 1
82 4183
36 4141
33 4107
29 4155
35 4168
40 4169
32 4151
35 4137
42 4149
34 4158
35 4157
28 4158
35 4094
33 4176
33 4183
48 4131
33 4182
38 4135
33 4107
31 4107
38 4176
40 4130
31 4154
50 4199
34 4136
33 4158
0 1
30 4221
28 4187
32 4182
36 4215
36 4140
30 4129
37 4167
32 4189
32 4179
32 4180
34 4132
31 4179
33 4204
31 4150
30 4138
32 4141
30 4157
34 4201
36 4184
31 4179
33 4201
29 4138
34 4136
32 4202
39 4178
31 4171
0 1
29 4149
90 4117
32 4169
31 4193
32 4148
30 4134
51 4195
38 4210
43 4130
34 4117
45 4150
31 4195
45 4173
39 4125
32 4123
29 4138
44 4175
32 4188
60 4119
0 1
37 4161
29 4172
39 4176
31 4166
31 4132
0 1
36 4098
32 4202
33 4160
41 4141
0 1
35 4191
0 1
56 4115
36 4186
33 4188
34 4142
32 4190
30 4220
32 4175
36 4164
30 4141
0 1
34 4101
46 4163
56 4158
41 4146
0 1
42 4152
36 4122
35 4166
37 4190
36 4102
37 4209
39 4145
0 1
32 4148
0 1
31 4145
33 4190
37 4167
0 1
0 1
30 4140
37 4194
45 4073
30 4131
41 4134
43 4125
0 1
34 4121
35 4178
31 4174
36 4154
36 4142
34 4182
35 4192
31 4191
28 4151
30 4188
36 4161
26 4146
30 4162
34 4142
35 4121
31 4112
29 4171
37 4141
76 4164
33 4149
35 4185
38 4144
32 4168
37 4126
32 4148
39 4194
0 1
34 4149
39 4163
30 4143
0 1
28 4148
36 4146
32 4175
29 4144
32 4167
35 4160
33 4185
27 4180
35 4196
43 4194
32 4149
33 4183
32 4144
32 4086
36 4144
32 4174
36 4207
36 4167
34 4156
37 4167
41 4116
33 4185
34 4164
35 4148
34 4144
0 1
32 4142
37 4201
31 4138
35 4153
36 4173
31 4100
30 4170
38 4184
34 4108
34 4217
32 4148
33 4128
34 4179
33 4132
32 4180
34 4156
49 4142
33 4195
40 4176
33 4156
35 4146
32 4159
28 4176
31 4237
37 4145
29 4095
32 4166
34 4141
33 4193
34 4118
34 4168
34 4135
0 1
41 4195
38 4150
30 4189
41 4212
0 1
32 4172
33 4162
36 4193
35 4163
31 4187
30 4128
38 4155
34 4151
33 4116
32 4173
32 4166
30 4158
32 4197
34 4169
30 4135
50 4121
29 4178
32 4147
30 4104
38 4154
33 4187
59 4173
37 4123
34 4126
31 4141
34 4197
30 4172
32 4146
33 4139
33 4137
39 4213
37 4192
35 4132
51 4208
33 4169
34 4164
0 1
0 1
33 4122
39 4190
30 4197
32 4209
31 4123
44 4164
30 4181
34 4094
31 4159
36 4175
29 4151
31 4189
32 4163
32 4154
32 4176
34 4131
34 4177
34 4129
33 4092
32 4156
32 4163
42 4201
31 4195
33 4138
35 4162
37 4142
33 4135
37 4153
27 4157
26 4142
31 4132
36 4155
34 4147
44 4217
32 4235
33 4173
32 4156
32 4161
35 4164
36 4155
32 4158
39 4163
29 4184
37 4145
33 4177
37 4214
35 4208
30 4203
46 4157
38 4141
0 1
38 4155
31 4173
50 4227
48 4207
30 4058
49 4162
34 4171
36 4179
33 4139
38 4100
31 4190
34 4119
35 4161
35 4166
0 1
35 4179
42 4139
36 4145
30 4108
33 4111
34 4191
32 4136
36 4177
32 4161
31 4122
34 4129
34 4145
35 4123
30 4153
34 4193
38 4166
33 4192
33 4141
0 1
34 4201
28 4136
34 4138
35 4180
39 4172
34 4144
40 4182
39 4132
36 4205
35 4169
31 4169
36 4164
0 1
47 4147
0 1
33 4086
31 4098
30 4125
32 4158
28 4187
37 4121
36 4210
36 4165
54 4150
0 1
0 1
34 4110
36 4210
46 4157
35 4190
33 4191
38 4165
42 4151
32 4140
42 4163
35 4154
32 4154
33 4191
42 4130
35 4172
37 4146
28 4136
28 4111
39 4176
38 4198
37 4152
36 4145
34 4137
38 4153
37 4189
34 4165
33 4160
31 4153
33 4152
36 4107
35 4161
35 4112
0 1
31 4130
35 4190
27 4137
39 4193
35 4224
31 4144
37 4189
36 4136
37 4150
33 4152
38 4178
33 4212
43 4207
35 4172
33 4136
38 4156
31 4144
36 4171
34 4182
33 4153
34 4161
37 4160
32 4187
30 4128
38 4240
109 4135
0 1
33 4149
0 1
31 4154
37 4200
0 1
34 4140
33 4171
38 4103
34 4130
36 4181
0 1
31 4133
33 4173
30 4180
31 4117
34 4207
0 1
31 4124
35 4149
35 4167
0 1
58 4126
36 4150
34 4172
0 1
37 4121
31 4130
33 4157
35 4186
30 4190
31 4198
41 4124
34 4127
36 4149
31 4176
49 4097
33 4137
30 4181
31 4102
33 4082
27 4121
35 4180
0 1
53 4147
37 4194
28 4123
29 4154
32 4125
33 4206
38 4145
36 4214
36 4141
33 4162
33 4115
29 4130
37 4134
35 4171
32 4173
32 4123
35 4146
35 4176
31 4173
38 4219
32 4119
38 4151
33 4165
30 4161
49 4143
44 4139
30 4230
34 4123
32 4175
33 4151
34 4153
33 4187
36 4164
33 4144
37 4184
41 4156
35 4211
14 2
21 5
34 4154
36 4164
29 4155
31 4168
31 4184
43 4197
37 4212
42 4218
37 4147
36 4156
31 4169
36 4131
32 4198
30 4199
38 4164
0 1
0 1
53 4171
31 4175
34 4114
54 4204
39 4138
31 4207
0 1
32 4158
32 4181
32 4167
29 4141
31 4143
37 4175
32 4134
32 4186
34 4129
45 4096
34 4117
53 4149
125 4134
59 4154
31 4173
34 4168
32 4154
35 4180
32 4124
40 4127
38 4130
38 4169
33 4095
30 4161
32 4140
33 4153
38 4204
35 4185
32 4186
33 4106
34 4151
37 4121
32 4170
35 4172
54 4190
35 4199
38 4175
35 4157
33 4154
35 4140
33 4188
31 4167
31 4154
52 4124
35 4187
31 4165
35 4148
32 4172
53 4173
32 4187
36 4152
32 4127
63 4193
0 1
0 1
32 4118
33 4168
0 1
0 1
34 4141
35 4165
41 4111
34 4148
36 4172
32 4156
33 4177
30 4141
31 4180
33 4171
29 4158
33 4218
28 4162
36 4211
36 4184
28 4217
36 4155
35 4139
33 4161
32 4128
35 4146
44 4187
57 4149
36 4246
38 4183
48 4170
30 4175
32 4192
70 4155
33 4197
31 4203
42 4165
43 4110
38 4109
47 4182
32 4214
35 4131
34 4166
0 1
0 1
32 4185
34 4165
37 4197
32 4143
40 4158
31 4167
46 4136
32 4105
31 4196
33 4150
33 4156
30 4172
36 4191
33 4167
47 4183
49 4145
43 4163
36 4181
50 4157
41 4132
76 4142
42 4154
30 4107
32 4133
0 1
33 4151
37 4143
38 4147
30 4150
35 4153
34 4152
77 4159
31 4144
40 4100
32 4157
32 4148
82 4197
45 4135
47 4156
0 1
40 4217
34 4204
39 4167
32 4120
0 1
48 4132
68 4176
39 4124
96 4159
75 4088
0 1
35 4134
35 4175
55 4187
35 4178
41 4229
37 4170
35 4139
33 4101
38 4128
0 1
41 4202
42 4122
38 4155
32 4148
74 4190
39 4117
42 4216
37 4148
28 4180
35 4120
34 4158
58 4169
34 4159
34 4078
33 4108
31 4107
33 4181
33 4103
37 4126
36 4154
35 4175
30 4131
42 4180
33 4171
33 4099
42 4138
30 4196
0 1
30 4129
33 4154
0 1
32 4111
33 4128
31 4167
36 4189
34 4133
38 4142
34 4141
32 4175
38 4170
32 4120
31 4156
31 4151
0 1
0 1
43 4170
55 4147
38 4139
32 4139
33 4128
38 4081
32 4143
39 4145
37 4135
31 4168
37 4147
31 4157
34 4127
44 4176
35 4248
34 4137
36 4117
32 4154
0 1
0 1
0 1
49 4146
0 1
40 4178
0 1
73 4161
47 4138
40 4116
31 4137
28 4169
40 4197
37 4118
32 4191
31 4171
35 4119
35 4190
37 4182
35 4151
31 4146
31 4193
35 4167
32 4160
37 4222
36 4189
37 4187
30 4163
32 4190
36 4187
33 4169
0 1
34 4177
74 4155
33 4148
29 4159
0 1
68 4163
34 4190
35 4138
30 4166
0 1
35 4171
46 4169
0 1
30 4163
48 4150
30 4147
0 1
36 4138
33 4165
38 4137
0 1
54 4097
51 4116
45 4121
33 4162
35 4154
30 4144
0 1
46 4159
0 1
59 4125
0 1
0 1
39 4115
36 4190
31 4159
32 4195
31 4168
35 4168
46 4222
0 1
33 4191
32 4104
33 4091
0 1
38 4111
34 4212
36 4146
33 4176
37 4193
32 4169
34 4085
32 4198
35 4179
35 4143
40 4152
0 1
0 1
34 4157
29 4168
34 4182
32 4158
35 4173
29 4176
31 4145
31 4123
30 4123
31 4158
35 4156
33 4180
35 4156
32 4204
29 4153
86 4165
32 4152
30 4147
45 4112
34 4152
36 4210
33 4188
31 4163
35 4148
36 4156
38 4164
34 4247
34 4145
31 4138
30 4176
33 4145
46 4138
31 4128
33 4095
34 4127
34 4153
0 1
32 4217
32 4151
47 4155
55 4139
29 4115
33 4102
32 4157
32 4126
33 4190
34 4191
30 4175
33 4153
31 4175
38 4098
32 4107
34 4128
37 4137
34 4112
34 4145
37 4160
33 4216
29 4188
40 4143
31 4176
35 4170
35 4146
36 4195
31 4084
35 4172
34 4153
30 4134
35 4164
31 4174
34 4177
33 4140
37 4149
32 4202
0 1
0 1
42 4144
30 4131
0 1
36 4111
34 4149
38 4158
45 4166
41 4155
34 4197
32 4163
37 4179
40 4147
32 4116
0 1
39 4174
34 4199
31 4197
35 4148
37 4101
32 4138
0 1
31 4165
49 4183
31 4161
0 1
33 4172
37 4135
35 4141
35 4161
0 1
0 1
33 4175
33 4187
37 4193
39 4226
35 4174
30 4155
31 4153
36 4150
35 4176
47 4171
38 4156
31 4168
34 4212
39 4125
37 4188
32 4152
0 1
35 4172
36 4124
41 4200
34 4169
33 4172
36 4214
0 1
66 4189
11 2
48 4147
50 4166
31 4126
0 1
37 4151
34 4169
86 4116
34 4110
35 4150
33 4141
35 4181
34 4109
29 4124
36 4195
30 4092
92 4166
34 4151
37 4131
36 4156
45 4162
0 1
0 1
47 4173
29 4159
38 4138
37 4215
0 1
40 4173
38 4185
36 4193
50 4174
0 1
34 4134
46 4112
34 4204
33 4160
0 1
0 1
31 4155
31 4150
36 4163
0 1
0 1
40 4125
31 4124
34 4128
34 4200
17 2
8 2
59 4213
40 4144
59 4123
41 4169
0 1
49 4175
50 4133
30 4160
50 4143
30 4158
35 4149
32 4144
41 4165
47 4176
34 4126
33 4149
44 4172
37 4191
32 4118
36 4205
39 4134
57 4126
40 4129
38 4073
39 4154
32 4110
0 1
33 4178
37 4204
36 4143
35 4136
59 4147
36 4145
33 4179
0 1
0 1
41 4143
36 4138
47 4157
34 4161
40 4107
32 4201
34 4139
34 4183
32 4132
36 4166
62 4185
37 4147
37 4204
43 4172
35 4191
28 4102
31 4118
0 1
56 4186
42 4149
34 4120
36 4185
33 4184
36 4129
42 4190
32 4140
33 4146
31 4147
50 4162
41 4156
30 4176
31 4164
33 4150
33 4186
32 4171
35 4147
38 4151
32 4135
36 4133
36 4161
37 4161
33 4134
0 1
34 4144
35 4182
36 4146
43 4190
35 4153
38 4088
72 4129
37 4155
37 4138
42 4178
0 1
38 4155
42 4165
0 1
47 4092
34 4158
33 4141
35 4118
57 4149
40 4142
36 4135
35 4124
45 4132
33 4178
49 4210
0 1
44 4140
43 4142
0 1
34 4138
40 4168
43 4158
35 4194
34 4195
0 1
35 4203
44 4137
27 4153
38 4164
34 4172
32 4201
34 4120
62 4192
34 4172
41 4094
44 4126
39 4166
0 1
36 4146
34 4218
38 4120
34 4109
35 4146
36 4188
0 1
34 4171
34 4151
37 4108
34 4170
64 4189
0 1
33 4183
32 4150
33 4117
36 4160
74 4180
0 1
0 1
29 4162
33 4126
31 4141
32 4169
32 4172
28 4142
0 1
38 4154
40 4170
43 4128
67 4140
0 1
0 1
42 4178
33 4202
37 4182
28 4172
40 4130
0 1
33 4206
33 4047
32 4193
33 4191
36 4096
42 4146
42 4098
38 4189
37 4108
33 4155
31 4175
57 4153
34 4228
35 4100
0 1
32 4144
32 4164
36 4157
33 4113
30 4158
28 4170
39 4191
33 4151
36 4133
40 4151
30 4189
59 4141
35 4123
34 4164
0 1
34 4144
39 4173
39 4252
65 4142
36 4138
45 4123
15 2
34 4198
0 1
39 4193
30 4140
37 4168
39 4183
36 4165
0 1
0 1
36 4051
34 4116
35 4133
37 4154
50 4141
34 4146
39 4231
33 4176
31 4135
43 4163
34 4162
34 4158
34 4102
38 4167
35 4200
31 4178
32 4149
31 4154
39 4166
37 4169
35 4120
0 1
31 4141
32 4105
0 1
41 4146
36 4173
46 4177
0 1
0 1
28 4091
0 1
38 4149
71 4102
0 1
33 4180
36 4121
31 4202
37 4162
33 4143
66 4113
0 1
0 1
37 4129
0 1
0 1
52 4186
34 4134
37 4148
31 4134
0 1
0 1
0 1
32 4186
37 4197
35 4125
42 4149
35 4102
33 4161
39 4209
34 4165
33 4159
0 1
38 4182
35 4152
40 4151
32 4126
32 4204
31 4141
74 4145
0 1
36 4159
29 4192
42 4122
36 4176
39 4170
30 4132
35 4161
57 4166
33 4166
36 4165
40 4216
31 4195
30 4201
54 4175
39 4134
33 4193
33 4161
44 4186
0 1
40 4182
62 4131
40 4189
36 4190
0 1
35 4120
46 4130
32 4168
36 4139
36 4193
37 4223
0 1
44 4138
34 4174
31 4102
31 4141
34 4175
30 4136
38 4089
38 4175
52 4162
44 4127
35 4155
0 1
34 4176
41 4134
31 4146
33 4194
0 1
33 4080
37 4118
40 4167
42 4131
36 4155
34 4164
31 4139
34 4153
32 4142
35 4208
31 4161
37 4169
43 4140
38 4140
34 4205
41 4243
58 4194
0 1
0 1
0 1
54 4176
31 4133
38 4186
29 4161
39 4170
48 4102
36 4141
33 4171
33 4183
29 4127
33 4155
42 4180
35 4235
31 4096
31 4164
30 4120
34 4158
56 4159
41 4139
33 4194
38 4183
34 4235
37 4163
35 4123
29 4134
0 1
38 4154
38 4176
0 1
40 4173
35 4164
38 4200
43 4160
49 4161
43 4205
0 1
32 4155
35 4185
41 4159
34 4153
49 4168
38 4148
32 4171
30 4110
27 4156
33 4181
37 4086
34 4162
39 4194
36 4176
37 4205
27 4128
35 4178
55 4169
29 4134
30 4117
66 4152
30 4084
30 4184
37 4134
35 4192
40 4176
0 1
6 2
37 2
30 4167
60 4139
32 4109
42 4187
34 4116
57 4146
0 1
0 1
0 1
0 1
44 4175
0 1
0 1
0 1
0 1
0 1
30 4188
58 4123
32 4108
50 4187
35 4203
33 4146
0 1
0 1
36 4152
41 4198
39 4145
54 4137
31 4159
37 4196
0 1
33 4115
34 4179
33 4218
53 4191
0 1
40 4199
39 4161
34 4164
34 4145
38 4185
41 4153
34 4156
73 4159
29 4128
35 4150
40 4135
36 4179
32 4141
35 4167
33 4142
48 4170
39 4125
52 4094
0 1
39 4129
35 4150
31 4180
36 4163
50 4143
58 4170
46 4130
34 4151
40 4131
30 4128
35 4171
56 4168
45 4130
51 4164
48 4172
0 1
37 4203
35 4162
33 4083
32 4166
36 4126
31 4174
30 4194
32 4169
36 4174
34 4200
30 4122
31 4172
32 4149
37 4148
34 4186
70 4186
36 4117
37 4172
42 4174
0 1
34 4118
37 4215
0 1
41 4156
38 4163
48 4142
43 4148
0 1
32 4129
37 4151
33 4129
34 4173
33 4142
40 4159
66 4171
91 4209
33 4143
30 4121
37 4187
30 4174
0 1
58 4156
0 1
33 4172
34 4173
35 4136
0 1
43 4094
36 4194
44 4165
46 4212
32 4187
32 4138
32 4161
38 4143
33 4137
38 4145
53 4164
33 4156
30 4159
34 4180
38 4223
0 1
0 1
35 4210
30 4115
32 4130
29 4127
32 4140
34 4129
34 4179
31 4157
32 4213
40 4116
38 4172
33 4161
35 4116
40 4141
47 4163
33 4197
37 4176
44 4155
0 1
0 1
0 1
0 1
0 1
33 4075
36 4201
36 4185
31 4157
34 4152
46 4149
30 4206
0 1
33 4216
31 4166
37 4178
34 4174
0 1
35 4213
38 4152
41 4138
37 4163
40 4165
49 4199
0 1
29 4149
0 1
36 4167
33 4150
36 4152
55 4171
41 4133
42 4147
41 4164
34 4202
47 4164
42 4119
35 4116
42 4164
41 4177
32 4136
35 4128
36 4155
33 4176
36 4068
39 4202
33 4177
34 4187
47 4185
59 4189
36 4165
35 4102
35 4136
37 4171
35 4136
43 4140
49 4183
33 4105
39 4135
52 4190
38 4142
30 4156
0 1
38 4208
113 2
34 4154
0 1
0 1
33 4157
0 1
0 1
48 4145
31 4132
36 4189
32 4176
34 4175
38 4105
36 4137
0 1
33 4183
0 1
33 4144
36 4146
45 4223
19 2
62 4097
0 1
0 1
3 2
3 2
43 4242
57 4143
18 2
32 4144
32 4152
34 4183
44 4206
40 4136
33 4121
0 1
39 4139
43 4161
0 1
34 4180
0 1
38 4109
0 1
38 4135
37 4151
31 4212
37 4221
31 4147
0 1
34 4129
34 4205
39 4226
35 4168
0 1
0 1
76 2
35 4154
42 4151
32 4168
34 4173
0 1
0 1
31 4141
49 4114
37 4120
31 4210
38 4132
37 4168
32 4161
32 4102
34 4217
38 4156
34 4175
0 1
0 1
34 4192
32 4145
32 4181
42 4186
34 4131
39 4172
31 4182
29 4125
34 4146
36 4143
43 4201
57 4124
36 4091
44 4142
39 4186
50 4194
0 1
33 4176
40 4116
0 1
38 4138
35 4160
34 4153
31 4191
35 4192
63 4064
34 4169
35 4176
32 4179
34 4152
35 4189
38 4179
31 4158
28 4143
42 4153
31 4151
0 1
37 4168
26 4151
66 4115
0 1
30 4150
48 4164
31 4154
0 1
34 4191
32 4136
0 1
0 1
0 1
71 4231
0 1
36 4214
37 4174
37 4144
40 4157
0 1
34 4141
33 4198
39 4158
84 4190
0 1
0 1
0 1
0 1
9 3
7 3
21 3
34 4152
0 1
35 4175
0 1
0 1
3 2
30 4195
41 4104
36 4140
35 4178
32 4148
30 4201
57 4177
38 4156
34 4169
27 4147
31 4110
0 1
34 4157
30 4228
41 4189
0 1
34 4112
43 4161
32 4158
34 4186
32 4103
36 4172
39 4131
34 4207
34 4183
0 1
35 4189
0 1
36 4165
33 4144
40 4139
0 1
64 4130
38 4209
40 4133
50 4145
32 4220
36 4127
62 4100
38 4201
36 4195
34 4179
48 4154
30 4133
34 4182
0 1
0 1
34 4170
35 4184
34 4150
0 1
32 4117
0 1
34 4160
32 4157
31 4148
35 4189
38 4188
36 4136
33 4165
40 4205
36 4199
37 4181
68 4168
33 4144
37 4157
42 4229
35 4186
34 4175
0 1
31 4154
34 4126
34 4162
44 4158
38 4090
33 4172
0 1
29 4188
46 4182
36 4164
38 4149
30 4149
32 4110
37 4165
0 1
43 4203
33 4174
39 4119
32 4167
34 4149
0 1
50 4208
0 1
58 4136
0 1
0 1
43 4243
35 4152
38 4145
38 4126
35 4219
0 1
34 4125
52 4170
0 1
34 4129
35 4178
32 4102
42 4177
0 1
0 1
36 4165
32 4189
35 4164
36 4183
33 4135
41 4141
0 1
34 4147
32 4154
42 4224
55 4187
34 4177
34 4154
35 4174
0 1
0 1
36 4152
30 4165
54 4233
0 1
0 1
0 1
0 1
31 4197
31 4136
53 4174
0 1
40 4119
37 4144
31 4145
36 4142
0 1
36 4169
33 4149
30 4167
0 1
34 4177
41 4119
0 1
36 4136
108 4177
43 4169
44 4158
33 4146
40 4184
41 4174
42 4167
55 4211
38 4148
63 4160
0 1
44 4158
83 4147
0 1
65 4173
36 4158
31 4150
32 4229
32 4191
0 1
39 4157
0 1
39 4211
39 4197
0 1
0 1
0 1
34 4117
53 4167
33 4185
34 4137
0 1
45 4166
0 1
0 1
31 4192
34 4099
36 4141
0 1
0 1
36 4165
0 1
36 4160
0 1
0 1
43 4212
0 1
41 4165
37 4182
0 1
32 4164
0 1
30 4129
14 2
2 2
0 1
38 4126
37 4147
30 4177
38 4134
36 4176
38 4205
35 4088
40 4189
30 4155
33 4186
33 4183
0 1
43 4184
31 4131
33 4189
58 4164
75 4173
40 4213
31 4128
32 4194
32 4154
34 4195
32 4109
36 4174
36 4133
34 4170
34 4161
35 4195
38 4182
38 4203
33 4145
32 4106
31 4122
33 4161
55 4158
32 4127
44 4155
31 4179
42 4145
50 4190
32 4157
37 4172
46 4147
31 4201
35 4203
60 4200
38 4182
40 4166
32 4147
30 4177
36 4179
36 4171
51 4204
31 4208
39 4193
39 4129
37 4136
33 4165
39 4154
0 1
42 4100
55 4195
30 4200
30 4130
31 4173
33 4137
33 4157
0 1
33 4141
32 4187
40 4131
34 4170
36 4152
32 4109
42 4171
30 4183
51 4147
59 4166
42 4201
80 4193
38 4190
0 1
54 4175
0 1
0 1
40 4160
32 4180
37 4120
34 4231
29 4143
36 4094
33 4215
41 4154
37 4146
36 4104
36 4143
0 1
0 1
32 4079
33 4144
31 4207
33 4108
33 4143
0 1
35 4193
34 4136
33 4138
30 4178
31 4155
32 4177
48 4173
37 4175
40 4144
42 4204
31 4140
33 4172
0 1
0 1
0 1
35 4161
0 1
44 4173
71 4132
0 1
30 4156
31 4199
0 1
32 4142
0 1
42 4171
0 1
35 4153
35 4126
30 4090
31 4134
31 4128
1 2
16 2
48 4180
0 1
0 1
34 4177
39 4140
33 4161
40 4194
43 4145
0 1
0 1
31 4161
35 4194
44 4153
0 1
0 1
0 1
59 4152
44 4213
0 1
0 1
35 4163
0 1
0 1
34 4167
35 4118
0 1
0 1
33 4194
42 4144
36 4161
35 4161
32 4152
34 4163
46 4213
35 4204
51 4089
0 1
0 1
0 1
35 4190
0 1
35 4165
43 4170
40 4155
40 4146
32 4151
32 4175
32 4199
43 4113
0 1
33 4132
32 4208
29 4109
0 1
0 1
38 4161
0 1
0 1
36 4174
48 4160
34 4148
0 1
38 4149
0 1
54 4166
106 4164
0 1
32 4192
0 1
62 4158
0 1
29 4159
45 4160
35 4170
0 1
0 1
35 4168
37 4153
32 4105
35 4123
0 1
0 1
40 4180
38 4150
37 4162
36 4172
35 4167
33 4113
37 4180
0 1
46 4160
0 1
38 4121
44 4151
47 4149
35 4138
38 4262
29 4186
34 4134
42 4144
38 4222
34 4165
32 4165
44 4111
41 4189
0 1
38 4180
48 4149
67 4170
74 4128
34 4099
33 4170
0 1
51 4165
50 4170
41 4130
32 4153
41 4160
41 4141
75 4188
46 4155
32 4146
0 1
38 4165
0 1
32 4166
29 4209
83 4170
0 1
32 4206
37 4192
31 4130
0 1
31 4155
0 1
35 4129
0 1
33 4162
35 4172
55 4185
40 4172
36 4177
0 1
61 4184
52 4180
33 4200
30 4136
33 4199
0 1
30 4130
39 4143
0 1
46 4241
38 4157
36 4195
34 4158
34 4190
41 4181
33 4158
51 4139
0 1
36 4122
36 4175
42 4174
34 4168
34 4164
32 4161
0 1
0 1
0 1
0 1
32 4112
42 4151
0 1
39 4157
37 4191
29 4165
36 4145
66 4156
0 1
44 4195
0 1
0 1
0 1
0 1
40 4155
47 4155
24 2
53 4176
41 4183
45 4239
43 4160
36 4202
31 4143
37 4161
0 1
0 1
0 1
0 1
61 4194
0 1
43 4213
36 4136
32 4142
62 4154
0 1
41 4125
0 1
31 4140
31 4113
34 4186
28 4139
46 4117
0 1
64 4175
36 4144
33 4151
37 4196
30 4158
32 4197
0 1
0 1
51 4182
44 4143
0 1
33 4189
41 4160
35 4150
35 4194
33 4171
61 4129
0 1
0 1
0 1
55 4209
31 4152
61 4188
0 1
0 1
71 4082
34 4146
37 4147
0 1
42 4149
33 4144
33 4191
0 1
40 4180
34 4163
86 4155
76 4211
0 1
49 4170
39 4209
0 1
36 4178
34 4144
0 1
30 4130
0 1
49 4143
35 4110
35 4138
0 1
48 4182
47 4139
0 1
38 4183
36 4204
0 1
38 4183
0 1
32 4145
34 4148
0 1
71 4209
33 4156
47 4139
36 4155
43 4170
37 4127
28 4194
39 4048
44 4161
40 4128
44 4151
0 1
37 4101
30 4125
32 4152
41 4166
36 4147
0 1
38 4178
39 4151
36 4153
0 1
0 1
30 4094
0 1
34 4160
88 4103
72 4156
0 1
0 1
0 1
50 4154
79 4178
56 4167
0 1
43 4152
0 1
35 4137
45 4230
24 2
4 2
0 1
35 4090
0 1
53 4151
0 1
46 4151
0 1
40 4163
34 4148
50 4153
72 4168
79 4148
32 4144
40 4172
0 1
38 4155
0 1
0 1
0 1
50 4158
35 4133
36 4177
39 4202
53 4121
0 1
34 4122
30 4160
0 1
0 1
0 1
0 1
36 4173
35 4176
32 4158
38 4129
28 4154
37 4121
33 4129
0 1
39 4178
0 1
36 4148
36 4153
0 1
0 1
0 1
34 4109
0 1
0 1
0 1
36 4195
0 1
0 1
37 4153
32 4153
36 4169
69 4109
35 4171
34 4160
0 1
0 1
35 4136
34 4182
0 1
33 4128
50 4153
38 4179
0 1
39 4155
0 1
0 1
0 1
19 2
4 2
36 4162
36 4186
32 4176
35 4147
34 4144
63 4172
38 4155
41 4178
95 4143
31 4200
35 4193
39 4148
32 4141
52 4110
33 4119
30 4150
34 4134
70 4134
36 4171
40 4200
34 4226
32 4127
55 4170
42 4120
30 4145
45 4105
31 4162
53 4168
34 4182
35 4135
36 4151
51 4147
45 4150
38 4153
30 4175
0 1
39 4171
44 4193
29 4177
45 4202
36 4170
69 4184
37 4127
50 4153
0 1
41 4074
68 4145
27 4077
45 4169
38 4208
36 4153
0 1
0 1
0 1
65 4175
0 1
0 1
35 4252
32 4139
66 4143
35 4133
39 4189
0 1
0 1
62 4178
33 4156
36 4169
38 4184
40 4121
0 1
0 1
0 1
0 1
0 1
0 1
0 1
38 4186
48 4131
32 4151
48 4108
53 4185
31 4158
30 4152
0 1
69 4115
0 1
32 4061
0 1
0 1
0 1
0 1
35 4136
44 4151
0 1
0 1
0 1
0 1
51 4147
37 4154
34 4161
30 4142
37 4133
39 4125
0 1
35 4141
42 4198
31 4227
0 1
36 4167
0 1
0 1
40 4131
56 4187
0 1
45 4145
32 4160
42 4142
34 4169
44 4187
37 4120
37 4219
31 4147
41 4165
69 4161
51 4136
36 4224
33 4147
36 4178
127 4182
51 4207
50 4102
29 4144
0 1
39 4125
79 4175
0 1
0 1
91 4092
66 4169
52 4160
60 4167
0 1
49 4131
39 4150
0 1
0 1
0 1
34 4188
38 4177
42 4107
0 1
0 1
0 1
43 4169
0 1
0 1
67 4184
0 1
50 4156
46 4158
43 4184
35 4209
31 4178
38 4150
54 4204
35 4133
0 1
33 4160
0 1
35 4200
39 4117
37 4156
39 4185
31 4160
62 4191
0 1
71 4215
42 4108
33 4200
35 4193
0 1
40 4130
0 1
30 4186
53 4196
0 1
0 1
30 4153
51 4202
47 4147
35 4176
0 1
38 4177
48 4181
31 4149
36 4171
30 4149
32 4115
49 4202
44 4149
0 1
32 4037
36 4152
38 4182
61 4212
0 1
68 4146
35 4161
45 4176
35 4171
46 4160
51 4179
33 4119
31 4102
0 1
36 4201
33 4118
33 4142
43 4133
62 4125
36 4144
35 4194
53 4130
0 1
0 1
37 4192
33 4125
35 4153
32 4144
53 4132
52 4207
56 4171
0 1
16 2
9 2
31 4136
41 4177
50 4204
39 4166
0 1
0 1
40 4132
30 4139
34 4124
34 4146
35 4162
29 4160
42 4176
47 4174
49 4197
0 1
43 4128
33 4166
38 4177
38 4141
34 4175
65 4160
0 1
0 1
31 4171
48 4098
37 4109
33 4204
33 4128
37 4171
50 4111
31 4137
0 1
59 4162
42 4142
0 1
35 4203
42 4138
50 4124
31 4147
38 4159
64 4143
49 4150
41 4158
34 4138
35 4143
29 4185
0 1
0 1
0 1
37 4114
0 1
36 4160
0 1
46 4146
40 4130
52 4123
35 4177
0 1
40 4124
0 1
32 4159
38 4202
36 4137
0 1
37 4156
43 4163
39 4120
35 4117
41 4192
51 4183
71 4187
44 4097
0 1
73 4131
42 4113
35 4191
46 4189
49 4111
35 4162
38 4171
32 4185
34 4175
36 4160
53 4170
112 4197
37 4177
47 4168
32 4134
0 1
0 1
38 4203
42 4188
38 4132
0 1
56 4166
35 4171
35 4123
67 4182
32 4169
32 4155
0 1
0 1
0 1
48 4181
0 1
38 4140
0 1
62 4176
34 4181
39 4147
37 4157
34 4142
0 1
33 4207
29 4174
33 4135
0 1
39 4151
43 4154
0 1
33 4102
49 4127
78 4156
55 4158
41 4205
87 4140
44 4117
0 1
0 1
0 1
45 4209
33 4173
59 4139
41 4191
0 1
0 1
42 4173
38 4167
30 4136
0 1
111 4140
35 4158
35 4102
40 4165
0 1
49 4140
36 4151
0 1
31 4179
54 4116
35 4148
34 4163
0 1
0 1
49 4200
34 4183
35 4141
53 4156
49 4237
0 1
0 1
49 4174
37 4090
37 4146
0 1
38 4147
36 4157
48 4167
62 4144
0 1
0 1
0 1
47 4152
0 1
45 4152
42 4133
0 1
0 1
33 4163
38 4239
0 1
31 4141
34 4154
0 1
0 1
0 1
46 4169
34 4172
29 4124
36 4197
0 1
0 1
63 4157
48 4137
35 4112
38 4141
33 4166
0 1
0 1
0 1
0 1
0 1
34 4193
27 4157
36 4177
55 4196
53 4103
30 4186
60 4152
37 4121
55 4195
45 4115
38 4177
31 4154
0 1
37 4195
0 1
38 4113
0 1
44 4184
42 4133
0 1
0 1
31 4164
33 4134
36 4174
35 4224
0 1
51 4207
0 1
0 1
40 4134
110 4177
34 4164
0 1
0 1
0 1
55 4126
0 1
39 4141
0 1
0 1
30 4168
32 4127
39 4185
59 4199
35 4113
0 1
32 4181
36 4179
58 4147
65 4194
47 4191
0 1
43 4126
37 4138
37 4186
34 4168
51 4181
49 4135
39 4170
40 4163
0 1
0 1
36 4168
38 4166
33 4217
40 4157
44 4178
34 4163
31 4161
0 1
35 4189
34 4216
32 4174
46 4191
0 1
0 1
0 1
53 4200
38 4169
36 4179
0 1
40 4210
32 4137
36 4137
32 4157
41 4148
29 4146
0 1
34 4164
50 4161
35 4167
49 4167
40 4163
45 4183
0 1
0 1
0 1
34 4148
0 1
0 1
42 4154
35 4177
36 4115
0 1
0 1
51 4133
36 4158
50 4201
0 1
0 1
0 1
0 1
0 1
42 4183
33 4131
0 1
36 4126
58 4177
0 1
58 4156
52 4098
0 1
35 4182
64 4167
0 1
0 1
33 4206
0 1
35 4179
34 4194
31 4195
0 1
47 4178
0 1
0 1
0 1
0 1
53 4160
36 4168
0 1
0 1
0 1
57 4152
0 1
39 4158
38 4155
0 1
0 1
57 4108
34 4156
41 4226
45 4205
42 4151
0 1
49 4162
40 4187
38 4163
39 4126
0 1
0 1
0 1
59 4166
36 4186
79 4123
37 4169
37 4108
37 4191
42 4152
38 4170
30 4158
30 4209
33 4161
35 4162
36 4106
36 4155
36 4151
39 4187
36 4203
48 4180
0 1
34 4171
37 4184
0 1
0 1
43 4155
41 4170
32 4197
33 4122
0 1
0 1
0 1
40 4171
32 4199
0 1
0 1
0 1
0 1
31 4119
38 4098
0 1
37 4159
49 4131
38 4106
114 4172
42 4173
34 4191
40 4184
0 1
0 1
0 1
0 1
41 4169
0 1
0 1
0 1
56 4101
34 4158
35 4148
0 1
64 4159
0 1
0 1
37 4141
32 4138
49 4182
0 1
0 1
0 1
0 1
29 2
15 2
33 4161
6 2
56 4204
47 4200
0 1
33 4111
85 4231
32 4172
31 4087
33 4186
33 4126
0 1
4 2
16 2
45 4143
34 4194
0 1
0 1
35 4165
40 4173
33 4160
0 1
41 4180
43 4199
43 4181
34 4162
37 4168
46 4088
38 4164
53 4134
71 4141
43 4182
40 4145
32 4143
31 4165
46 4200
51 4126
38 4172
40 4226
46 4173
0 1
59 4170
39 4220
45 4126
44 4170
86 4151
35 4178
50 4189
48 4106
40 4188
36 4200
0 1
43 4198
25 2
35 4113
42 4174
38 4162
0 1
0 1
32 4129
32 4139
0 1
32 4124
0 1
35 4156
0 1
34 4224
40 4194
40 4168
31 4160
35 4184
56 4189
76 4130
0 1
41 4164
35 4193
31 4111
32 4139
55 4126
61 4143
30 4134
31 4158
35 4090
48 4181
91 4164
0 1
0 1
36 4174
0 1
48 4169
37 4139
33 4075
63 4137
40 4145
0 1
0 1
33 4195
59 4136
39 4167
53 4190
33 4173
34 4197
34 4190
0 1
0 1
39 4163
0 1
60 4194
81 4174
32 4165
55 2
134 2
34 4169
147 4128
0 1
45 4164
0 1
35 4161
33 4183
34 4190
0 1
30 4159
48 4150
36 4182
31 4149
0 1
33 4167
35 4167
43 4052
0 1
35 4162
46 4167
0 1
0 1
0 1
0 1
0 1
0 1
66 4171
31 4162
38 4120
38 4188
35 4131
35 4150
35 4162
47 4143
0 1
36 4169
34 4150
0 1
30 4111
38 4157
0 1
34 4152
37 4150
39 4173
43 4168
0 1
0 1
0 1
0 1
34 4144
0 1
30 4130
40 4160
47 4158
31 4144
36 4160
42 4142
45 4196
31 4179
34 4142
48 4190
35 4158
36 4177
51 4191
37 4134
0 1
33 4126
41 4080
50 4150
38 4173
34 4215
0 1
0 1
41 4144
0 1
0 1
0 1
0 1
57 4174
49 4132
42 4183
46 4156
42 4145
61 4131
43 4140
0 1
41 4121
45 4186
46 4227
47 4165
36 4196
48 4150
0 1
0 1
41 4152
52 4136
0 1
52 4102
32 4165
40 4132
67 4134
0 1
40 4145
0 1
10 2
0 1
0 1
5 2
18 2
0 1
36 4178
0 1
0 1
0 1
35 4150
35 4204
30 4102
58 4124
65 4154
33 4138
0 1
0 1
0 1
43 4162
48 4196
54 4135
55 4154
31 4174
0 1
65 4178
0 1
59 4151
47 4170
0 1
34 4154
0 1
0 1
0 1
38 4128
0 1
0 1
0 1
52 4172
0 1
0 1
31 4146
35 4120
40 4126
0 1
0 1
42 4169
0 1
0 1
42 4173
45 4199
0 1
87 4194
35 4126
0 1
50 4148
36 4147
35 4156
0 1
62 4129
52 4162
36 4185
31 4160
0 1
53 4159
98 4180
19 2
0 1
0 1
0 1
0 1
49 4154
36 4195
31 4189
51 4104
112 4131
42 4164
0 1
0 1
31 4143
40 4175
36 4181
50 4182
32 4133
0 1
0 1
32 4115
36 4188
99 4188
33 4211
37 4113
42 4159
29 4139
48 4174
52 4178
46 4149
32 4185
37 4186
37 4131
37 4138
34 4222
32 4163
41 4192
35 4087
30 4109
0 1
40 4144
35 4122
84 4133
34 4185
37 4154
47 4116
30 4159
41 4153
46 4179
45 4158
57 4083
38 4167
46 4152
39 4177
0 1
82 4100
76 4160
42 4159
65 4100
33 4133
45 4160
37 4175
37 4167
66 4173
35 4136
31 4171
45 4177
33 4169
0 1
31 4124
36 4135
31 4163
36 4143
101 4152
0 1
62 4196
7 2
40 2
0 1
36 4109
44 4178
0 1
43 4178
59 4161
43 4147
36 4163
31 4146
36 4186
49 4144
46 4132
0 1
38 4178
39 4160
0 1
53 4162
39 4164
37 4214
0 1
36 4095
44 4190
0 1
41 4143
35 4181
38 4224
36 4141
0 1
0 1
87 4174
57 4160
47 4154
38 4195
54 4156
37 4188
36 4141
35 4121
44 4113
42 4183
0 1
35 4140
34 4168
0 1
49 4146
40 4132
0 1
37 4156
33 4164
43 4190
33 4158
33 4173
0 1
37 4151
43 4149
75 4164
32 4169
0 1
49 4122
0 1
0 1
0 1
37 4180
59 4159
0 1
41 4155
0 1
49 4176
9 2
13 2
33 4143
0 1
0 1
32 4176
37 4137
39 4160
37 4118
34 4144
36 4160
34 4210
39 4166
33 4144
29 4187
45 4156
39 4155
36 4179
100 4114
66 4143
50 4071
36 4157
36 4196
46 4190
47 4183
36 4212
47 4187
126 4170
0 1
36 4176
34 4144
39 4128
31 4207
39 4200
37 4105
70 4136
66 4143
33 4154
55 4171
69 4163
42 4151
0 1
35 4131
33 4206
0 1
70 4134
37 4177
38 4180
32 4135
54 4145
42 4205
36 4192
0 1
119 4122
35 4144
0 1
34 4141
32 4161
0 1
37 4148
35 4150
68 4179
41 4182
36 4122
39 4162
38 4201
61 4172
0 1
0 1
34 4175
0 1
0 1
34 4168
34 4129
0 1
0 1
36 4143
32 4171
0 1
26 2
12 2
0 1
0 1
33 4226
34 4107
34 4167
39 4181
33 4157
45 4196
62 2
0 1
0 1
32 4100
70 4203
34 4159
34 4141
0 1
52 4119
0 1
0 1
38 4158
37 4155
0 1
0 1
0 1
0 1
35 4181
0 1
51 4150
45 4122
32 4131
0 1
36 4159
88 4181
38 4198
2 2
25 2
0 1
55 4187
0 1
34 4167
0 1
0 1
0 1
52 4142
0 1
88 4179
37 4120
75 4145
34 4193
0 1
0 1
35 2
33 2
0 1
30 4188
0 1
43 4138
0 1
42 4120
0 1
0 1
33 4184
0 1
0 1
0 1
31 4171
37 4125
0 1
0 1
0 1
0 1
0 1
44 4117
0 1
0 1
24 2
4 2
0 1
0 1
38 4122
30 4142
0 1
48 4155
0 1
45 4184
38 4147
0 1
37 4146
0 1
38 4219
0 1
33 4111
0 1
0 1
0 1
62 4182
0 1
0 1
0 1
38 4194
0 1
0 1
0 1
58 4194
40 4145
54 4183
0 1
35 4166
0 1
0 1
0 1
0 1
0 1
39 4164
0 1
57 4165
37 4166
0 1
0 1
0 1
48 4161
52 4165
0 1
0 1
39 4163
61 4149
32 4155
0 1
0 1
48 4121
0 1
0 1
0 1
0 1
0 1
43 4181
55 4151
40 4149
0 1
0 1
41 4144
35 4198
31 4163
0 1
0 1
0 1
20 2
37 4190
35 2
16 2
66 4123
0 1
50 4169
0 1
43 4157
42 4155
0 1
0 1
71 4190
42 4155
81 4174
80 4173
0 1
50 4153
0 1
36 4191
0 1
39 4167
73 4120
36 4149
0 1
35 4144
45 4108
0 1
0 1
31 4164
46 4157
33 4131
61 4144
0 1
39 4096
0 1
0 1
0 1
37 4142
36 4195
46 4157
38 4171
0 1
46 4136
58 4183
49 4153
43 4168
43 4170
36 4135
0 1
0 1
46 4195
0 1
0 1
0 1
0 1
33 4197
0 1
58 4135
94 4113
68 4168
42 4190
40 4195
56 4140
50 4196
64 4134
0 1
33 4172
30 4170
37 4170
0 1
0 1
0 1
34 4171
38 4145
0 1
52 4185
52 4139
0 1
42 4170
49 4114
50 4198
0 1
59 4130
0 1
0 1
0 1
86 4143
41 4139
0 1
38 4171
35 4144
75 4176
56 4145
52 4202
36 4142
0 1
0 1
36 4139
59 4132
39 4223
51 4157
31 4209
0 1
25 2
4 2
44 4203
0 1
0 1
0 1
44 4171
0 1
0 1
40 4142
72 2
0 1
0 1
0 1
0 1
39 4218
37 4169
41 4123
37 4144
64 4195
33 4154
0 1
0 1
0 1
0 1
32 4155
46 4151
63 4178
34 4144
0 1
0 1
34 4159
41 4168
51 4202
0 1
0 1
44 4169
36 4174
0 1
0 1
44 4090
32 4109
41 4171
39 4131
55 4108
41 4178
62 4101
0 1
0 1
0 1
29 4167
0 1
0 1
39 4193
49 4151
49 4120
0 1
81 4181
3 2
33 4161
46 4166
0 1
30 4105
0 1
30 4152
0 1
0 1
0 1
0 1
39 4152
0 1
0 1
32 4095
42 4139
0 1
0 1
45 4139
56 4098
0 1
0 1
39 4150
55 4155
0 1
0 1
33 4165
0 1
40 4210
0 1
0 1
40 4131
36 4099
39 4175
0 1
0 1
49 4160
54 4147
95 4185
63 4210
0 1
36 4165
37 4188
37 2
0 1
55 4213
30 4196
50 4115
34 4188
35 4154
0 1
0 1
59 4150
62 4205
63 4178
76 4153
32 4143
37 4137
33 4156
34 4165
0 1
0 1
45 4157
37 4209
42 4152
0 1
40 4117
40 4176
0 1
0 1
61 4139
35 4143
34 4211
34 4181
0 1
0 1
0 1
7 2
3 2
37 4109
0 1
38 4153
0 1
39 4182
0 1
0 1
30 4161
38 4152
42 4130
0 1
37 4189
53 4118
0 1
0 1
42 4180
38 4173
0 1
58 4191
39 4158
33 4187
48 4135
32 4150
44 4184
34 4151
37 4198
69 4149
37 4173
33 4170
39 4129
48 4171
0 1
0 1
0 1
45 4117
38 4188
43 4098
53 4128
56 4120
28 2
13 2
0 1
0 1
33 4151
41 4137
35 4154
38 4124
0 1
36 4162
35 4192
0 1
2 2
0 1
0 1
0 1
0 1
50 4144
42 4177
39 4157
42 4171
94 4183
0 1
0 1
44 4174
0 1
0 1
0 1
116 4194
0 1
0 1
85 4157
0 1
53 4097
0 1
0 1
0 1
34 4176
0 1
43 4197
0 1
0 1
41 4154
0 1
0 1
36 4176
41 4109
34 4213
36 4118
0 1
36 4141
53 4211
0 1
6 2
21 2
115 4176
35 4210
0 1
51 4167
42 4226
47 4163
0 1
0 1
0 1
36 4145
0 1
30 4164
0 1
0 1
0 1
0 1
36 4172
0 1
0 1
0 1
40 4129
58 4203
44 4171
0 1
0 1
69 4201
36 4130
0 1
0 1
63 4165
41 4153
0 1
33 4151
0 1
50 4161
0 1
0 1
0 1
0 1
0 1
58 4209
38 4121
35 4191
53 4206
82 4184
34 4196
37 4148
38 4182
40 4108
67 4146
38 4186
36 4149
33 4126
31 4161
35 4190
60 4175
35 4172
72 4175
51 4181
36 4159
57 4131
48 4134
31 4174
40 4163
51 4140
98 4182
41 4141
57 4177
40 4206
42 4160
58 4158
45 4142
49 4195
41 4198
104 4125
37 4152
36 4130
34 4145
49 4148
0 1
50 4187
31 4214
48 4163
48 4150
58 4193
49 4182
37 4204
0 1
0 1
0 1
0 1
64 4170
0 1
39 4147
0 1
37 4169
0 1
36 4154
55 4176
51 4226
36 4140
39 4175
35 4182
0 1
49 4156
32 4155
0 1
31 4179
0 1
0 1
0 1
58 4169
0 1
49 4164
0 1
0 1
0 1
47 4158
33 4127
33 4215
0 1
0 1
43 4169
0 1
72 4123
0 1
37 4173
0 1
39 4179
51 4186
37 4142
37 4123
57 4155
0 1
0 1
46 4169
35 4187
0 1
0 1
0 1
40 4191
0 1
0 1
35 4222
36 4195
33 4183
0 1
0 1
30 4133
0 1
39 4095
0 1
38 4141
0 1
33 4186
45 4188
46 4142
0 1
0 1
41 4099
39 4166
31 4120
33 4166
41 4115
0 1
0 1
0 1
8 2
2 2
50 4162
52 4157
0 1
0 1
0 1
54 4185
41 4214
57 4180
36 4158
35 4188
68 4116
52 4156
0 1
33 4170
36 4126
40 4208
0 1
0 1
34 4221
0 1
0 1
0 1
0 1
0 1
0 1
0 1
39 4192
0 1
0 1
0 1
62 4108
6 2
0 1
0 1
0 1
56 4159
21 2
40 4163
0 1
36 4146
0 1
0 1
0 1
0 1
0 1
0 1
0 1
32 4171
45 4120
50 4157
0 1
45 4170
0 1
40 4197
35 4208
54 4155
39 4188
81 4180
0 1
0 1
47 4119
0 1
0 1
0 1
57 4189
0 1
0 1
0 1
0 1
0 1
0 1
0 1
36 4186
50 4097
42 4154
74 4130
50 4190
0 1
36 4103
28 4177
0 1
0 1
0 1
0 1
31 4178
0 1
0 1
43 4115
44 4113
35 4171
54 4167
35 4091
0 1
31 4166
0 1
0 1
31 4168
40 4121
0 1
0 1
0 1
0 1
34 4163
34 4233
0 1
0 1
100 4161
51 4148
0 1
45 4144
63 4167
0 1
0 1
0 1
37 4140
0 1
0 1
0 1
34 4135
34 4180
0 1
47 4161
0 1
0 1
86 4137
45 4180
0 1
38 4183
0 1
37 4146
79 4167
34 4180
0 1
31 4188
0 1
0 1
0 1
0 1
53 4179
0 1
43 4138
43 4184
35 4177
51 4168
0 1
49 4180
0 1
35 4175
34 4151
37 4129
0 1
57 4199
41 4160
33 4191
0 1
0 1
33 4199
41 4170
0 1
0 1
44 4186
0 1
0 1
35 4256
0 1
0 1
0 1
0 1
34 4165
35 4169
0 1
0 1
0 1
64 4200
70 4165
0 1
0 1
0 1
45 4200
47 4200
48 4168
0 1
0 1
0 1
0 1
0 1
0 1
46 4178
33 4165
39 4098
35 4178
0 1
36 4157
65 4239
38 4216
31 4202
68 4191
40 4123
34 4165
40 4181
0 1
0 1
29 4157
0 1
0 1
0 1
46 4144
0 1
40 4194
0 1
0 1
0 1
47 4104
27 4089
50 4108
30 4149
66 4173
0 1
0 1
63 4178
0 1
38 4181
0 1
35 4139
100 4130
42 4170
0 1
4 2
54 2
41 4179
0 1
70 4086
0 1
0 1
78 4187
40 4215
0 1
33 4115
39 4187
0 1
42 4186
44 4144
49 4178
70 4133
51 4187
0 1
0 1
0 1
34 4108
52 4185
43 4168
0 1
0 1
0 1
35 4117
0 1
0 1
0 1
0 1
58 4133
0 1
0 1
0 1
58 4133
44 4187
63 4200
0 1
0 1
0 1
42 4172
40 4149
45 4149
47 4223
0 1
54 4134
35 4223
0 1
75 4158
0 1
43 4137
60 4190
9 2
10 2
0 1
33 4155
0 1
0 1
0 1
46 4162
0 1
40 4159
48 4166
0 1
0 1
0 1
36 4180
0 1
0 1
0 1
0 1
0 1
0 1
0 1
0 1
0 1
77 4169
34 4167
0 1
51 2
42 4143
44 4207
0 1
34 4150
0 1
0 1
0 1
0 1
45 4169
0 1
0 1
0 1
0 1
0 1
0 1
0 1
0 1
64 4153
61 4149
0 1
0 1
0 1
0 1
41 4144
31 4162
38 4137
0 1
0 1
39 4138
43 4141
34 4193
0 1
0 1
34 4200
31 4131
46 4187
68 4172
0 1
0 1
38 4130
0 1
0 1
18 2
0 1
49 4153
0 1
55 4212
0 1
0 1
0 1
0 1
0 1
0 1
44 4133
0 1
0 1
38 4169
80 4155
0 1
40 4170
40 4114
0 1
34 4189
0 1
0 1
29 2
6 2
0 1
32 4138
0 1
30 4163
35 4194
29 4135
0 1
0 1
0 1
0 1
0 1
0 1
34 4120
0 1
0 1
45 4099
34 4128
47 4172
27 4098
31 4159
0 1
41 4136
37 4196
0 1
0 1
32 4182
0 1
41 4123
0 1
0 1
0 1
0 1
50 4187
0 1
32 4193
0 1
0 1
47 4148
37 4161
0 1
0 1
0 1
72 2
13 2
0 1
0 1
0 1
0 1
54 4140
72 4091
0 1
0 1
35 4099
53 4161
0 1
0 1
0 1
38 4172
50 4189
31 4161
34 4154
37 4131
38 4198
38 4164
68 2
5 2
33 4144
0 1
39 4123
0 1
0 1
0 1
44 4193
39 4156
0 1
0 1
34 4165
0 1
0 1
87 4213
31 4199
0 1
0 1
0 1
45 4144
30 4177
33 4124
0 1
0 1
0 1
40 4147
0 1
0 1
0 1
0 1
0 1
0 1
79 4140
0 1
0 1
0 1
38 4149
0 1
0 1
0 1
0 1
0 1
9 2
0 1
0 1
0 1
0 1
0 1
0 1
2 2
33 4140
33 4137
0 1
48 4148
37 4141
0 1
0 1
0 1
0 1
0 1
32 4180
0 1
68 4165
42 4167
0 1
36 4122
44 4164
0 1
0 1
0 1
32 4188
64 4100
0 1
38 4139
0 1
49 4205
0 1
32 4176
0 1
0 1
42 4146
0 1
0 1
0 1
0 1
0 1
42 4186
40 4160
0 1
82 4182
73 4138
41 4156
0 1
0 1
0 1
0 1
53 4151
0 1
0 1
0 1
0 1
0 1
0 1
0 1
51 4161
69 4147
35 4192
33 4150
31 4153
69 4157
43 4193
0 1
0 1
83 4170
38 4150
42 4236
42 4142
41 4129
90 4106
71 4187
33 4130
33 4171
56 4214
35 4202
0 1
0 1
0 1
0 1
36 4146
0 1
0 1
49 4159
41 4171
0 1
0 1
39 4221
0 1
0 1
43 4167
0 1
46 4147
0 1
30 2
0 1
39 4124
0 1
0 1
0 1
0 1
33 4149
45 4212
42 4122
0 1
0 1
0 1
29 4123
58 4153
62 2
12 2
35 4167
41 4238
53 4210
36 4208
0 1
0 1
0 1
43 4171
36 4148
0 1
0 1
60 4136
0 1
47 4192
79 4149
0 1
30 4155
0 1
0 1
0 1
0 1
0 1
0 1
0 1
22 2
20 2
0 1
0 1
59 4161
46 4199
0 1
0 1
34 4149
44 4136
0 1
56 4163
0 1
0 1
0 1
0 1
0 1
0 1
0 1
36 4140
0 1
30 2
0 1
44 4176
0 1
0 1
46 4164
0 1
69 4152
0 1
41 4096
0 1
44 4124
0 1
0 1
0 1
0 1
0 1
51 4127
0 1
0 1
0 1
0 1
0 1
0 1
0 1
0 1
35 4175
0 1
0 1
33 4113
0 1
0 1
0 1
0 1
12 2
0 1
44 4147
0 1
0 1
0 1
31 4178
0 1
0 1
0 1
0 1
0 1
0 1
0 1
0 1
43 4209
0 1
0 1
0 1
0 1
0 1
37 4173
68 4127
37 4148
35 4181
0 1
39 4138
0 1
31 4165
0 1
0 1
36 4194
36 4160
30 4200
0 1
0 1
31 4142
0 1
40 4199
46 4151
0 1
0 1
68 4164
38 4145
0 1
0 1
0 1
32 4119
0 1
40 4218
0 1
0 1
0 1
61 4123
45 4227
0 1
0 1
40 4163
51 4154
32 4190
5 2
24 2
37 4205
0 1
0 1
0 1
0 1
0 1
0 1
0 1
0 1
49 4149
0 1
0 1
0 1
0 1
36 4117
50 4138
0 1
39 4198
0 1
47 4121
39 4127
0 1
0 1
0 1
0 1
0 1
0 1
0 1
32 4123
9 2
7 2
0 1
0 1
0 1
37 4215
0 1
64 4179
35 4184
0 1
0 1
0 1
0 1
0 1
58 4162
0 1
0 1
52 4188
39 4149
0 1
0 1
0 1
0 1
0 1
38 4195
0 1
0 1
0 1
42 4193
0 1
32 4170
33 4145
0 1
0 1
0 1
0 1
0 1
0 1
0 1
67 4163
8 2
8 2
30 4163
34 4190
137 4140
54 4135
0 1
0 1
43 4208
0 1
38 4107
