37 4167
43 4144
31 4133
33 4157
30 4224
33 4166
32 4159
33 4162
29 4193
33 4134
37 4150
35 4194
30 4160
31 4173
32 4161
38 4183
31 4156
30 4137
31 4185
28 4173
30 4142
32 4156
29 4141
0 1
34 4183
33 4145
34 4220
39 4122
33 4155
30 4195
33 4161
33 4137
34 4131
34 4182
33 4189
0 1
35 4164
30 4136
32 4229
30 4137
42 4158
32 4205
35 4137
31 4108
32 4149
30 4192
0 1
33 4139
31 4170
29 4080
37 4166
30 4156
35 4170
35 4108
38 4142
43 4152
33 4166
36 4175
36 4169
34 4128
33 4167
29 4147
34 4131
41 4212
33 4116
37 4133
34 4125
36 4207
34 4165
30 4156
34 4189
37 4167
35 4156
39 4143
40 4155
54 4104
0 1
34 4114
33 4169
30 4126
35 4180
33 4160
30 4134
32 4133
30 4122
31 4116
32 4169
32 4199
30 4170
29 4143
32 4171
30 4147
30 4146
31 4114
32 4076
31 4184
29 4201
30 4148
30 4187
30 4179
33 4195
31 4122
30 4191
33 4101
33 4152
35 4176
32 4184
34 4191
33 4106
29 4161
28 4162
29 4148
32 4157
36 4177
31 4179
35 4176
41 4176
34 4224
33 4190
39 4158
28 4119
35 4188
55 4187
29 4121
33 4183
33 4147
37 4150
28 4121
32 4154
39 4159
45 4171
38 4166
37 4186
31 4162
36 4214
40 4161
29 4173
34 4133
36 4146
34 4121
31 4155
32 4179
33 4128
33 4191
42 4206
0 1
32 4170
32 4116
0 1
36 4145
30 4182
0 1
36 4150
36 4154
72 4193
52 4105
31 4202
71 4115
0 1
68 4119
0 1
29 4182
31 4171
34 4094
32 4219
32 4196
35 4195
50 4215
36 4191
34 4155
31 4149
34 4155
34 4216
30 4188
32 4162
38 4138
32 4139
32 4122
0 1
0 1
37 4198
31 4156
34 4244
51 4160
39 4174
28 4155
31 4114
32 4164
32 4144
32 4118
30 4115
31 4180
29 4162
30 4105
32 4171
32 4164
32 4144
32 4117
31 4188
31 4118
32 4139
37 4152
30 4119
33 4193
32 4125
34 4174
32 4126
36 4170
31 4167
36 4164
38 4125
32 4166
29 4169
31 4173
33 4188
46 4170
32 4164
46 4170
40 4162
50 4149
35 4146
38 4168
34 4198
32 4198
34 4160
39 4167
33 4177
33 4165
33 4198
29 4143
33 4153
30 4191
27 4129
31 4156
38 4121
34 4191
39 4228
32 4162
32 4148
29 4161
33 4140
30 4121
38 4168
40 4130
36 4138
35 4186
40 4203
29 4182
52 4159
35 4148
29 4106
37 4158
34 4121
36 4192
31 4154
95 4166
37 4157
35 4163
39 4143
30 4135
30 4137
32 4148
33 4135
43 4149
32 4128
0 1
35 4119
32 4152
36 4141
45 4160
34 4186
35 4169
35 4167
33 4130
34 4161
34 4171
35 4185
34 4188
30 4198
37 4203
38 4161
34 4147
34 4174
40 4167
32 4128
30 4172
34 4162
34 4108
33 4158
32 4176
33 4156
37 4141
35 4152
34 4139
31 4158
36 4155
29 4169
30 4163
0 1
0 1
35 4133
31 4168
36 4105
31 4101
30 4134
32 4141
29 4122
34 4125
34 4171
38 4171
31 4155
28 4170
31 4192
32 4178
50 4165
32 4128
33 4155
32 4178
42 4108
32 4187
33 4175
33 4162
31 4169
32 4090
34 4167
31 4121
33 4142
31 4127
33 4172
30 4167
31 4187
34 4163
37 4199
33 4149
33 4122
32 4145
33 4147
84 4220
63 4162
0 1
38 4165
36 4197
35 4227
30 4198
33 4198
35 4151
0 1
32 4183
30 4157
33 4130
33 4163
28 4197
30 4186
0 1
33 4150
35 4142
36 4198
36 4178
35 4159
37 4199
35 4123
26 4148
32 4169
35 4154
0 1
0 1
0 1
0 1
43 4169
33 4151
0 1
39 4143
31 4174
34 4121
32 4161
35 4175
37 4160
29 4169
33 4209
5 2
20 2
33 4150
59 4173
36 4204
30 4089
57 4170
34 4167
32 4161
33 4187
32 4157
32 4144
35 4173
38 4177
32 4174
0 1
0 1
31 4199
37 4177
29 4204
30 4186
50 4138
43 4227
30 4197
33 4129
28 4162
38 4153
38 4206
33 4180
30 4175
38 4217
41 4178
35 4148
34 4187
32 4166
40 4156
32 4208
34 4170
28 4160
41 4180
31 4181
54 4089
32 4179
31 4165
33 4171
32 4124
33 4130
31 4161
36 4167
28 4180
33 4198
30 4173
29 4120
34 4187
32 4149
32 4205
31 4232
30 4221
31 4160
37 4195
31 4148
30 4166
33 4181
29 4175
33 4168
28 4184
32 4172
0 1
35 4145
31 4150
37 4150
40 4141
39 4208
31 4165
38 4144
0 1
55 4163
32 4142
0 1
0 1
37 4139
32 4125
43 4187
34 4210
32 4160
31 4150
29 4208
29 4206
33 4150
30 4159
68 4129
34 4194
43 4216
36 4138
35 4130
38 4124
64 4112
60 4198
43 4220
38 4154
34 4173
34 4151
32 4160
46 4099
0 1
38 4174
31 4178
0 1
33 4140
34 4206
33 4184
33 4071
33 4196
58 4198
89 4092
36 4204
41 4193
33 4202
36 4137
31 4148
35 4208
32 4138
32 4133
40 4166
34 4115
28 4138
30 4178
37 4140
40 4169
36 4174
33 4151
32 4183
32 4168
35 4233
32 4149
31 4103
36 4188
28 4160
31 4162
29 4103
67 4187
32 4175
35 4174
30 4152
31 4138
29 4153
35 4151
36 4117
27 4129
38 4206
31 4154
34 4148
33 4174
31 4114
33 4153
33 4140
36 4201
34 4149
35 4131
32 4131
32 4199
35 4138
31 4137
29 4115
37 4128
33 4188
32 4208
33 4111
28 4186
30 4143
30 4172
31 4165
31 4141
35 4166
0 1
29 4197
30 4171
38 4228
34 4203
59 4162
35 4190
35 4182
32 4140
33 4154
33 4169
36 4182
0 1
0 1
38 4135
37 4196
49 4159
69 4153
33 4130
35 4129
36 4174
33 4172
28 4126
28 4151
31 4206
34 4129
33 4142
31 4087
29 4173
32 4120
28 4124
39 4173
32 4189
36 4152
34 4134
35 4102
35 4159
33 4205
31 4206
32 4156
31 4176
33 4189
28 4177
32 4160
31 4188
34 4114
56 4168
38 4172
33 4199
35 4153
37 4112
30 4151
31 4155
45 4209
38 4147
34 4191
32 4198
35 4115
31 4196
34 4147
30 4150
33 4132
0 1
34 4148
32 4180
31 4188
30 4158
34 4167
36 4181
27 4129
30 4214
32 4172
40 4094
31 4119
34 4141
33 4129
31 4146
33 4139
35 4143
36 4106
34 4188
140 4145
33 4099
32 4164
30 4173
32 4193
32 4171
31 4124
31 4203
31 4111
30 4168
32 4144
30 4170
32 4161
30 4146
29 4145
33 4161
33 4143
30 4160
34 4172
36 4192
34 4196
32 4137
32 4161
33 4189
35 4114
51 4171
34 4157
1 2
42 2
0 1
0 1
36 4209
41 4148
33 4131
0 1
36 4183
32 4180
31 4184
29 4133
30 4195
30 4169
36 4173
31 4162
29 4157
34 4175
34 4155
29 4151
32 4148
31 4136
0 1
34 4141
37 4118
0 1
0 1
0 1
1 2
18 2
0 1
0 1
30 4215
31 4177
29 4171
34 4164
36 4201
39 4167
46 4183
30 4165
36 4173
33 4149
38 4172
31 4132
30 4176
34 4181
32 4184
29 4220
33 4173
34 4194
33 4145
31 4158
31 4145
36 4128
29 4124
28 4164
32 4199
32 4134
31 4135
29 4190
32 4210
39 4173
36 4120
34 4153
39 4192
33 4137
30 4176
30 4179
43 4112
0 1
0 1
0 1
31 4129
31 4190
29 4122
33 4151
29 4152
28 4119
34 4141
31 4195
53 4196
31 4197
44 4200
58 4172
31 4139
32 4207
35 4125
33 4195
35 4151
33 4189
0 1
31 4148
0 1
0 1
8 2
30 4154
32 4166
34 4161
29 4181
64 4187
31 4151
38 4122
29 4134
0 1
39 4197
33 4138
28 4165
50 4146
31 4101
30 4072
32 4099
32 4186
31 4159
28 4138
31 4162
32 4147
33 4157
30 4163
32 4116
33 4175
35 4198
31 4142
32 4201
31 4166
32 4172
32 4168
30 4188
31 4196
33 4123
36 4164
32 4144
32 4194
34 4139
30 4147
34 4164
29 4148
63 4138
32 4159
32 4089
34 4144
30 4160
31 4112
29 4182
31 4147
30 4174
32 4156
36 4181
30 4198
34 4181
33 4168
29 4155
33 4161
36 4182
33 4161
0 1
0 1
0 1
39 4170
31 4156
34 4237
35 4165
0 1
37 4124
37 4156
38 4161
31 4110
0 1
32 4182
30 4209
32 4158
0 1
36 4174
32 4156
30 4163
30 4157
34 4159
53 4170
0 1
37 4176
27 4169
29 4166
36 4165
34 4139
33 4176
32 4190
0 1
39 4180
34 4196
34 4161
32 4208
35 4198
30 4163
30 4117
29 4172
31 4178
30 4142
31 4214
29 4148
34 4182
31 4133
30 4184
28 4147
26 4122
35 4147
40 4198
0 1
34 4089
32 4165
32 4166
53 4158
36 4169
38 4167
0 1
66 4231
32 4093
35 4161
28 4150
34 4154
32 4085
33 4198
31 4198
31 4151
0 1
32 4145
30 4195
35 4105
26 4141
44 4154
28 4130
32 4199
34 4127
30 4165
28 4097
33 4133
40 4148
33 4135
32 4159
33 4153
42 4179
33 4184
32 4106
34 4158
30 4155
36 4181
34 4175
37 4203
34 4168
0 1
34 4148
31 4089
29 4159
29 4204
35 4133
34 4150
30 4214
35 4139
30 4153
35 4171
29 4129
33 4215
33 4160
32 4187
30 4156
31 4186
32 4185
34 4145
33 4210
31 4201
39 4121
31 4150
51 4168
30 4201
31 4190
37 4109
33 4146
34 4156
29 4201
34 4097
37 4210
31 4192
30 4074
31 4140
35 4171
28 4169
35 4201
29 4187
29 4144
34 4188
31 4166
30 4160
42 4132
35 4168
31 4195
31 4182
35 4190
35 4210
30 4175
34 4130
32 4148
32 4177
35 4200
31 4203
33 4146
31 4157
28 4181
34 4207
33 4136
31 4148
33 4148
36 4168
28 4132
35 4109
43 4165
48 4173
35 4139
37 4209
35 4163
98 4123
33 4190
0 1
32 4136
33 4188
37 4151
34 4167
35 4159
31 4156
33 4167
35 4188
29 4176
32 4156
34 4184
33 4178
32 4153
33 4132
28 4163
30 4124
29 4165
30 4164
29 4171
30 4198
33 4144
31 4182
33 4158
34 4238
97 4177
43 4205
0 1
32 4111
32 4142
43 4187
29 4139
0 1
0 1
37 4163
31 4180
31 4152
31 4159
35 4177
29 4142
31 4143
30 4204
33 4157
34 4156
37 4157
36 4152
30 4206
31 4131
37 4163
34 4176
33 4146
44 4138
29 4165
28 4125
48 4178
0 1
37 4143
37 4181
31 4158
47 4149
32 4158
35 4219
29 4135
62 4152
37 4199
36 4153
32 4159
36 4175
28 4173
34 4169
34 4170
34 4155
31 4123
0 1
43 4131
38 4115
43 4136
35 4163
40 4182
30 4128
36 4157
31 4132
29 4164
30 4159
33 4162
34 4184
33 4150
32 4138
30 4142
29 4175
33 4169
32 4215
30 4174
29 4108
31 4157
34 4134
39 4164
34 4139
32 4075
33 4204
36 4141
30 4136
32 4144
35 4172
30 4167
33 4164
34 4152
40 4215
28 4142
35 4149
33 4173
28 4125
33 4118
32 4247
0 1
0 1
34 4179
0 1
0 1
30 4174
34 4160
0 1
0 1
30 4183
40 4161
38 4209
30 4221
34 4157
36 4128
35 4149
34 4159
41 4204
34 4126
38 4186
30 4121
31 4133
32 4151
34 4114
36 4149
0 1
49 4143
32 4183
28 4148
34 4163
30 4184
35 4139
31 4211
0 1
4 2
2 2
0 1
34 4172
30 4134
34 4193
36 4149
31 4191
35 4204
34 4170
30 4152
0 1
0 1
30 4215
0 1
0 1
31 4138
0 1
30 4175
0 1
33 4124
35 4178
30 4170
97 4204
30 4103
30 4171
52 4127
33 4201
33 4185
39 4148
31 4165
33 4184
36 4089
33 4176
31 4147
34 4171
33 4157
29 4102
29 4171
50 4129
0 1
32 4222
32 4146
32 4156
0 1
36 4127
29 4159
30 4133
29 4176
33 4133
36 4153
37 4136
33 4186
34 4155
36 4158
31 4166
32 4185
38 4199
30 4137
37 4137
33 4176
33 4159
33 4147
38 4102
46 4176
65 4119
32 4144
0 1
41 4213
54 4162
37 4141
34 4118
34 4135
37 4186
38 4183
36 4166
34 4149
34 4135
37 4167
54 4167
46 4171
38 4157
31 4243
37 4120
31 4174
36 4134
33 4174
29 4152
32 4129
34 4102
34 4190
31 4193
34 4135
31 4159
29 4140
40 4201
0 1
31 4144
37 4186
32 4178
32 4136
33 4133
36 4131
34 4121
32 4179
31 4138
58 4191
26 4186
33 4158
39 4196
39 4145
32 4107
28 4122
33 4125
30 4116
31 4189
35 4217
33 4129
34 4129
33 4131
35 4172
36 4174
35 4186
34 4233
42 4179
32 4149
29 4121
74 4158
34 4195
47 4205
34 4178
45 4207
34 4111
58 4125
30 4101
33 4195
34 4144
50 4127
32 4195
33 4129
38 4124
29 4197
40 4141
43 4156
44 4105
55 4102
91 4175
27 4137
29 4144
33 4186
54 4099
32 4141
32 4178
32 4189
37 4135
34 4189
32 4147
29 4169
33 4172
37 4133
40 4178
33 4154
34 4107
68 4163
40 4159
0 1
0 1
50 4201
57 4139
31 4142
0 1
0 1
30 4172
36 4175
31 4162
36 4195
44 4148
31 4156
30 4218
31 4169
30 4176
34 4153
34 4128
38 4181
32 4155
31 4097
32 4191
31 4204
39 4171
31 4162
31 4121
7 2
6 2
44 4100
41 4129
37 4179
44 4111
32 4116
0 1
0 1
0 1
58 4184
41 4144
59 4138
36 4165
35 4118
38 4162
41 4181
30 4181
33 4173
32 4170
40 4145
35 4112
35 4139
33 4119
32 4126
37 4138
36 4164
34 4114
0 1
38 4153
34 4129
31 4120
33 4125
29 4118
39 4174
41 4166
32 4173
38 4196
0 1
44 4159
35 4132
31 4178
31 4204
40 4121
35 4181
33 4167
32 4187
42 4163
40 4119
33 4127
32 4149
37 4176
35 4200
31 4173
34 4136
33 4144
38 4166
34 4173
29 4103
36 4195
41 4150
31 4179
37 4185
35 4154
28 4179
35 4138
29 4129
33 4174
33 4156
36 4119
33 4214
41 4178
36 4171
33 4123
31 4205
36 4109
34 4167
34 4167
30 4185
30 4193
34 4198
35 4204
33 4166
32 4195
32 4175
31 4115
0 1
34 4149
0 1
31 4157
37 4147
32 4123
0 1
34 4084
59 4199
30 4188
36 4169
30 4168
33 4172
65 4162
39 4164
47 4159
33 4099
39 4176
41 4132
47 4216
32 4205
32 4139
30 4146
37 4154
30 4133
45 4159
0 1
32 4166
30 4132
35 4203
28 4183
31 4144
0 1
78 4158
37 4148
34 4120
33 4179
0 1
35 4186
0 1
34 4190
29 4180
30 4176
34 4100
34 4132
31 4151
35 4167
36 4158
37 4184
0 1
50 4089
46 4175
91 4160
35 4187
0 1
49 4150
41 4183
30 4196
32 4169
34 4145
36 4150
35 4180
0 1
34 4144
0 1
34 4162
37 4165
34 4163
0 1
0 1
32 4169
37 4163
35 4154
31 4165
43 4189
59 4154
40 4136
34 4153
42 4165
32 4135
30 4129
31 4199
34 4158
33 4173
32 4201
30 4138
32 4180
32 4162
29 4135
33 4215
34 4207
32 4112
35 4167
33 4192
42 4156
29 4142
38 4121
35 4129
43 4218
32 4171
29 4149
66 4229
60 4171
0 1
32 4170
32 4187
27 4124
37 4161
32 4164
34 4146
31 4181
33 4151
31 4161
31 4157
32 4184
33 4103
34 4165
34 4139
38 4198
34 4175
36 4177
33 4184
32 4154
28 4171
44 4158
41 4156
71 4129
37 4178
31 4151
35 4153
29 4111
37 4206
31 4102
50 4175
57 4224
37 4166
41 4192
30 4168
37 4171
30 4128
30 4157
32 4192
29 4161
33 4160
35 4181
31 4154
32 4132
36 4179
32 4143
31 4129
34 4145
35 4133
36 4131
41 4174
35 4147
28 4153
34 4118
32 4177
34 4107
33 4193
33 4147
37 4176
33 4150
30 4168
34 4147
32 4197
0 1
47 4156
36 4139
29 4167
40 4175
0 1
35 4141
35 4206
31 4199
38 4132
36 4131
32 4185
36 4181
35 4150
34 4099
33 4134
32 4169
30 4180
30 4170
32 4203
32 4131
54 4140
34 4165
33 4190
32 4110
35 4128
29 4139
39 4150
40 4162
28 4102
33 4186
29 4162
31 4185
34 4193
30 4173
27 4114
31 4083
38 4198
0 1
50 4177
51 4136
30 4204
0 1
0 1
29 4182
35 4134
36 4151
32 4137
33 4175
43 4179
32 4145
40 4157
35 4106
32 4151
33 4139
34 4168
30 4135
32 4148
35 4191
29 4168
34 4101
29 4133
33 4212
33 4132
32 4147
43 4138
37 4216
30 4214
36 4174
32 4193
30 4206
30 4147
33 4166
31 4165
31 4162
31 4172
33 4125
37 4191
29 4155
37 4198
29 4172
33 4134
30 4120
33 4147
28 4202
30 4135
33 4220
33 4186
34 4201
30 4172
30 4176
31 4176
36 4146
34 4167
0 1
51 4224
37 4160
35 4173
56 4173
28 4218
35 4241
30 4191
34 4162
35 4162
38 4173
32 4151
33 4123
33 4145
47 4109
0 1
32 4118
43 4151
31 4200
31 4174
31 4144
30 4148
39 4176
33 4131
31 4199
33 4138
33 4198
35 4161
35 4218
37 4217
33 4142
35 4151
33 4125
30 4207
0 1
32 4160
31 4210
31 4147
34 4139
33 4225
39 4188
34 4117
39 4160
37 4187
34 4174
29 4147
38 4166
0 1
47 4108
0 1
39 4173
33 4182
29 4155
37 4177
29 4128
46 4188
33 4121
31 4126
40 4191
0 1
0 1
28 4184
31 4164
47 4134
37 4172
37 4115
37 4107
44 4123
37 4110
44 4170
41 4179
34 4144
30 4186
34 4151
34 4158
35 4144
30 4148
33 4158
35 4158
36 4168
39 4171
32 4105
34 4113
33 4115
40 4200
32 4126
30 4140
35 4211
32 4234
32 4132
37 4135
31 4183
0 1
31 4188
39 4104
29 4143
37 4207
63 4157
34 4208
35 4140
32 4194
35 4141
39 4120
32 4201
32 4185
0 1
36 4164
29 4129
32 4190
32 4193
33 4132
33 4224
34 4156
29 4156
33 4160
33 4132
33 4195
44 4191
37 4118
0 1
30 4111
0 1
42 4155
31 4160
78 4154
36 4219
39 4076
34 4151
34 4155
35 4154
0 1
42 4176
28 4211
30 4165
33 4165
29 4203
0 1
34 4182
34 4158
34 4182
0 1
52 4124
40 4231
30 4111
0 1
33 4176
34 4136
37 4168
35 4167
32 4157
35 4141
33 4193
31 4130
32 4137
32 4170
0 1
37 4190
33 4163
34 4097
37 4125
35 4168
36 4133
66 4204
31 4149
41 4178
35 4156
30 4165
43 4086
33 4145
37 4175
31 4173
33 4165
36 4180
32 4223
32 4152
39 4103
32 4101
50 4136
31 4125
31 4171
33 4221
30 4115
30 4150
31 4142
35 4174
33 4162
32 4169
34 4147
62 4178
33 4158
33 4154
43 4148
35 4146
52 4155
32 4172
40 4141
36 4163
36 4151
36 4129
29 4149
107 4139
56 4138
42 4142
31 4145
34 4171
34 4199
36 4146
38 4164
32 4185
33 4115
31 4205
41 4148
32 4166
36 4130
34 4131
33 4125
40 4229
0 1
0 1
43 4158
30 4148
39 4157
0 1
40 4135
34 4146
0 1
29 4193
30 4067
33 4166
33 4158
44 4149
0 1
30 4183
31 4174
35 4187
41 4149
29 4144
39 4178
78 4149
121 4208
31 4171
32 4119
31 4130
32 4189
33 4128
51 4158
34 4154
39 4187
34 4169
30 4213
38 4148
31 4178
35 4169
53 4192
33 4151
33 4192
30 4218
43 4160
33 4187
37 4164
57 4165
34 4166
35 4191
33 4142
32 4129
30 4129
37 4191
34 4139
29 4129
30 4207
36 4164
33 4134
34 4194
32 4135
40 4113
54 4149
33 4200
39 4191
54 4207
0 1
43 4210
38 4188
42 4174
0 1
40 4155
32 4164
42 4168
31 4119
38 4104
32 4175
34 4170
36 4175
35 4181
43 4188
30 4172
31 4186
39 4171
30 4157
32 4121
34 4183
38 4174
30 4175
34 4149
35 4169
36 4185
33 4129
61 4141
73 4192
35 4116
36 4175
45 4156
31 4202
32 4171
54 4156
38 4162
32 4130
33 4149
64 4148
34 4179
42 4150
26 4178
35 4193
31 4142
0 1
32 4175
29 4100
30 4138
32 4187
57 4178
38 4200
32 4109
36 4155
33 4193
31 4164
32 4179
35 4178
31 4164
33 4150
33 4162
47 4149
35 4196
47 4119
33 4118
47 4168
42 4197
57 4205
32 4181
36 4154
31 4122
33 4198
36 4142
48 4189
31 4148
43 4175
35 4154
30 4191
33 4146
33 4165
36 4160
51 4178
34 4118
40 4130
36 4163
35 4172
76 4168
34 4111
32 4175
36 4155
38 4112
80 4090
35 4207
45 4141
51 4177
31 4141
39 4155
45 4159
28 4101
52 4171
109 4133
34 4173
68 4169
50 4162
54 4151
46 4129
36 4125
49 4136
32 4150
51 4164
0 1
31 4140
0 1
38 4155
77 4134
39 4177
37 4151
32 4129
31 4148
37 4148
37 4120
0 1
33 4182
32 4136
33 4189
29 4156
39 4132
34 4161
40 4186
36 4214
33 4152
37 4186
31 4195
32 4162
34 4193
0 1
40 4170
32 4055
0 1
38 4134
35 4176
40 4152
33 4190
39 4169
40 4179
31 4208
31 4133
30 4125
30 4146
33 4167
35 4162
0 1
0 1
57 4155
30 4168
31 4165
33 4152
35 4095
34 4136
34 4163
32 4180
36 4190
35 4173
35 4151
32 4171
32 4175
41 4165
36 4125
35 4176
35 4183
34 4092
0 1
0 1
0 1
34 4187
0 1
33 4151
0 1
45 4141
0 1
49 4145
39 4160
35 4101
39 4209
42 4193
34 4142
30 4189
39 4187
39 4142
45 4155
33 4160
34 4199
37 4101
33 4223
33 4136
42 4143
42 4120
32 4164
35 4140
27 4116
39 4095
33 4168
39 4129
33 4142
53 4134
32 4108
44 4174
34 4102
79 4198
37 4198
31 4187
31 4177
0 1
34 4144
39 4184
0 1
44 4158
0 1
33 4188
0 1
35 4186
31 4130
38 4100
0 1
59 4101
41 4147
39 4182
32 4135
34 4175
33 4175
0 1
38 4170
0 1
31 4185
0 1
0 1
29 4142
36 4179
31 4114
51 4132
33 4185
36 4173
38 4204
0 1
40 4178
39 4152
35 4164
0 1
70 4183
29 4185
82 4168
30 4183
38 4135
32 4185
36 4232
30 4201
29 4179
37 4154
44 4153
0 1
0 1
34 4162
31 4160
32 4154
32 4133
33 4147
38 4157
32 4128
34 4156
31 4203
32 4142
35 4134
33 4130
31 4151
33 4189
29 4153
47 4138
31 4201
34 4154
69 4115
37 4171
33 4156
30 4149
30 4165
34 4159
33 4143
37 4160
35 4169
36 4140
31 4154
53 4123
33 4157
40 4206
38 4201
28 4139
36 4143
35 4197
0 1
35 4130
30 4194
52 4204
34 4180
32 4209
32 4167
30 4185
38 4196
37 4112
34 4169
32 4180
35 4128
33 4139
35 4212
38 4182
34 4199
36 4140
30 4059
37 4133
29 4204
28 4120
32 4155
35 4137
32 4170
33 4136
30 4174
38 4231
32 4153
42 4247
33 4166
37 4122
35 4206
31 4153
40 4142
36 4139
34 4134
36 4186
0 1
0 1
32 4169
33 4114
0 1
33 4139
33 4164
36 4201
36 4159
55 4205
33 4198
35 4167
29 4138
48 4118
35 4105
0 1
37 4135
41 4196
38 4133
35 4208
32 4115
34 4167
0 1
37 4165
33 4192
39 4172
0 1
32 4167
32 4152
50 4178
74 4127
0 1
0 1
35 4184
33 4186
34 4154
39 4161
43 4195
31 4154
34 4207
37 4147
36 4186
31 4159
43 4107
30 4158
34 4162
35 4196
37 4154
34 4167
40 4162
31 4139
52 4171
36 4188
33 4129
34 4179
40 4185
0 1
0 1
3 2
51 4152
39 4227
37 4221
0 1
0 1
37 4118
43 4129
41 4189
0 1
40 4122
32 4166
38 4130
29 4158
46 4185
32 4157
53 4149
38 4142
39 4136
28 4120
53 4162
0 1
0 1
42 4168
38 4150
32 4121
34 4154
0 1
34 4112
28 4192
36 4158
37 4144
0 1
37 4194
88 4201
36 4160
31 4108
0 1
0 1
31 4167
28 4112
34 4172
0 1
0 1
35 4184
45 4186
35 4180
33 4166
14 2
17 2
72 4169
39 4170
61 4200
31 4197
0 1
38 4126
84 4151
33 4185
40 4178
31 4196
36 4147
30 4165
34 4163
0 1
32 4186
31 4163
46 4156
33 4163
34 4109
30 4135
39 4187
57 4192
35 4170
35 4169
29 4174
35 4187
0 1
29 4143
31 4170
32 4149
33 4147
40 4160
40 4132
34 4169
0 1
0 1
32 4078
57 4186
37 4158
43 4211
44 4153
48 4215
31 4149
45 4161
58 4154
34 4184
43 4141
37 4224
31 4192
37 4171
32 4173
33 4200
32 4210
0 1
41 4180
39 4144
33 4148
34 4196
42 4196
38 4116
34 4165
34 4113
32 4228
31 4157
0 1
36 4184
32 4157
31 4194
38 4178
34 4182
39 4123
33 4168
33 4140
30 4139
38 4117
30 4166
36 4188
30 4191
0 1
32 4167
42 4151
32 4147
53 4149
32 4206
38 4190
38 4136
30 4101
33 4160
39 4150
0 1
35 4157
31 4180
0 1
0 1
34 4130
31 4132
32 4157
37 4183
39 4142
36 4173
29 4139
35 4160
33 4136
32 4102
0 1
64 4233
41 4149
0 1
35 4122
34 4134
38 4113
32 4172
47 4159
0 1
38 4153
40 4162
33 4139
37 4112
37 4120
37 4136
33 4156
41 4160
36 4189
39 4110
95 4112
30 4129
0 1
35 4123
36 4146
36 4147
39 4135
37 4184
35 4116
43 4119
32 4156
34 4204
39 4173
40 4118
34 4165
0 1
30 4166
38 4214
35 4186
37 4248
35 4185
0 1
0 1
33 4172
33 4194
30 4105
31 4161
32 4205
32 4116
0 1
35 4160
33 4146
56 4175
35 4132
0 1
0 1
47 4163
0 1
37 4146
34 4153
34 4138
0 1
0 1
37 4179
34 4194
41 4202
51 4177
67 4214
56 4207
38 4171
36 4144
29 4171
30 4139
42 4191
28 4197
37 4238
0 1
34 4167
32 4187
41 4132
38 4190
37 4118
31 4239
35 4158
34 4146
46 4150
35 4194
31 4129
34 4179
34 4195
36 4107
0 1
34 4159
37 4115
33 4117
40 4128
39 4193
37 4162
2 2
34 4179
64 4173
42 4173
33 4158
41 4097
0 1
53 4153
48 4151
0 1
40 4109
34 4194
40 4183
35 4167
39 4129
35 4146
40 4141
33 4127
40 4173
33 4208
35 4121
29 4143
33 4201
42 4157
40 4174
33 4182
30 4148
31 4121
46 4158
34 4162
33 4167
0 1
32 4145
42 4143
0 1
37 4120
36 4164
32 4161
0 1
0 1
33 4207
0 1
39 4210
125 4137
0 1
32 4102
34 4223
32 4176
41 4151
33 4214
67 4175
0 1
0 1
44 4104
0 1
0 1
51 4176
30 4184
33 4149
86 4111
0 1
0 1
0 1
32 4162
59 4210
48 4141
42 4177
35 4194
33 4144
37 4161
38 4191
28 4146
0 1
41 4157
63 4185
32 4136
51 4159
34 4137
33 4164
51 4162
0 1
31 4185
31 4199
35 4167
34 4156
35 4178
41 4161
71 4141
47 4172
37 4196
34 4154
46 4168
32 4158
36 4192
47 4164
38 4154
39 4182
38 4141
35 4177
0 1
36 4163
50 4187
33 4209
40 4131
0 1
36 4151
41 4134
33 4148
35 4178
36 4155
36 4174
33 4111
42 4158
32 4162
46 4138
37 4194
37 4218
34 4156
38 4111
33 4209
47 4164
37 4147
47 4152
0 1
29 4189
32 4159
32 4176
29 4141
0 1
33 4169
37 4160
35 4178
30 4156
40 4209
36 4141
34 4144
38 4142
29 4153
35 4186
32 4157
28 4131
49 4158
34 4166
35 4159
34 4161
56 4175
0 1
0 1
0 1
58 4141
30 4163
35 4185
30 4156
39 4122
34 4190
36 4111
36 4190
48 4190
30 4187
33 4180
34 4150
34 4202
32 4166
35 4151
35 4171
29 4144
40 4180
43 4174
29 4146
37 4151
35 4098
39 4128
33 4146
29 4165
0 1
33 4133
39 4190
0 1
41 4172
33 4184
35 4237
46 4166
54 4095
30 4157
0 1
32 4159
36 4167
0 1
33 4132
43 4235
40 4131
38 4127
31 4201
35 4154
31 4138
32 4211
28 4190
37 4133
38 4176
40 4147
28 4089
36 4165
43 4123
33 4202
29 4125
49 4118
34 4204
32 4178
35 4213
34 4152
34 4186
0 1
28 2
25 2
33 4100
46 4117
37 4195
48 4142
33 4157
37 4132
0 1
0 1
0 1
0 1
45 4153
0 1
0 1
0 1
0 1
0 1
32 4160
32 4171
44 4174
40 4076
31 4113
32 4168
0 1
0 1
50 4152
39 4209
37 4117
48 4148
42 4176
38 4193
0 1
35 4181
36 4112
38 4138
33 4135
47 4152
39 4159
35 4142
34 4097
49 4133
31 4177
35 4194
36 4138
43 4202
30 4169
49 4163
35 4154
32 4173
31 4175
36 4129
35 4141
35 4169
35 4131
36 4204
0 1
32 4173
32 4147
37 4152
31 4194
50 4196
34 4107
40 4171
33 4149
35 4162
49 4157
32 4158
66 4150
76 4143
42 4149
42 4159
0 1
0 1
40 4196
32 4150
35 4196
35 4153
33 4121
30 4104
29 4084
33 4171
33 4162
33 4209
36 4194
30 4154
32 4157
34 4147
75 4207
46 4126
32 4214
61 4159
0 1
34 4164
37 4148
0 1
39 4176
43 4157
45 4188
69 4139
0 1
29 4192
54 4135
32 4141
29 4178
37 4168
0 1
59 4188
37 4130
35 4144
33 4174
34 4236
31 4146
48 4176
48 4168
0 1
38 4189
35 4158
31 4174
0 1
36 4156
37 4170
29 4181
41 4211
33 4182
28 4107
38 4167
35 4193
31 4167
30 4110
56 4206
33 4149
30 4145
32 4188
31 4116
0 1
0 1
34 4173
34 4175
38 4150
36 4218
35 4158
33 4190
32 4111
33 4143
35 4211
36 4200
33 4178
33 4170
32 4167
34 4136
51 4167
36 4098
32 4121
0 1
33 4163
0 1
0 1
0 1
0 1
37 4133
34 4165
32 4144
34 4163
33 4197
43 4144
35 4132
0 1
30 4168
34 4134
35 4184
36 4171
0 1
37 4161
35 4137
33 4130
43 4112
31 4173
39 4154
0 1
31 4119
0 1
36 4135
32 4150
42 4190
64 4207
36 4144
34 4158
34 4172
30 4181
39 4189
31 4095
38 4161
32 4174
36 4133
41 4191
32 4165
35 4169
31 4170
32 4140
37 4175
33 4207
34 4174
34 4142
31 4130
33 4183
35 4191
45 4190
38 4138
33 4096
40 4127
54 4196
36 4120
42 4192
35 4137
39 4162
36 4177
0 1
31 4114
0 1
40 4182
0 1
0 1
37 4155
0 1
52 4158
47 4118
34 4130
0 1
32 4199
44 4131
31 4153
31 4150
0 1
34 4119
41 4074
36 4139
31 4163
42 4129
37 2
44 4171
0 1
0 1
6 2
6 2
43 4148
66 4170
6 2
31 4201
34 4188
32 4194
52 4176
32 4171
38 4166
34 4146
32 4173
35 4157
34 4114
33 4178
0 1
43 4166
0 1
38 4222
33 4173
33 4142
34 4158
37 4189
35 4179
30 4200
39 4218
36 4142
34 4118
67 4238
32 2
9 2
39 4185
32 4158
33 4142
30 4140
0 1
0 1
35 4180
37 4177
31 4204
34 4139
54 4136
33 4109
36 4131
40 4218
34 4175
31 4149
90 4124
0 1
0 1
61 4175
42 4129
58 4114
32 4156
34 4132
37 4122
40 4139
31 4178
34 4214
41 4213
45 4219
70 4126
34 4106
32 4147
52 4175
37 4127
0 1
29 4127
35 4118
0 1
29 4199
29 4178
30 4176
34 4197
33 4140
36 4207
34 4116
39 4243
30 4181
36 4100
36 4169
45 4152
31 4190
32 4173
28 4154
31 4187
0 1
40 4156
37 4193
55 4153
0 1
33 4180
39 4097
35 4174
0 1
36 4105
29 4125
0 1
0 1
0 1
41 4110
0 1
32 4182
35 4150
36 4152
34 4138
0 1
36 4163
39 4160
32 4157
36 4135
0 1
0 1
79 4121
0 1
64 3
36 3
9 3
34 4197
0 1
35 4120
0 1
0 1
15 2
44 4153
37 4176
45 4121
30 4201
46 4161
43 4196
34 4187
37 4181
31 4150
49 4129
30 4172
36 4179
31 4131
34 4168
0 1
0 1
35 4156
37 4183
36 4198
38 4205
31 4110
51 4186
38 4154
30 4204
34 4107
0 1
52 4135
0 1
28 4140
34 4209
0 1
0 1
34 4152
48 4186
34 4120
37 4088
70 4176
30 4177
63 4196
32 4070
34 4191
32 4159
38 4144
34 4191
35 4142
0 1
0 1
34 4186
32 4170
31 4156
0 1
70 4175
0 1
37 4184
0 1
30 4100
47 4115
34 4211
82 4204
35 4107
40 4192
40 4155
32 4179
120 4156
38 4116
35 4183
44 4220
39 4210
34 4204
0 1
34 4169
28 4169
0 1
43 4114
36 4165
37 4172
0 1
32 4152
44 4191
34 4153
33 4115
33 4154
37 4120
34 4172
0 1
35 4115
55 4146
39 4204
29 4188
33 4168
29 4202
39 4207
0 1
45 4176
41 4172
0 1
34 4181
45 4148
38 4141
38 4142
39 4105
0 1
36 4182
51 4181
38 4083
33 4177
34 4094
34 4141
36 4151
0 1
0 1
47 4129
30 4168
33 4110
31 4183
41 4190
38 4137
0 1
39 4159
33 4136
83 4170
69 4143
37 4101
38 4135
37 4203
0 1
0 1
45 4213
35 4111
42 4148
0 1
0 1
0 1
0 1
0 1
33 4130
61 4163
0 1
40 4134
47 4199
45 4167
39 4104
0 1
35 4158
26 4130
37 4167
0 1
32 4126
34 4202
39 4118
33 4103
41 4087
34 4177
32 4210
32 4166
36 4191
32 4178
31 4151
31 4171
30 4145
60 4134
38 4129
58 4236
62 4126
0 1
43 4140
50 4102
32 4131
32 4178
30 4171
0 1
38 4141
41 4107
36 4163
35 4120
29 4190
0 1
62 4189
41 4210
51 4131
38 4126
34 4141
0 1
0 1
0 1
90 4109
51 4139
57 4176
38 4155
0 1
0 1
0 1
0 1
34 4119
0 1
0 1
66 4157
55 4154
32 4150
79 4163
0 1
40 4151
0 1
31 4115
11 2
2 2
0 1
52 4153
39 4155
34 4138
36 4141
31 4075
31 4186
39 4155
43 4228
35 4129
35 4182
34 4178
35 4153
40 4161
35 4149
39 4124
29 4163
33 4167
29 4129
34 4167
33 4157
34 4196
34 4162
35 4179
41 4161
28 4143
29 4184
32 4154
31 4130
35 4154
30 4106
42 4183
35 4171
33 4111
31 4131
35 4110
42 4195
31 4164
32 4146
36 4162
30 4170
37 4182
33 4195
44 4181
35 4134
33 4190
35 4175
45 4170
32 4143
38 4192
32 4108
33 4175
31 4164
33 4146
32 4160
34 4172
35 4167
35 4171
37 4174
38 4169
34 4137
37 4144
36 4118
35 4120
0 1
35 4078
38 4157
40 4195
43 4134
32 4172
34 4162
31 4137
36 4127
37 4175
34 4167
35 4170
30 4147
110 4191
61 4166
61 4146
35 4204
42 4168
0 1
61 4170
0 1
0 1
34 4172
32 4140
37 4149
39 4058
33 4161
39 4097
33 4160
33 4168
30 4172
35 4144
34 4199
0 1
42 4209
38 4160
39 4136
36 4151
37 4190
29 4189
37 4140
33 4200
40 4140
28 4174
33 4105
39 4155
62 4205
109 4143
33 4127
35 4132
37 4160
0 1
30 4149
0 1
0 1
0 1
37 4155
0 1
52 4183
58 4147
0 1
37 4163
33 4093
0 1
49 4166
0 1
38 4152
0 1
31 4117
41 4178
30 4180
34 4168
37 4171
10 2
32 2
47 4171
0 1
0 1
33 4177
36 4138
30 4225
37 4168
35 4170
0 1
0 1
34 4117
35 4183
35 4142
41 4190
0 1
0 1
33 4148
56 4192
31 4165
0 1
0 1
0 1
0 1
36 4177
35 4138
0 1
0 1
31 4202
45 4145
35 4121
37 4169
32 4144
34 4157
34 4112
42 4220
38 4151
0 1
0 1
0 1
54 4150
0 1
39 4171
33 4128
73 4069
33 4146
34 4188
35 4174
37 4132
0 1
0 1
35 4228
38 4166
30 4155
0 1
0 1
37 4145
0 1
0 1
31 4178
51 4122
31 4215
0 1
37 4133
0 1
31 4140
61 4187
0 1
33 4154
0 1
44 4099
0 1
38 4143
38 4175
35 4166
0 1
0 1
37 4205
31 4168
31 4202
33 4218
0 1
0 1
77 4159
37 4117
39 4174
30 4152
32 4164
32 4185
29 4126
0 1
0 1
0 1
39 4143
67 4187
55 4188
37 4209
35 4142
34 4125
36 4170
82 4149
39 4218
33 4184
32 4163
42 4129
62 4144
0 1
34 4184
42 4141
101 4173
80 4181
34 4163
33 4155
0 1
41 4144
53 4177
0 1
36 4162
64 4183
91 4187
38 4123
30 4150
31 4204
0 1
42 4205
0 1
32 4110
38 4111
60 4208
30 4143
107 4143
34 4174
35 4133
0 1
36 4216
0 1
41 4175
0 1
32 4126
44 4193
34 4133
77 4228
39 4153
0 1
40 4120
45 4195
38 4198
32 4144
34 4130
0 1
31 4151
36 4118
0 1
43 4138
36 4188
37 4113
32 4155
51 4187
31 4166
0 1
91 4163
0 1
31 4178
37 4121
43 4196
33 4178
42 4149
36 4209
0 1
0 1
34 4175
0 1
33 4192
40 4146
0 1
43 4185
38 4173
35 4175
46 4153
40 4162
0 1
35 4173
0 1
0 1
0 1
0 1
43 4174
35 4183
0 1
47 4166
46 4123
34 4199
33 4173
32 4181
34 4208
34 4189
0 1
0 1
0 1
0 1
92 4151
0 1
51 4186
37 4151
31 4159
39 4162
0 1
35 4152
33 4173
28 4164
35 4140
39 4148
37 4170
55 4129
0 1
35 4219
52 4137
41 4144
42 4184
34 4157
32 4125
0 1
0 1
35 4121
39 4130
0 1
37 4124
37 4184
52 4104
31 4104
34 4124
45 4155
0 1
0 1
0 1
36 4191
33 4166
42 4152
0 1
0 1
41 4168
33 4163
38 4176
0 1
51 4160
36 4126
35 4140
0 1
35 4185
28 4151
62 4147
73 4213
55 4178
37 4125
50 4158
46 4105
34 4204
33 4137
0 1
38 4174
0 1
42 4137
33 4140
32 4154
0 1
41 4169
74 4185
0 1
52 4185
41 4115
0 1
32 4112
0 1
33 4168
33 4154
0 1
69 4150
41 4149
36 4163
36 4136
42 4186
85 4122
43 4128
0 1
40 4170
31 4165
40 4100
0 1
43 4177
32 4116
33 4180
42 4119
37 4135
0 1
36 4195
36 4169
30 4139
0 1
0 1
32 4215
0 1
32 4142
75 4187
45 4155
0 1
0 1
0 1
47 4167
37 4216
46 4224
0 1
39 4187
0 1
35 4138
37 4174
15 2
3 2
0 1
33 4168
0 1
59 4148
0 1
37 4210
0 1
52 4159
32 4149
34 4131
52 4115
0 1
37 4162
50 4096
0 1
31 4181
0 1
0 1
0 1
46 4148
33 4167
48 4153
69 4164
41 4138
0 1
36 4154
33 4180
0 1
0 1
0 1
0 1
50 4140
44 4162
34 4194
48 4190
40 4198
32 4152
46 4206
0 1
34 4130
0 1
40 4162
40 4170
0 1
0 1
0 1
39 4166
0 1
0 1
0 1
30 4188
0 1
0 1
37 4155
32 4209
35 4165
57 4171
39 4168
34 4132
0 1
34 4145
31 4144
34 4142
0 1
42 4168
55 4124
55 4113
39 4197
34 4148
0 1
0 1
0 1
16 2
0 1
35 4123
43 4186
40 4165
32 4183
32 4173
35 4166
31 4194
30 4158
35 4159
31 4150
34 4167
37 4115
31 4159
37 4109
31 4184
33 4162
34 4185
0 1
50 4164
46 4120
41 4201
34 4164
0 1
31 4087
33 4154
45 4142
32 4197
49 4166
47 4086
37 4151
32 4148
39 4213
33 4188
39 4201
48 4225
0 1
38 4138
33 4176
73 4240
62 4226
51 4151
39 4146
43 4156
35 4179
38 4130
49 4217
66 4139
41 4176
44 4149
34 4128
38 4131
0 1
0 1
0 1
0 1
0 1
0 1
39 4147
40 4134
0 1
36 4148
31 4150
0 1
0 1
0 1
39 4178
77 4148
34 4131
54 4181
0 1
0 1
0 1
0 1
0 1
0 1
0 1
38 4137
40 4125
32 4124
39 4143
58 4154
37 4106
30 4173
0 1
32 4126
51 4152
33 4165
0 1
0 1
0 1
0 1
46 4196
106 4158
0 1
0 1
0 1
0 1
37 4195
33 4173
36 4163
0 1
31 4131
38 4176
0 1
41 4144
44 4165
34 4164
0 1
88 4186
0 1
0 1
55 4156
46 4176
0 1
41 4167
31 4091
37 4083
34 4141
43 4091
30 4192
43 4137
34 4179
38 4136
0 1
47 4187
31 4171
37 4138
39 4179
35 4190
33 4199
37 4166
32 4196
0 1
34 4163
68 4145
0 1
0 1
30 4189
36 4148
32 4179
36 4209
0 1
34 4096
47 4139
0 1
0 1
0 1
34 4157
30 4161
44 4191
0 1
0 1
0 1
50 4113
0 1
0 1
50 4137
0 1
48 4165
42 4173
56 4109
34 4168
47 4183
31 4156
34 4169
34 4159
0 1
37 4156
0 1
34 4140
56 4101
38 4147
30 4176
29 4173
34 4173
0 1
36 4193
44 4120
33 4128
38 4193
0 1
144 4190
0 1
41 4100
46 4132
0 1
0 1
33 4182
0 1
40 4151
37 4180
0 1
31 4124
37 4124
35 4140
44 4126
35 4156
35 4187
38 4164
36 4189
0 1
41 4123
37 4159
34 4144
0 1
0 1
43 4122
36 4232
42 4142
31 4163
35 4143
0 1
42 4166
32 4167
0 1
37 4181
32 4117
41 4140
45 4209
76 4167
35 4145
55 4211
35 4154
0 1
0 1
32 4102
36 4126
30 4120
35 4155
32 4153
86 4102
32 4167
0 1
22 2
10 2
68 4150
44 4199
34 4154
42 4187
55 4147
30 4124
43 4175
44 4190
0 1
38 4240
39 4176
33 4196
33 4130
43 4192
72 4198
0 1
33 4189
41 4160
35 4131
39 4165
40 4101
73 4178
0 1
0 1
34 4117
44 4158
43 4201
36 4202
36 4180
37 4176
54 4180
47 4150
43 4155
42 4181
33 4196
0 1
39 4172
33 4139
51 4168
33 4134
40 4113
37 4176
53 4117
67 4120
32 4112
46 4143
33 4149
45 4165
0 1
0 1
39 4111
0 1
31 4185
0 1
54 4116
43 4193
38 4184
52 4182
0 1
37 4193
0 1
37 4175
0 1
71 4149
0 1
33 4134
32 4170
34 4184
34 4173
37 4184
32 4164
52 4190
39 4154
0 1
50 4164
34 4122
32 4153
28 4114
35 4157
34 4156
36 4189
35 4153
36 4185
52 4182
53 4222
34 4183
47 4161
50 4132
43 4152
0 1
0 1
36 4178
46 4142
40 4224
0 1
82 4191
42 4112
34 4160
34 4214
30 4094
47 4155
0 1
0 1
0 1
38 4173
32 4144
35 4179
0 1
59 4167
32 4114
40 4149
34 4157
38 4162
0 1
34 4187
36 4206
34 4163
0 1
36 4166
37 4159
43 4173
35 4145
59 4180
36 4186
42 4184
44 4170
104 4168
35 4157
0 1
45 4132
0 1
31 4158
28 4085
58 4138
40 4155
0 1
0 1
37 4204
36 4207
33 4205
0 1
46 4151
45 4200
41 4186
0 1
0 1
52 4142
39 4150
0 1
34 4120
44 4156
35 4181
36 4186
0 1
36 4213
33 4147
35 4150
0 1
42 4133
51 4146
0 1
0 1
0 1
42 4138
44 4096
0 1
41 4125
38 4198
56 4150
46 4131
0 1
0 1
0 1
37 4152
0 1
33 4175
0 1
37 4149
0 1
30 4162
35 4180
0 1
39 4117
33 4142
0 1
0 1
0 1
47 4155
35 4232
36 4170
34 4205
0 1
0 1
66 4160
34 4125
44 4151
34 4180
65 4176
0 1
0 1
0 1
0 1
0 1
36 4095
34 4180
59 4097
43 4169
50 4227
45 4159
0 1
35 4183
74 4204
44 4171
64 4171
32 4134
0 1
47 4136
0 1
37 4127
0 1
43 4179
56 4102
0 1
0 1
36 4201
35 4112
40 4224
38 4094
0 1
41 4166
36 4175
0 1
41 4115
37 4164
35 4169
0 1
0 1
0 1
36 4153
46 4176
35 4149
0 1
0 1
38 4135
32 4191
46 4174
56 4141
34 4146
0 1
38 4139
40 4159
34 4125
74 4165
49 4116
0 1
36 4234
34 4219
96 4150
33 4084
34 4126
44 4090
36 4153
40 4176
0 1
0 1
35 4162
31 4180
32 4180
59 4144
44 4159
62 4157
47 4134
0 1
40 4158
36 4137
38 4202
35 4116
0 1
0 1
0 1
32 4149
35 4195
33 4154
0 1
40 4211
36 4168
41 4149
39 4144
51 4150
37 4136
0 1
126 4144
68 4162
32 4147
40 4190
32 4141
52 4158
0 1
0 1
0 1
37 4201
0 1
0 1
53 4155
33 4143
37 4134
0 1
0 1
38 4131
63 4168
57 4179
0 1
0 1
0 1
0 1
0 1
31 4194
37 4157
0 1
48 4143
48 4203
0 1
67 4137
62 4213
0 1
61 4147
0 1
0 1
0 1
29 4157
0 1
43 4181
66 4147
35 4125
0 1
39 4143
0 1
0 1
0 1
0 1
0 1
40 4206
0 1
0 1
0 1
45 4137
37 4136
32 4124
36 4145
0 1
0 1
43 4131
32 4163
35 4196
39 4122
65 4200
0 1
2 2
36 4129
44 4141
33 4168
0 1
0 1
0 1
37 4118
53 4118
64 4171
30 4213
36 4161
30 4155
38 4200
38 4146
34 4166
34 4165
36 4172
34 4145
43 4154
32 4207
30 4184
47 4163
33 4162
69 4161
0 1
32 4209
36 4150
0 1
0 1
33 4193
41 4175
30 4141
0 1
0 1
0 1
0 1
37 4138
47 4116
0 1
0 1
0 1
0 1
33 4162
31 4110
0 1
42 4149
42 4123
35 4155
48 4119
34 4195
34 4144
52 4210
0 1
0 1
0 1
0 1
61 4172
0 1
0 1
0 1
38 4192
43 4189
52 4121
0 1
64 4144
0 1
0 1
45 4104
61 4184
33 4138
0 1
0 1
0 1
0 1
81 2
38 2
38 4190
40 4166
42 4185
38 4088
0 1
35 4188
38 4143
36 4155
0 1
39 4175
34 4210
0 1
1 2
8 2
40 4162
31 4166
0 1
0 1
42 4193
53 4164
0 1
0 1
36 4158
40 4184
36 4122
33 4184
38 4111
45 4121
56 4127
55 4198
30 4155
33 4150
30 4164
33 4174
45 4117
41 4179
47 4165
50 4147
36 4145
34 4179
0 1
0 1
36 4132
35 4191
54 4184
59 4178
35 4162
39 4157
39 4170
39 4199
79 4125
0 1
37 4203
11 2
42 4154
64 4205
34 4112
0 1
0 1
38 4118
38 4130
0 1
28 4101
0 1
38 4145
0 1
41 4224
44 4159
41 4161
34 4141
33 4107
61 4085
45 4144
0 1
34 4160
37 4169
27 4177
32 4143
45 4161
31 4163
36 4148
34 4139
43 4170
65 4213
43 4135
0 1
0 1
41 4121
0 1
75 4122
44 4193
35 4137
44 4155
64 4172
0 1
0 1
47 4114
43 4107
38 4135
41 4116
32 4145
35 4156
0 1
0 1
0 1
36 4112
30 4190
34 4177
86 4145
35 4144
17 2
3 2
36 4135
37 4153
0 1
44 4220
48 4163
49 4162
38 4174
64 4108
0 1
33 4170
47 4190
29 4167
31 4100
0 1
36 4185
47 4108
36 4163
0 1
37 4137
75 4127
0 1
0 1
0 1
0 1
0 1
0 1
49 4157
37 4102
37 4177
38 4124
33 4160
62 4089
52 4167
0 1
0 1
51 4193
34 4173
0 1
35 4168
34 4199
0 1
34 4152
33 4163
37 4160
35 4099
0 1
0 1
0 1
0 1
34 4139
0 1
30 4219
35 4178
50 4176
44 4157
78 4114
43 4135
32 4114
33 4117
36 4192
57 4103
35 4168
57 4137
63 4146
34 4193
0 1
32 4164
42 4132
39 4205
44 4166
39 4166
0 1
0 1
36 4188
0 1
0 1
0 1
0 1
57 4137
34 4139
52 4183
34 4144
54 4138
48 4100
45 4080
54 4144
56 4167
54 4147
44 4129
39 4149
33 4166
55 4187
0 1
0 1
33 4214
72 4152
94 4182
34 4177
35 4211
37 4185
34 4135
0 1
49 4183
0 1
11 2
0 1
0 1
5 2
59 2
0 1
35 4144
0 1
0 1
0 1
39 4149
30 4153
34 4172
0 1
36 4116
39 4169
55 4197
0 1
0 1
38 4168
53 4199
33 4173
37 4192
39 4183
0 1
40 4175
0 1
51 4196
39 4189
0 1
61 4195
0 1
0 1
0 1
40 4215
0 1
0 1
0 1
44 4214
0 1
0 1
51 4151
33 4211
51 4197
0 1
0 1
50 4166
0 1
0 1
39 4190
47 4195
0 1
49 4125
35 4179
0 1
36 4178
52 4172
33 4201
0 1
44 4171
47 4172
42 4159
47 4188
0 1
37 4170
95 4199
8 2
0 1
0 1
0 1
0 1
53 4148
46 4147
37 4155
0 1
49 4169
49 4184
0 1
0 1
40 4211
56 4191
33 4144
40 4204
40 4210
0 1
0 1
30 4175
38 4134
50 4131
32 4190
40 4164
33 4153
34 4178
30 4175
32 4151
34 4202
32 4144
47 4171
31 4179
38 4130
41 4175
32 4142
45 4198
41 4176
34 4163
45 4162
35 4191
36 4177
52 4133
34 4162
51 4172
35 4198
60 4136
34 4112
37 4133
59 4151
52 4092
41 4154
34 4126
68 4154
31 4135
36 4165
103 4097
37 4168
30 4193
70 4153
59 4162
70 4164
33 4187
70 4141
53 4155
37 4198
0 1
42 4150
37 4123
45 4122
42 4109
31 4097
37 4222
41 4127
0 1
65 4223
13 2
2 2
0 1
45 4200
47 4184
49 4153
65 4164
0 1
35 4147
33 4141
37 4167
36 4177
49 4124
30 4135
0 1
39 4119
44 4144
0 1
55 4145
55 4171
34 4189
0 1
36 4167
32 4156
36 4153
29 4078
56 4141
32 4169
34 4156
0 1
0 1
42 4149
28 4151
37 4167
32 4137
48 4167
55 4118
49 4102
54 4148
58 4188
89 4127
0 1
43 4117
36 4154
74 4163
37 4127
28 4235
0 1
47 4164
30 4160
55 4177
0 1
34 4203
40 4153
54 4230
30 4147
37 4105
34 4159
0 1
36 4227
0 1
0 1
0 1
31 4144
0 1
0 1
44 4173
0 1
37 4208
0 1
19 2
38 4142
0 1
51 4163
34 4170
30 4186
31 4140
36 4142
36 4172
30 4106
41 4190
33 4157
33 4167
29 4141
46 4177
39 4127
61 4167
52 4190
47 4186
36 4177
35 4101
42 4213
35 4144
32 4149
0 1
46 4160
48 4141
0 1
64 4154
40 4147
56 4158
34 4140
36 4200
37 4118
111 4162
39 4187
55 4178
53 4208
39 4205
30 4213
48 4135
47 4142
60 4208
33 4161
49 4185
36 4153
46 4150
47 4136
37 4163
49 4182
55 4184
56 4146
42 4146
56 4189
54 4174
35 4188
0 1
0 1
45 4196
67 4134
47 4130
48 4117
35 4194
33 4183
58 4142
58 4127
0 1
0 1
31 4153
0 1
0 1
32 4215
51 4172
0 1
0 1
32 4085
42 4209
0 1
14 2
20 2
0 1
0 1
31 4188
0 1
55 4137
51 4186
33 4101
39 4199
17 2
4 2
0 1
34 4165
40 4183
29 4154
39 4152
0 1
36 4132
0 1
0 1
33 4157
41 4113
0 1
0 1
0 1
0 1
36 4176
0 1
42 4200
42 4092
47 4174
0 1
37 4100
81 4168
0 1
11 2
4 2
0 1
50 4143
0 1
33 4179
0 1
0 1
0 1
35 4222
0 1
0 1
43 4114
83 4160
69 4174
0 1
0 1
17 2
3 2
0 1
31 4119
0 1
43 4163
0 1
54 4180
0 1
0 1
33 4139
0 1
0 1
0 1
34 4194
46 4155
0 1
0 1
37 4167
0 1
0 1
30 4189
0 1
0 1
3 2
0 1
0 1
0 1
54 4139
31 4171
0 1
56 4214
0 1
37 4181
35 4154
0 1
41 4168
0 1
55 4163
0 1
37 4202
0 1
0 1
0 1
0 1
0 1
0 1
0 1
49 4209
0 1
0 1
0 1
55 4194
36 4154
37 4154
0 1
76 4087
0 1
48 4164
35 4159
0 1
68 4134
55 4207
0 1
44 4166
32 4193
0 1
0 1
0 1
35 4187
37 4153
0 1
0 1
36 4193
41 4204
33 4176
0 1
0 1
43 4168
0 1
0 1
0 1
0 1
0 1
37 4131
41 4173
38 4157
0 1
0 1
32 4149
35 4149
121 4150
0 1
0 1
0 1
10 2
32 4173
6 2
0 1
31 4158
0 1
85 4154
0 1
57 4117
44 4215
99 4159
0 1
0 1
44 4194
45 4147
45 4176
0 1
34 4174
0 1
33 4207
0 1
34 4138
38 4136
34 4190
0 1
35 4194
46 4162
0 1
0 1
33 4202
41 4170
33 4179
61 4163
0 1
45 4175
0 1
0 1
0 1
0 1
42 4150
37 4149
37 4165
0 1
37 4097
35 4167
0 1
51 4204
35 4155
32 4151
0 1
0 1
41 4197
0 1
0 1
0 1
0 1
42 4158
0 1
45 4152
159 4129
68 4128
37 4148
33 4069
63 4163
49 4154
48 4204
0 1
56 4182
31 4145
38 4157
0 1
0 1
0 1
41 4109
33 4207
0 1
1 2
43 4139
0 1
39 4171
35 4162
0 1
0 1
49 4168
0 1
0 1
0 1
40 4167
33 4181
0 1
40 4163
39 4157
47 4151
49 4151
0 1
49 4201
0 1
0 1
39 4197
35 4222
37 4167
44 4196
30 4137
0 1
0 1
6 2
33 4196
0 1
0 1
0 1
48 4087
41 4144
0 1
41 4209
1 2
0 1
0 1
0 1
0 1
36 4157
34 4154
43 4145
50 4167
38 4164
34 4125
0 1
0 1
0 1
0 1
32 4124
34 4171
38 4158
46 4094
82 4163
0 1
41 4161
41 4180
37 4135
0 1
0 1
0 1
34 4158
0 1
0 1
39 4154
34 4182
45 4124
49 4193
0 1
0 1
42 4097
0 1
47 4171
0 1
0 1
0 1
0 1
65 4149
69 4172
55 4156
0 1
43 4192
10 2
32 4162
64 4176
0 1
38 4146
70 4165
100 4228
0 1
0 1
0 1
0 1
53 4175
0 1
0 1
34 4182
64 4165
0 1
0 1
30 4191
35 4120
0 1
0 1
36 4138
40 4125
0 1
0 1
31 4126
0 1
40 4129
0 1
0 1
36 4199
31 4148
110 4156
0 1
0 1
60 4106
36 4151
38 4183
33 4174
0 1
62 4145
35 4175
1 2
2 2
64 4163
35 4215
50 4189
32 4153
32 4085
0 1
0 1
34 4172
0 1
45 4201
46 4151
36 4148
63 4211
39 4146
68 4170
0 1
0 1
61 4145
35 4161
85 4142
0 1
32 4207
38 4160
0 1
0 1
73 4198
34 4153
29 4212
0 1
0 1
0 1
0 1
51 2
23 2
35 4173
0 1
39 4142
0 1
60 4156
0 1
0 1
37 4186
41 4126
42 4157
0 1
34 4158
120 4142
0 1
0 1
32 4163
33 4147
0 1
34 4176
38 4129
31 4232
35 4160
32 4158
42 4187
59 4220
61 4197
35 4148
42 4161
0 1
34 4092
40 4170
0 1
0 1
0 1
36 4159
39 4152
30 4156
57 4176
32 4168
8 2
2 2
0 1
0 1
37 4125
44 4159
34 4194
32 4184
0 1
38 4183
62 4149
39 2
22 2
0 1
0 1
0 1
0 1
37 4150
35 4157
40 4130
35 4138
36 4133
0 1
0 1
31 4145
0 1
0 1
0 1
32 4165
0 1
0 1
39 4171
0 1
37 4251
54 4175
0 1
0 1
34 4145
0 1
49 4202
0 1
0 1
43 4155
0 1
0 1
34 4198
0 1
32 4147
32 4201
34 4200
48 4163
34 4098
0 1
35 2
6 2
0 1
49 4170
66 4135
33 4210
32 4192
73 4140
0 1
0 1
0 1
49 4120
0 1
35 4159
0 1
0 1
0 1
0 1
48 4176
0 1
0 1
0 1
38 4185
39 4168
38 4147
0 1
0 1
57 4131
35 4140
0 1
0 1
54 4122
39 4146
0 1
48 4144
0 1
37 4169
0 1
0 1
0 1
0 1
0 1
34 4136
36 4150
34 4174
33 4115
47 4129
40 4183
44 4171
57 4114
51 4121
31 4110
37 4192
55 4171
47 4131
50 4169
37 4238
51 4175
55 4141
47 4166
0 1
55 4178
38 4145
56 4119
32 4162
39 4145
35 4087
0 1
57 4179
36 4128
56 4163
0 1
85 4161
95 4110
0 1
46 4148
52 4191
30 4143
29 4192
46 4139
129 4144
91 4181
107 4144
52 4194
35 4127
33 4119
33 4120
35 4188
63 4167
0 1
0 1
0 1
0 1
96 4146
0 1
32 4156
0 1
34 4178
44 4153
83 4182
48 4160
55 4174
31 4145
34 4186
41 4164
0 1
33 4166
33 4163
0 1
34 4179
0 1
0 1
0 1
54 4171
0 1
56 4146
0 1
0 1
0 1
38 4165
34 4142
34 4144
0 1
0 1
32 4108
0 1
39 4206
0 1
45 4180
0 1
54 4145
40 4160
39 4175
29 4097
44 4145
0 1
0 1
0 1
33 4145
0 1
0 1
0 1
125 4125
0 1
0 1
41 4099
55 4135
58 4149
0 1
0 1
34 4186
44 4144
35 4151
0 1
45 4152
0 1
0 1
75 4132
36 4150
0 1
0 1
35 4153
36 4162
43 4203
45 4153
39 4202
0 1
0 1
0 1
14 2
20 2
81 4181
58 4132
0 1
0 1
0 1
32 4174
0 1
60 4113
44 4127
46 4146
44 4173
114 4185
87 4164
30 4133
41 4208
41 4172
0 1
0 1
42 4173
0 1
0 1
0 1
0 1
0 1
0 1
0 1
49 4148
0 1
0 1
0 1
57 4154
104 4085
0 1
34 4168
0 1
42 4120
0 1
30 4167
0 1
52 4107
0 1
0 1
0 1
0 1
0 1
0 1
0 1
31 4214
41 4183
43 4172
0 1
40 4191
0 1
0 1
38 4079
35 4219
35 4157
49 4141
0 1
0 1
43 4130
0 1
0 1
33 4182
70 4187
0 1
0 1
0 1
0 1
0 1
0 1
0 1
34 4144
47 4151
38 4125
57 4165
72 4123
0 1
36 4136
46 4148
0 1
0 1
0 1
0 1
38 4143
0 1
0 1
0 1
70 4173
70 4155
50 4099
39 4189
0 1
39 4225
0 1
35 4198
45 4222
112 4170
0 1
0 1
0 1
0 1
33 4152
53 4176
0 1
0 1
41 4169
90 4188
0 1
43 4209
36 4180
0 1
0 1
0 1
46 4159
0 1
0 1
57 4126
35 4190
39 4155
0 1
64 4145
0 1
0 1
50 4142
42 4190
0 1
39 4111
0 1
0 1
73 4199
38 4165
0 1
31 4160
0 1
0 1
0 1
46 4176
65 4210
0 1
52 4154
33 4135
73 4168
37 4167
0 1
30 4146
0 1
34 4177
39 4129
33 4144
0 1
38 4183
45 4118
40 4153
0 1
0 1
34 4214
35 4147
0 1
0 1
52 4131
0 1
0 1
42 4137
0 1
0 1
0 1
0 1
34 4160
40 4158
0 1
0 1
0 1
43 4197
46 4202
0 1
0 1
0 1
64 4133
47 4108
61 4143
0 1
0 1
0 1
0 1
0 1
0 1
46 4221
36 4156
32 4148
48 4154
0 1
50 4167
38 4210
26 4180
0 1
42 4204
45 4144
42 4157
82 4168
0 1
0 1
35 4111
0 1
0 1
0 1
106 4190
0 1
47 4171
0 1
0 1
0 1
37 4148
31 4163
48 4124
52 4137
94 4183
0 1
0 1
0 1
72 4156
35 4203
0 1
42 4132
43 4151
36 4094
32 4166
15 2
13 2
36 4163
0 1
38 4197
0 1
0 1
52 4187
51 4118
34 4152
39 4118
0 1
0 1
40 4165
76 4105
47 4144
53 4180
40 4141
0 1
0 1
0 1
0 1
38 4136
0 1
0 1
0 1
0 1
30 4130
0 1
0 1
0 1
0 1
46 4157
0 1
0 1
0 1
66 4151
32 4203
35 4201
0 1
0 1
0 1
32 4207
43 4206
43 4153
31 4131
40 4192
67 4215
40 4180
0 1
74 4185
0 1
51 4164
45 4200
13 2
22 2
0 1
37 4162
0 1
0 1
0 1
34 4179
0 1
40 4140
38 4142
0 1
0 1
0 1
42 4156
0 1
0 1
0 1
0 1
0 1
0 1
0 1
0 1
0 1
0 1
34 4153
54 4174
26 2
34 4140
33 4142
0 1
41 4184
0 1
0 1
35 4196
0 1
44 4132
0 1
0 1
0 1
0 1
0 1
0 1
0 1
0 1
60 4173
53 4169
0 1
0 1
0 1
0 1
59 4187
37 4186
38 4190
0 1
0 1
36 4126
68 4140
51 4141
0 1
0 1
43 4121
36 4153
77 4191
48 4211
0 1
34 4106
39 4160
0 1
15 2
18 2
0 1
32 4117
0 1
46 4134
0 1
0 1
0 1
0 1
0 1
0 1
65 4153
0 1
0 1
31 4174
44 4162
0 1
35 4173
32 4163
0 1
41 4167
0 1
0 1
5 2
3 2
0 1
36 4167
0 1
44 4148
34 4148
31 4187
0 1
0 1
0 1
0 1
0 1
0 1
28 4124
0 1
0 1
45 4170
0 1
72 4144
74 4117
31 4143
0 1
41 4184
37 4182
55 4124
0 1
47 4148
0 1
96 4120
0 1
40 4141
0 1
0 1
47 4189
0 1
59 4128
0 1
0 1
72 4147
41 4112
0 1
0 1
45 4165
10 2
40 2
0 1
0 1
0 1
0 1
42 4157
48 4157
0 1
0 1
39 4146
39 4176
0 1
0 1
0 1
63 4147
44 4173
31 4194
33 4220
38 4173
36 4137
0 1
22 2
4 2
35 4185
0 1
43 4177
0 1
0 1
0 1
33 4155
63 4147
0 1
0 1
31 4175
0 1
0 1
52 4153
43 4149
0 1
0 1
0 1
37 4170
36 4151
34 4195
0 1
0 1
0 1
0 1
0 1
0 1
0 1
0 1
0 1
0 1
68 4168
0 1
0 1
0 1
36 4148
0 1
0 1
0 1
0 1
52 2
64 2
0 1
0 1
0 1
0 1
40 4154
0 1
15 2
59 4170
34 4183
0 1
56 4164
43 4169
0 1
0 1
0 1
0 1
0 1
0 1
0 1
0 1
41 4193
0 1
34 4127
41 4169
0 1
0 1
0 1
33 4208
42 4162
0 1
34 4146
0 1
41 4108
0 1
31 4194
0 1
0 1
39 4148
0 1
0 1
0 1
0 1
0 1
0 1
48 4164
0 1
72 4197
39 4146
31 4134
0 1
0 1
0 1
0 1
43 4130
0 1
0 1
0 1
0 1
0 1
0 1
0 1
0 1
37 4216
40 4192
0 1
0 1
44 4126
40 4183
0 1
43 4144
36 4168
39 4164
60 4202
0 1
38 4146
31 4135
37 4118
37 4145
50 4099
36 4120
42 4191
0 1
0 1
0 1
0 1
39 4180
0 1
0 1
37 4151
38 4153
0 1
0 1
37 4157
0 1
0 1
0 1
0 1
62 4141
0 1
15 2
16 2
59 4150
0 1
0 1
0 1
0 1
43 4216
70 4059
41 4183
0 1
0 1
0 1
32 4197
36 4158
0 1
17 2
51 4145
53 4230
36 4109
41 4188
0 1
0 1
0 1
48 4210
36 4205
0 1
0 1
71 4140
0 1
63 4179
0 1
0 1
38 4167
0 1
0 1
0 1
0 1
0 1
0 1
0 1
41 2
10 2
0 1
0 1
40 4203
34 4187
0 1
0 1
34 4173
37 4194
0 1
41 4179
48 4196
0 1
0 1
0 1
40 4167
0 1
0 1
47 4171
0 1
5 2
0 1
36 4104
0 1
0 1
82 4179
0 1
48 4117
0 1
41 4134
0 1
73 4198
0 1
0 1
0 1
0 1
0 1
98 4135
0 1
0 1
0 1
0 1
0 1
0 1
0 1
0 1
68 4162
0 1
0 1
33 4157
0 1
0 1
0 1
27 2
7 2
0 1
39 4193
49 4193
0 1
0 1
37 4163
0 1
0 1
0 1
0 1
0 1
0 1
0 1
0 1
58 4173
0 1
0 1
38 4217
0 1
0 1
51 4154
43 4133
84 4147
40 4140
44 4189
99 4180
0 1
37 4196
0 1
0 1
32 4156
29 4175
36 4159
0 1
0 1
52 4179
0 1
0 1
65 4101
0 1
0 1
52 4205
33 4149
0 1
0 1
0 1
49 4163
0 1
62 4157
0 1
0 1
0 1
36 4161
48 4199
0 1
0 1
53 4170
29 4141
80 4164
4 2
0 1
47 4181
0 1
0 1
0 1
0 1
0 1
0 1
0 1
0 1
45 4106
0 1
0 1
0 1
0 1
56 4105
43 4205
0 1
55 4159
0 1
61 4140
32 4127
0 1
0 1
0 1
0 1
0 1
0 1
0 1
38 4133
0 1
0 1
0 1
0 1
0 1
51 4156
0 1
62 4139
35 4149
0 1
0 1
0 1
0 1
0 1
37 4186
0 1
0 1
42 4149
41 4145
0 1
0 1
0 1
0 1
0 1
30 4125
0 1
0 1
0 1
36 4139
0 1
33 4162
41 4107
0 1
0 1
0 1
0 1
0 1
0 1
52 4155
44 4157
7 2
12 2
47 4160
37 4178
45 4156
140 4136
0 1
0 1
0 1
0 1
34 4178
