6300 0 1
6301 0 1
6302 45 4211
6303 32 4203
6304 0 1
6305 0 1
6306 37 4167
6307 0 1
6308 0 1
6309 41 4138
6310 0 1
6311 36 4162
6312 0 1
6313 6 2
6314 5 2
6315 77 4126
6316 0 1
6317 0 1
6318 0 1
6319 0 1
6320 39 4144
6321 36 4099
6322 47 4182
6323 0 1
6324 0 1
6325 0 1
6326 31 4209
6327 61 4118
6328 6 2
6329 0 1
6330 47 4168
6331 58 4193
6332 57 4162
6333 51 4166
6334 0 1
6335 0 1
6336 0 1
6337 51 4146
6338 35 4231
6339 0 1
6340 0 1
6341 47 4162
6342 0 1
6343 34 4163
6344 92 4194
6345 0 1
6346 41 4104
6347 0 1
6348 0 1
6349 0 1
6350 0 1
6351 0 1
6352 0 1
6353 0 1
6354 6 2
6355 16 2
6356 0 1
6357 0 1
6358 39 4185
6359 35 4185
6360 0 1
6361 0 1
6362 33 4221
6363 41 4142
6364 0 1
6365 53 4148
6366 78 4180
6367 0 1
6368 0 1
6369 0 1
6370 32 4138
6371 0 1
6372 0 1
6373 50 4156
6374 0 1
6375 12 2
6376 0 1
6377 43 4137
6378 0 1
6379 0 1
6380 40 4109
6381 0 1
6382 0 1
6383 0 1
6384 59 4161
6385 0 1
6386 35 4197
6387 0 1
6388 0 1
6389 0 1
6390 0 1
6391 0 1
6392 42 4166
6393 0 1
6394 0 1
6395 0 1
6396 0 1
6397 0 1
6398 0 1
6399 0 1
3500 41 4196
3501 0 1
3502 88 4138
3503 0 1
3504 32 4109
3505 0 1
3506 38 4150
3507 40 4156
3508 32 4208
3509 33 4129
3510 38 4188
3511 6 2
3512 31 2
3513 35 4222
3514 0 1
3515 0 1
3516 33 4131
3517 32 4133
3518 30 4210
3519 43 4204
3520 43 4115
3521 0 1
3522 0 1
3523 39 4165
3524 36 4184
3525 35 4158
3526 37 4142
3527 0 1
3528 0 1
3529 34 4115
3530 39 4145
3531 93 4150
3532 0 1
3533 40 4139
3534 0 1
3535 0 1
3536 36 4163
3537 36 4172
3538 0 1
3539 0 1
3540 30 4142
3541 37 4157
3542 38 4150
3543 36 4129
3544 32 4132
3545 33 4064
3546 46 4129
3547 31 4175
3548 41 4126
3549 0 1
3550 0 1
3551 0 1
3552 60 4143
3553 0 1
3554 35 4120
3555 32 4107
3556 36 4141
3557 44 4160
3558 33 4174
3559 30 4156
3560 33 4148
3561 36 4193
3562 0 1
3563 34 4114
3564 34 4123
3565 31 4121
3566 0 1
3567 0 1
3568 41 4152
3569 0 1
3570 0 1
3571 32 4197
3572 38 4192
3573 35 4176
3574 0 1
3575 33 4187
3576 0 1
3577 88 4202
3578 38 4214
3579 0 1
3580 47 4152
3581 0 1
3582 40 4158
3583 0 1
3584 33 4161
3585 35 4197
3586 34 4146
3587 0 1
3588 0 1
3589 31 4134
3590 35 4191
3591 32 4140
3592 53 4171
3593 0 1
3594 0 1
3595 80 4146
3596 39 4198
3597 38 4101
3598 33 4090
3599 41 4154
5200 43 4192
5201 45 4201
5202 0 1
5203 0 1
5204 30 4166
5205 54 4166
5206 34 4136
5207 0 1
5208 0 1
5209 76 4157
5210 0 1
5211 0 1
5212 0 1
5213 0 1
5214 0 1
5215 64 4160
5216 53 4113
5217 50 4098
5218 0 1
5219 0 1
5220 43 4153
5221 32 4197
5222 36 4219
5223 0 1
5224 0 1
5225 0 1
5226 9 2
5227 33 4136
5228 14 2
5229 14 2
5230 0 1
5231 0 1
5232 31 4208
5233 0 1
5234 45 4135
5235 48 4143
5236 78 4132
5237 0 1
5238 45 4121
5239 38 4156
5240 0 1
5241 47 4153
5242 0 1
5243 30 4152
5244 0 1
5245 74 4149
5246 0 1
5247 33 4167
5248 47 4125
5249 35 4144
5250 0 1
5251 34 4192
5252 69 4188
5253 0 1
5254 0 1
5255 34 4169
5256 50 4133
5257 39 4166
5258 40 4173
5259 0 1
5260 60 4170
5261 0 1
5262 0 1
5263 0 1
5264 47 4180
5265 34 4120
5266 36 4177
5267 33 4214
5268 0 1
5269 42 4092
5270 77 4192
5271 63 4164
5272 38 4162
5273 32 4116
5274 30 4155
5275 0 1
5276 0 1
5277 44 4157
5278 0 1
5279 0 1
5280 0 1
5281 0 1
5282 37 4185
5283 0 1
5284 0 1
5285 0 1
5286 37 4171
5287 32 4154
5288 39 4177
5289 54 4160
5290 45 4105
5291 55 4149
5292 0 1
5293 35 4184
5294 34 4176
5295 31 4156
5296 0 1
5297 0 1
5298 0 1
5299 29 4185
3200 36 4179
3201 57 4107
3202 64 4127
3203 39 4170
3204 51 4169
3205 38 4181
3206 36 4139
3207 42 4117
3208 34 4164
3209 36 4186
3210 33 4138
3211 30 4142
3212 33 4154
3213 0 1
3214 0 1
3215 33 4174
3216 45 4167
3217 30 4191
3218 0 1
3219 47 4172
3220 0 1
3221 33 4161
3222 34 4166
3223 42 4170
3224 36 4171
3225 65 4138
3226 36 4196
3227 30 4138
3228 40 4176
3229 42 4183
3230 31 4177
3231 33 4197
3232 31 4169
3233 99 4103
3234 50 4186
3235 32 4182
3236 34 4160
3237 0 1
3238 37 4187
3239 34 4178
3240 40 4152
3241 41 4164
3242 75 4199
3243 28 4110
3244 0 1
3245 32 4181
3246 41 4125
3247 51 4120
3248 34 4171
3249 35 4165
3250 33 4150
3251 45 4177
3252 0 1
3253 34 4161
3254 103 4181
3255 0 1
3256 31 4120
3257 0 1
3258 33 4178
3259 45 4164
3260 0 1
3261 49 4163
3262 35 4122
3263 0 1
3264 37 4194
3265 50 4114
3266 95 4188
3267 33 4144
3268 29 4163
3269 0 1
3270 34 4164
3271 84 4195
3272 35 4148
3273 37 4158
3274 30 4123
3275 33 4150
3276 38 4177
3277 0 1
3278 0 1
3279 39 4161
3280 35 4146
3281 31 4172
3282 33 4175
3283 42 4179
3284 51 4180
3285 0 1
3286 37 4171
3287 32 4207
3288 51 4179
3289 0 1
3290 31 4150
3291 35 4220
3292 34 4205
3293 0 1
3294 0 1
3295 31 4177
3296 36 4181
3297 35 4157
3298 0 1
3299 0 1
5500 0 1
5501 36 4137
5502 31 4172
5503 59 4183
5504 71 4171
5505 43 4193
5506 32 2
5507 41 2
5508 0 1
5509 0 1
5510 36 4168
5511 36 4182
5512 34 4125
5513 34 4180
5514 0 1
5515 31 4174
5516 37 4169
5517 10 2
5518 11 2
5519 0 1
5520 0 1
5521 0 1
5522 0 1
5523 33 4206
5524 39 4197
5525 39 4095
5526 40 4174
5527 45 4134
5528 0 1
5529 0 1
5530 40 4075
5531 0 1
5532 0 1
5533 0 1
5534 0 1
5535 0 1
5536 0 1
5537 49 4153
5538 0 1
5539 43 4155
5540 41 4147
5541 0 1
5542 0 1
5543 34 4144
5544 0 1
5545 36 4183
5546 0 1
5547 0 1
5548 87 4161
5549 0 1
5550 0 1
5551 33 4110
5552 44 4171
5553 31 4172
5554 32 4194
5555 36 4097
5556 56 4170
5557 34 4213
5558 0 1
5559 1 2
5560 16 2
5561 54 4174
5562 95 4193
5563 46 4173
5564 40 4115
5565 57 4164
5566 33 4187
5567 0 1
5568 0 1
5569 0 1
5570 74 4181
5571 0 1
5572 32 4205
5573 0 1
5574 0 1
5575 0 1
5576 0 1
5577 49 4202
5578 0 1
5579 0 1
5580 0 1
5581 106 4181
5582 51 4155
5583 41 4174
5584 0 1
5585 0 1
5586 49 4204
5587 37 4154
5588 0 1
5589 0 1
5590 41 4186
5591 46 4168
5592 0 1
5593 60 4124
5594 0 1
5595 0 1
5596 0 1
5597 0 1
5598 0 1
5599 0 1
1400 32 4123
1401 31 4151
1402 36 4160
1403 32 4152
1404 39 4178
1405 38 4215
1406 35 4164
1407 32 4130
1408 34 4194
1409 50 4141
1410 31 4166
1411 0 1
1412 35 4152
1413 39 4140
1414 32 4167
1415 29 4180
1416 33 4096
1417 27 4114
1418 31 4209
1419 32 4146
1420 49 4174
1421 33 4153
1422 42 4131
1423 44 4149
1424 52 4135
1425 35 4144
1426 35 4126
1427 33 4151
1428 37 4163
1429 30 4133
1430 33 4138
1431 0 1
1432 33 4110
1433 31 4180
1434 35 4142
1435 29 4121
1436 34 4151
1437 0 1
1438 31 4169
1439 26 4148
1440 36 4124
1441 57 4156
1442 0 1
1443 44 4140
1444 0 1
1445 42 4153
1446 29 4135
1447 36 4143
1448 32 4149
1449 32 4195
1450 34 4206
1451 36 4196
1452 31 4172
1453 30 4155
1454 0 1
1455 34 4112
1456 51 4195
1457 50 4190
1458 34 4130
1459 0 1
1460 67 4167
1461 40 4098
1462 29 4189
1463 32 4119
1464 41 4193
1465 37 4221
1466 41 4148
1467 0 1
1468 38 4127
1469 0 1
1470 38 4197
1471 38 4089
1472 41 4139
1473 0 1
1474 0 1
1475 30 4175
1476 31 4219
1477 29 4170
1478 30 4118
1479 31 4132
1480 36 4174
1481 37 4217
1482 30 4096
1483 36 4147
1484 35 4139
1485 31 4153
1486 34 4138
1487 34 4177
1488 39 4155
1489 30 4125
1490 33 4127
1491 33 4181
1492 31 4162
1493 33 4178
1494 34 4169
1495 34 4174
1496 31 4177
1497 32 4135
1498 34 4123
1499 46 4173
2500 36 4096
2501 40 4125
2502 37 4203
2503 100 4144
2504 48 4166
2505 31 4134
2506 32 4112
2507 33 4101
2508 37 4210
2509 41 4136
2510 55 4197
2511 31 4193
2512 0 1
2513 38 4180
2514 36 4173
2515 36 4198
2516 30 4228
2517 30 4198
2518 47 4146
2519 57 4158
2520 35 4162
2521 33 4169
2522 32 4177
2523 38 4149
2524 30 4165
2525 0 1
2526 32 4189
2527 40 4214
2528 30 4179
2529 34 4180
2530 34 4135
2531 0 1
2532 0 1
2533 29 4142
2534 31 4163
2535 33 4152
2536 29 4137
2537 34 4157
2538 31 4140
2539 0 1
2540 40 4146
2541 35 4153
2542 49 4143
2543 35 4179
2544 0 1
2545 0 1
2546 50 4199
2547 34 4170
2548 42 4140
2549 34 4165
2550 32 4139
2551 0 1
2552 49 4200
2553 37 4136
2554 33 4200
2555 35 4156
2556 60 4252
2557 41 4141
2558 50 4146
2559 45 4146
2560 34 4156
2561 33 4172
2562 28 4147
2563 0 1
2564 32 4150
2565 32 4150
2566 0 1
2567 37 4207
2568 37 4195
2569 36 4183
2570 29 4164
2571 35 4185
2572 34 4170
2573 35 4164
2574 35 4130
2575 37 4190
2576 32 4172
2577 34 4177
2578 48 4124
2579 32 4148
2580 34 4171
2581 0 1
2582 43 4140
2583 34 4121
2584 42 4179
2585 41 4175
2586 43 4173
2587 39 4161
2588 9 2
2589 49 4111
2590 51 4139
2591 30 4139
2592 29 4095
2593 30 4152
2594 33 4173
2595 34 4164
2596 64 4141
2597 0 1
2598 43 4180
2599 35 4191
4200 44 4181
4201 34 4153
4202 0 1
4203 37 4142
4204 33 4106
4205 31 4181
4206 31 4170
4207 39 4148
4208 43 4163
4209 32 4147
4210 37 4160
4211 0 1
4212 71 4136
4213 30 4157
4214 34 4126
4215 30 4122
4216 31 4139
4217 37 4218
4218 36 4174
4219 31 4195
4220 32 4190
4221 41 4178
4222 56 4193
4223 62 4122
4224 48 4162
4225 50 4176
4226 35 4195
4227 0 1
4228 0 1
4229 34 4200
4230 34 4151
4231 52 4202
4232 0 1
4233 82 4212
4234 34 4169
4235 39 4157
4236 42 4131
4237 32 4130
4238 36 4178
4239 0 1
4240 0 1
4241 0 1
4242 38 4179
4243 50 4142
4244 51 4151
4245 0 1
4246 49 4162
4247 37 4114
4248 45 4138
4249 39 4143
4250 59 4141
4251 0 1
4252 35 4125
4253 38 4199
4254 34 4147
4255 0 1
4256 35 4173
4257 35 4205
4258 63 4201
4259 31 4186
4260 34 4150
4261 78 4161
4262 50 4169
4263 66 4183
4264 50 4160
4265 38 4164
4266 0 1
4267 93 4150
4268 0 1
4269 35 4187
4270 29 4154
4271 52 4117
4272 37 4167
4273 0 1
4274 0 1
4275 38 4151
4276 31 4124
4277 35 4161
4278 0 1
4279 45 4163
4280 53 4134
4281 36 4150
4282 36 4168
4283 0 1
4284 33 4140
4285 58 4187
4286 0 1
4287 31 4124
4288 88 4143
4289 41 4114
4290 41 4146
4291 0 1
4292 39 4133
4293 69 4104
4294 34 4188
4295 44 4175
4296 37 4131
4297 0 1
4298 0 1
4299 0 1
6400 0 1
6401 0 1
6402 0 1
6403 0 1
6404 37 4188
6405 0 1
6406 0 1
6407 0 1
6408 12 2
6409 26 2
6410 0 1
6411 34 4184
6412 0 1
6413 0 1
6414 0 1
6415 36 4138
6416 0 1
6417 0 1
6418 0 1
6419 0 1
6420 0 1
6421 0 1
6422 0 1
6423 0 1
6424 50 4182
6425 0 1
6426 0 1
6427 45 4163
6428 0 1
6429 0 1
6430 55 4168
6431 54 4176
6432 89 4168
6433 35 4125
6434 50 4168
6435 68 4112
6436 0 1
6437 35 4186
6438 0 1
6439 0 1
6440 32 4175
6441 34 4169
6442 34 4135
6443 0 1
6444 0 1
6445 59 4154
6446 0 1
6447 38 4120
6448 40 4151
6449 0 1
6450 0 1
6451 51 4137
6452 92 4072
6453 0 1
6454 0 1
6455 0 1
6456 41 4177
6457 0 1
6458 43 4135
6459 0 1
6460 0 1
6461 0 1
6462 38 4137
6463 43 4169
6464 0 1
6465 0 1
6466 33 4158
6467 35 4154
6468 31 4186
6469 0 1
6470 3 2
6471 54 4168
6472 0 1
6473 0 1
6474 0 1
6475 0 1
6476 0 1
6477 0 1
6478 0 1
6479 0 1
6480 42 4148
6481 0 1
6482 0 1
6483 0 1
6484 0 1
6485 36 4216
6486 64 4213
6487 0 1
6488 38 4159
6489 0 1
6490 48 4169
6491 0 1
6492 0 1
6493 0 1
6494 0 1
6495 0 1
6496 0 1
6497 0 1
6498 0 1
6499 38 4164
2900 0 1
2901 32 4128
2902 40 4142
2903 34 4150
2904 33 4188
2905 40 4174
2906 65 4189
2907 41 4136
2908 46 4175
2909 40 4140
2910 34 4195
2911 28 4118
2912 31 4163
2913 48 4134
2914 58 4172
2915 0 1
2916 39 4133
2917 33 4180
2918 30 4210
2919 0 1
2920 46 4145
2921 31 4111
2922 30 4178
2923 39 4166
2924 32 4138
2925 34 4132
2926 41 4156
2927 39 4132
2928 33 4150
2929 39 4147
2930 36 4178
2931 38 4146
2932 35 4198
2933 34 4169
2934 46 4146
2935 0 1
2936 0 1
2937 34 4190
2938 33 4187
2939 35 4179
2940 34 4159
2941 35 4126
2942 35 4177
2943 32 4154
2944 33 4136
2945 35 4167
2946 35 4189
2947 33 4176
2948 35 4127
2949 38 4120
2950 42 4204
2951 44 4164
2952 34 4168
2953 45 4178
2954 35 4116
2955 32 4177
2956 0 1
2957 0 1
2958 0 1
2959 0 1
2960 32 4115
2961 30 4153
2962 35 4145
2963 31 4124
2964 33 4133
2965 38 4197
2966 33 4170
2967 0 1
2968 35 4164
2969 33 4094
2970 36 4141
2971 42 4148
2972 0 1
2973 32 4171
2974 30 4151
2975 37 4190
2976 34 4121
2977 35 4168
2978 108 4187
2979 0 1
2980 38 4155
2981 0 1
2982 44 4195
2983 36 4138
2984 36 4168
2985 46 4147
2986 34 4130
2987 27 4113
2988 35 4146
2989 40 4208
2990 38 4164
2991 37 4126
2992 33 4181
2993 37 4162
2994 31 4112
2995 45 4184
2996 31 4105
2997 40 4151
2998 35 4160
2999 42 4132
5900 0 1
5901 0 1
5902 0 1
5903 31 4183
5904 53 4139
5905 0 1
5906 0 1
5907 0 1
5908 42 4168
5909 0 1
5910 37 4191
5911 0 1
5912 0 1
5913 0 1
5914 0 1
5915 0 1
5916 0 1
5917 41 4131
5918 61 4174
5919 55 4139
5920 39 4166
5921 0 1
5922 51 4114
5923 39 4149
5924 48 4160
5925 54 4201
5926 51 4103
5927 43 4192
5928 57 4157
5929 40 4182
5930 0 1
5931 0 1
5932 35 4167
5933 0 1
5934 0 1
5935 0 1
5936 35 4105
5937 0 1
5938 0 1
5939 0 1
5940 0 1
5941 0 1
5942 35 4174
5943 27 4126
5944 35 4198
5945 46 4201
5946 60 4169
5947 0 1
5948 0 1
5949 43 4180
5950 33 4065
5951 56 4172
5952 0 1
5953 39 4176
5954 43 4178
5955 46 4162
5956 35 4158
5957 37 2
5958 8 2
5959 77 4160
5960 0 1
5961 90 4168
5962 0 1
5963 0 1
5964 44 4148
5965 0 1
5966 88 4181
5967 35 4146
5968 0 1
5969 0 1
5970 38 4115
5971 0 1
5972 32 4177
5973 52 4153
5974 93 4222
5975 0 1
5976 0 1
5977 0 1
5978 42 4151
5979 32 4113
5980 52 4127
5981 0 1
5982 0 1
5983 0 1
5984 30 4144
5985 0 1
5986 0 1
5987 0 1
5988 0 1
5989 46 4181
5990 0 1
5991 0 1
5992 0 1
5993 57 4091
5994 39 4181
5995 69 4116
5996 0 1
5997 0 1
5998 0 1
5999 36 4180
1300 34 4191
1301 34 4210
1302 28 4155
1303 35 4222
1304 32 4140
1305 31 4135
1306 33 4135
1307 31 4124
1308 31 4156
1309 35 4173
1310 32 4144
1311 33 4125
1312 33 4234
1313 34 4140
1314 30 4127
1315 32 4197
1316 35 4133
1317 36 4105
1318 36 4149
1319 6 2
1320 22 2
1321 33 4147
1322 35 4162
1323 41 4123
1324 39 4109
1325 33 4164
1326 0 1
1327 0 1
1328 0 1
1329 65 4193
1330 47 4166
1331 43 4175
1332 32 4221
1333 44 4143
1334 46 4169
1335 70 4219
1336 32 4114
1337 34 4159
1338 32 4126
1339 53 4137
1340 34 4166
1341 35 4159
1342 38 4185
1343 47 4172
1344 32 4184
1345 35 4181
1346 47 4139
1347 0 1
1348 37 4213
1349 43 4186
1350 37 4159
1351 35 4195
1352 30 4135
1353 45 4171
1354 38 4163
1355 35 4164
1356 33 4175
1357 0 1
1358 56 4215
1359 37 4134
1360 37 4112
1361 32 4139
1362 37 4181
1363 32 4142
1364 29 4184
1365 30 4145
1366 37 4160
1367 35 4179
1368 30 4203
1369 31 4172
1370 32 4124
1371 30 4164
1372 33 4178
1373 35 4152
1374 29 4166
1375 0 1
1376 32 4207
1377 32 4168
1378 31 4130
1379 38 4159
1380 34 4125
1381 36 4147
1382 31 4158
1383 30 4177
1384 28 4162
1385 33 4119
1386 30 4202
1387 31 4203
1388 37 4146
1389 31 4148
1390 38 4173
1391 40 4138
1392 34 4149
1393 30 4173
1394 29 4125
1395 62 4177
1396 31 4105
1397 37 4164
1398 34 4131
1399 33 4143
2200 37 4131
2201 34 4187
2202 0 1
2203 0 1
2204 37 4152
2205 33 4116
2206 34 4085
2207 31 4159
2208 38 4212
2209 37 4155
2210 45 4179
2211 38 4094
2212 32 4108
2213 35 4188
2214 35 4144
2215 30 4200
2216 34 4202
2217 34 4224
2218 34 4166
2219 36 4209
2220 37 4163
2221 33 4201
2222 39 4117
2223 32 4172
2224 35 4150
2225 34 4183
2226 32 4130
2227 30 4102
2228 39 4126
2229 38 4162
2230 30 4181
2231 33 4132
2232 37 4170
2233 39 4138
2234 32 4150
2235 29 4071
2236 31 4153
2237 35 4077
2238 35 4155
2239 28 4215
2240 0 1
2241 37 4157
2242 35 4137
2243 49 4189
2244 41 4135
2245 31 4129
2246 35 4211
2247 30 4105
2248 0 1
2249 32 4176
2250 29 4095
2251 36 4141
2252 41 4166
2253 32 4109
2254 33 4191
2255 35 4183
2256 44 4165
2257 33 4143
2258 35 4190
2259 33 4121
2260 32 4198
2261 35 4165
2262 33 4227
2263 42 4087
2264 30 4155
2265 31 4138
2266 34 4170
2267 35 4139
2268 36 4157
2269 38 4164
2270 35 4134
2271 32 4189
2272 30 4166
2273 37 4195
2274 48 4149
2275 41 4174
2276 36 4154
2277 36 4179
2278 0 1
2279 0 1
2280 58 4187
2281 32 4171
2282 0 1
2283 34 4185
2284 35 4168
2285 33 4146
2286 37 4162
2287 0 1
2288 33 4109
2289 33 4189
2290 30 4166
2291 40 4132
2292 39 4094
2293 0 1
2294 32 4138
2295 34 4144
2296 50 4159
2297 39 4200
2298 36 4133
2299 39 4166
4500 0 1
4501 35 4174
4502 37 4157
4503 35 4077
4504 36 4175
4505 47 4158
4506 34 4128
4507 41 4163
4508 30 4122
4509 42 4174
4510 42 4162
4511 35 4135
4512 34 4185
4513 0 1
4514 42 4165
4515 42 4135
4516 33 4130
4517 42 4138
4518 35 4188
4519 43 4181
4520 0 1
4521 33 4144
4522 40 4139
4523 0 1
4524 0 1
4525 38 4210
4526 33 4170
4527 37 4201
4528 58 4154
4529 0 1
4530 0 1
4531 0 1
4532 41 4156
4533 36 4145
4534 0 1
4535 0 1
4536 0 1
4537 0 1
4538 31 4166
4539 37 4219
4540 0 1
4541 34 4129
4542 69 4134
4543 33 4159
4544 55 4196
4545 32 4079
4546 35 4098
4547 52 4166
4548 0 1
4549 0 1
4550 0 1
4551 0 1
4552 31 4140
4553 0 1
4554 0 1
4555 0 1
4556 54 4210
4557 38 4159
4558 31 4177
4559 0 1
4560 44 4132
4561 0 1
4562 0 1
4563 57 4138
4564 59 4102
4565 33 4194
4566 0 1
4567 0 1
4568 0 1
4569 0 1
4570 0 1
4571 4 2
4572 42 4132
4573 118 4170
4574 45 4173
4575 45 4180
4576 0 1
4577 35 4160
4578 51 4116
4579 29 4159
4580 30 4154
4581 34 4163
4582 33 4128
4583 0 1
4584 16 2
4585 0 1
4586 0 1
4587 36 4150
4588 0 1
4589 0 1
4590 40 4141
4591 39 4162
4592 41 4169
4593 0 1
4594 38 4150
4595 35 4105
4596 32 4157
4597 35 4155
4598 47 4130
4599 76 4152
4900 54 4168
4901 32 4130
4902 44 4132
4903 44 4188
4904 57 4129
4905 43 4153
4906 34 4153
4907 45 4145
4908 50 4190
4909 46 4135
4910 36 4104
4911 63 4197
4912 0 1
4913 60 4165
4914 45 4089
4915 37 4171
4916 39 4140
4917 54 4118
4918 36 4167
4919 36 4181
4920 48 4170
4921 0 1
4922 40 4127
4923 38 4134
4924 38 4190
4925 36 4160
4926 57 4140
4927 90 4169
4928 0 1
4929 50 4184
4930 8 2
4931 13 2
4932 0 1
4933 31 4142
4934 36 4144
4935 84 4164
4936 40 4189
4937 58 4179
4938 106 4189
4939 33 4150
4940 31 4186
4941 32 4136
4942 37 4164
4943 51 4191
4944 0 1
4945 85 4160
4946 51 4168
4947 0 1
4948 53 4183
4949 0 1
4950 40 4212
4951 0 1
4952 30 4193
4953 40 4217
4954 44 4107
4955 41 4124
4956 36 4188
4957 32 4183
4958 39 4141
4959 0 1
4960 0 1
4961 0 1
4962 35 4119
4963 41 4157
4964 31 4188
4965 71 4140
4966 42 4204
4967 52 4200
4968 30 4171
4969 33 4188
4970 47 4147
4971 0 1
4972 78 4123
4973 50 4220
4974 42 4116
4975 40 4163
4976 43 4179
4977 0 1
4978 44 4193
4979 41 4150
4980 36 4163
4981 38 4118
4982 35 4124
4983 67 4184
4984 53 4123
4985 33 4137
4986 33 4158
4987 34 4150
4988 0 1
4989 39 4119
4990 0 1
4991 0 1
4992 0 1
4993 0 1
4994 88 4129
4995 0 1
4996 42 4199
4997 0 1
4998 34 4134
4999 33 2
3000 33 4127
3001 30 4127
3002 35 4201
3003 45 4161
3004 52 4216
3005 37 4138
3006 33 4136
3007 34 4157
3008 33 4157
3009 35 4125
3010 49 4168
3011 34 4179
3012 44 4119
3013 38 4184
3014 49 4101
3015 56 4149
3016 30 4167
3017 0 1
3018 34 4169
3019 54 4179
3020 43 4186
3021 0 1
3022 0 1
3023 34 4163
3024 0 1
3025 46 4208
3026 59 4200
3027 33 4184
3028 37 4151
3029 30 4148
3030 47 4192
3031 34 4137
3032 36 4169
3033 0 1
3034 39 4162
3035 93 4184
3036 42 4135
3037 37 4166
3038 38 4193
3039 20 2
3040 42 4192
3041 0 1
3042 0 1
3043 0 1
3044 7 2
3045 66 4184
3046 43 4164
3047 14 2
3048 38 4178
3049 34 4122
3050 34 4183
3051 37 4177
3052 51 4128
3053 31 4154
3054 39 4186
3055 39 4161
3056 39 4115
3057 35 4118
3058 44 4155
3059 0 1
3060 42 4202
3061 0 1
3062 37 4135
3063 35 4138
3064 37 4142
3065 36 4192
3066 32 4184
3067 2 2
3068 33 4173
3069 36 4217
3070 31 4161
3071 35 4126
3072 32 4153
3073 2 2
3074 24 2
3075 36 4143
3076 36 4148
3077 37 4169
3078 32 4143
3079 0 1
3080 0 1
3081 34 4119
3082 37 4095
3083 42 4179
3084 32 4135
3085 34 4141
3086 33 4175
3087 36 4173
3088 38 4183
3089 32 4151
3090 36 4155
3091 47 4138
3092 0 1
3093 0 1
3094 0 1
3095 55 4172
3096 50 4145
3097 62 4202
3098 31 4133
3099 38 4185
1600 34 4157
1601 34 4136
1602 31 4201
1603 33 4187
1604 27 4110
1605 34 4150
1606 32 4166
1607 55 4121
1608 31 4115
1609 36 4134
1610 51 4158
1611 8 2
1612 30 4140
1613 0 1
1614 0 1
1615 35 4200
1616 30 4160
1617 32 4257
1618 41 4242
1619 33 4155
1620 49 4154
1621 33 4143
1622 49 4161
1623 31 4124
1624 30 4115
1625 35 4166
1626 32 4170
1627 35 4175
1628 35 4139
1629 30 4097
1630 33 4148
1631 34 4221
1632 31 4175
1633 28 4156
1634 31 4140
1635 33 4171
1636 33 4132
1637 34 4144
1638 32 4170
1639 33 4166
1640 31 4133
1641 31 4146
1642 36 4210
1643 33 4160
1644 34 4160
1645 33 4141
1646 33 4195
1647 33 4206
1648 36 4136
1649 33 4200
1650 30 4206
1651 30 4148
1652 34 4194
1653 33 4154
1654 32 4133
1655 39 4104
1656 32 4206
1657 32 4122
1658 31 4130
1659 27 4103
1660 29 4171
1661 33 4145
1662 35 4143
1663 35 4126
1664 32 4226
1665 0 1
1666 37 4134
1667 32 4204
1668 40 4152
1669 49 4208
1670 32 4131
1671 41 4166
1672 34 4153
1673 31 4151
1674 33 4077
1675 43 4142
1676 37 4175
1677 32 4159
1678 34 4133
1679 41 4180
1680 0 1
1681 31 4185
1682 42 4208
1683 32 4200
1684 29 4185
1685 33 4181
1686 33 4172
1687 30 4195
1688 35 4172
1689 32 4113
1690 33 4160
1691 28 4183
1692 29 4198
1693 32 4205
1694 33 4157
1695 31 4179
1696 36 4138
1697 30 4156
1698 34 4150
1699 0 1
5000 9 2
5001 36 4161
5002 0 1
5003 45 4164
5004 29 4097
5005 38 4185
5006 40 4155
5007 42 4164
5008 40 4140
5009 39 4146
5010 42 4190
5011 36 4178
5012 31 4163
5013 32 4217
5014 44 4143
5015 40 4153
5016 0 1
5017 32 4153
5018 45 4156
5019 38 4202
5020 39 4119
5021 47 4125
5022 45 4150
5023 31 4174
5024 42 4136
5025 40 4103
5026 57 4152
5027 0 1
5028 46 4130
5029 43 4203
5030 65 4201
5031 41 4169
5032 41 4205
5033 32 4138
5034 52 4186
5035 77 4167
5036 41 4147
5037 38 4176
5038 30 4238
5039 37 4193
5040 45 4172
5041 36 4189
5042 40 4117
5043 60 4155
5044 44 4198
5045 42 4154
5046 42 4187
5047 51 4117
5048 79 4142
5049 0 1
5050 40 4193
5051 46 4177
5052 31 4187
5053 36 4159
5054 29 4157
5055 44 4146
5056 36 4191
5057 0 1
5058 37 4150
5059 47 4145
5060 59 4171
5061 35 4125
5062 31 4107
5063 34 4207
5064 46 4151
5065 54 4196
5066 0 1
5067 0 1
5068 57 4157
5069 0 1
5070 0 1
5071 36 4185
5072 46 4184
5073 0 1
5074 0 1
5075 51 4188
5076 53 4176
5077 0 1
5078 14 2
5079 19 2
5080 0 1
5081 0 1
5082 32 4128
5083 41 4109
5084 65 4247
5085 0 1
5086 40 4175
5087 55 4120
5088 18 2
5089 48 2
5090 0 1
5091 53 4174
5092 55 4171
5093 34 4140
5094 31 4131
5095 0 1
5096 40 4188
5097 0 1
5098 0 1
5099 46 4192
3900 0 1
3901 0 1
3902 2 2
3903 38 4118
3904 54 4126
3905 34 4161
3906 37 4145
3907 0 1
3908 33 4207
3909 32 4162
3910 42 4110
3911 34 4191
3912 0 1
3913 31 4120
3914 37 4202
3915 0 1
3916 88 4190
3917 38 4125
3918 51 4179
3919 39 4136
3920 32 4190
3921 41 4163
3922 35 4228
3923 63 4154
3924 44 4146
3925 44 4170
3926 51 4205
3927 38 4193
3928 81 4163
3929 38 4158
3930 33 4167
3931 52 4124
3932 44 4157
3933 36 4161
3934 35 4154
3935 76 4198
3936 39 4137
3937 35 4163
3938 0 1
3939 42 4141
3940 60 4160
3941 38 4157
3942 0 1
3943 39 4169
3944 0 1
3945 48 4177
3946 45 4165
3947 30 4137
3948 0 1
3949 50 4155
3950 35 4180
3951 44 4160
3952 39 4166
3953 39 4157
3954 0 1
3955 0 1
3956 0 1
3957 0 1
3958 0 1
3959 0 1
3960 35 4159
3961 30 4182
3962 61 4183
3963 46 4105
3964 61 4132
3965 0 1
3966 0 1
3967 67 4162
3968 68 4211
3969 37 4181
3970 35 4155
3971 41 4165
3972 0 1
3973 0 1
3974 0 1
3975 0 1
3976 0 1
3977 0 1
3978 0 1
3979 73 4133
3980 49 4112
3981 31 4196
3982 0 1
3983 60 4207
3984 35 4219
3985 31 4115
3986 0 1
3987 35 4161
3988 38 4175
3989 38 4180
3990 0 1
3991 0 1
3992 0 1
3993 0 1
3994 44 4155
3995 44 4157
3996 0 1
3997 0 1
3998 0 1
3999 0 1
1800 35 4166
1801 0 1
1802 32 4128
1803 38 4150
1804 45 4118
1805 0 1
1806 58 4193
1807 30 4225
1808 36 4202
1809 0 1
1810 32 4168
1811 34 4155
1812 32 4122
1813 39 4149
1814 32 4196
1815 26 4148
1816 37 4188
1817 33 4124
1818 40 4191
1819 31 4104
1820 32 4157
1821 41 4191
1822 30 4110
1823 34 4178
1824 36 4187
1825 37 4158
1826 34 4165
1827 37 4187
1828 61 4085
1829 40 4144
1830 28 4219
1831 33 4154
1832 31 4146
1833 38 4161
1834 38 4145
1835 35 4146
1836 32 4190
1837 36 4197
1838 32 4125
1839 31 4171
1840 34 4164
1841 32 4204
1842 50 4096
1843 31 4092
1844 34 4218
1845 35 4148
1846 31 4201
1847 34 4181
1848 33 4139
1849 55 4176
1850 32 4180
1851 33 4175
1852 35 4116
1853 37 4136
1854 42 4167
1855 31 4180
1856 43 4181
1857 31 4166
1858 48 4132
1859 31 4175
1860 37 4169
1861 35 4104
1862 34 4129
1863 41 4101
1864 36 4129
1865 145 4110
1866 46 4184
1867 39 4128
1868 31 4183
1869 28 4120
1870 35 4210
1871 39 4148
1872 43 4141
1873 34 4147
1874 37 4138
1875 32 4157
1876 41 4168
1877 31 4155
1878 35 4153
1879 33 4109
1880 34 4142
1881 37 4138
1882 0 1
1883 0 1
1884 39 4204
1885 32 4168
1886 43 4210
1887 32 4133
1888 33 4142
1889 34 4217
1890 0 1
1891 32 4192
1892 33 4140
1893 33 4216
1894 37 4184
1895 35 4190
1896 46 4206
1897 33 4129
1898 33 4165
1899 38 4160
800 32 4147
801 29 4138
802 32 4124
803 36 4129
804 33 4194
805 32 4112
806 32 4147
807 32 4195
808 32 4160
809 36 4156
810 32 4162
811 37 4150
812 34 4175
813 41 4170
814 36 4154
815 0 1
816 0 1
817 0 1
818 38 4199
819 34 4182
820 44 4131
821 32 4185
822 0 1
823 35 4152
824 32 4213
825 35 4156
826 31 4191
827 0 1
828 28 4164
829 30 4159
830 31 4171
831 0 1
832 31 4184
833 34 4141
834 32 4156
835 34 4169
836 34 4161
837 35 4144
838 0 1
839 33 4157
840 29 4193
841 36 4164
842 30 4166
843 29 4123
844 33 4156
845 36 4189
846 0 1
847 39 4164
848 32 4090
849 32 4125
850 35 4219
851 32 4169
852 34 4200
853 35 4197
854 30 4179
855 30 4177
856 29 4175
857 32 4155
858 31 4185
859 32 4137
860 33 4128
861 33 4221
862 33 4134
863 39 4170
864 38 4181
865 33 4170
866 0 1
867 41 4139
868 33 4118
869 40 4097
870 66 4135
871 32 4182
872 38 4111
873 0 1
874 58 4170
875 33 4168
876 31 4202
877 31 4078
878 34 4171
879 30 4144
880 45 4110
881 34 4202
882 34 4156
883 0 1
884 35 4124
885 35 4104
886 31 4152
887 28 4127
888 32 4154
889 35 4151
890 37 4168
891 35 4159
892 32 4209
893 36 4163
894 33 4204
895 47 4189
896 31 4160
897 34 4124
898 29 4157
899 28 4150
1700 32 4184
1701 29 4083
1702 35 4095
1703 35 4136
1704 32 4194
1705 59 4144
1706 39 4159
1707 35 4165
1708 36 4114
1709 40 4172
1710 31 4180
1711 39 4155
1712 0 1
1713 32 4092
1714 0 1
1715 32 4130
1716 42 4192
1717 33 4138
1718 31 4121
1719 34 4193
1720 55 4211
1721 56 4195
1722 34 4157
1723 0 1
1724 0 1
1725 0 1
1726 33 4103
1727 30 4126
1728 35 4133
1729 31 4153
1730 34 4225
1731 35 4104
1732 34 4174
1733 30 4124
1734 40 4172
1735 38 4203
1736 47 4156
1737 33 4150
1738 45 4203
1739 35 4164
1740 34 4143
1741 35 4191
1742 32 4123
1743 43 4177
1744 0 1
1745 36 4135
1746 43 4148
1747 34 4141
1748 40 4117
1749 32 4172
1750 32 4191
1751 33 4125
1752 35 4195
1753 33 4136
1754 35 4152
1755 33 4211
1756 31 4131
1757 0 1
1758 33 4200
1759 34 4125
1760 35 4196
1761 31 4174
1762 38 4184
1763 33 4123
1764 29 4112
1765 33 4190
1766 41 4136
1767 31 4161
1768 33 4193
1769 36 4190
1770 36 4151
1771 36 4127
1772 29 4177
1773 38 4146
1774 32 4084
1775 45 4122
1776 35 4149
1777 31 4200
1778 33 4154
1779 35 4154
1780 33 4217
1781 31 4172
1782 42 4127
1783 48 4105
1784 0 1
1785 29 4188
1786 0 1
1787 34 4133
1788 35 4134
1789 0 1
1790 42 4137
1791 45 4149
1792 38 4127
1793 34 4125
1794 34 4138
1795 0 1
1796 38 4176
1797 30 4144
1798 30 4152
1799 35 4156
1100 33 4178
1101 0 1
1102 0 1
1103 37 4170
1104 36 4189
1105 28 4167
1106 31 4206
1107 32 4123
1108 32 4167
1109 35 4147
1110 35 4142
1111 33 4137
1112 29 4176
1113 42 4132
1114 34 4165
1115 33 4160
1116 30 4194
1117 33 4150
1118 34 4093
1119 0 1
1120 41 4206
1121 35 4161
1122 31 4100
1123 32 4148
1124 34 4209
1125 32 4220
1126 36 4194
1127 0 1
1128 8 2
1129 8 2
1130 0 1
1131 33 4172
1132 28 4132
1133 37 4145
1134 31 4131
1135 35 4161
1136 29 4192
1137 37 4124
1138 36 4124
1139 0 1
1140 48 4088
1141 35 4141
1142 0 1
1143 43 4145
1144 31 4208
1145 0 1
1146 30 4166
1147 32 4168
1148 37 4219
1149 33 4142
1150 31 4194
1151 38 4212
1152 29 4176
1153 29 4198
1154 40 4124
1155 33 4166
1156 38 4146
1157 36 4164
1158 34 4173
1159 32 4170
1160 43 4186
1161 32 4095
1162 34 4174
1163 33 4130
1164 37 4148
1165 31 4153
1166 31 4151
1167 58 4212
1168 34 4181
1169 38 4169
1170 32 4175
1171 29 4150
1172 0 1
1173 36 4192
1174 35 4147
1175 30 4198
1176 38 4176
1177 39 4148
1178 33 4190
1179 38 4108
1180 29 4176
1181 29 4124
1182 34 4152
1183 32 4114
1184 28 4167
1185 34 4168
1186 30 4120
1187 43 4141
1188 32 4180
1189 34 4152
1190 34 4182
1191 36 4126
1192 38 4165
1193 59 4163
1194 34 4159
1195 0 1
1196 30 4170
1197 53 4162
1198 38 4069
1199 33 4127
2000 33 4129
2001 32 4172
2002 34 4140
2003 30 4182
2004 41 4131
2005 36 4171
2006 35 4130
2007 32 4114
2008 84 4138
2009 46 4130
2010 30 4163
2011 41 4194
2012 32 4131
2013 40 4179
2014 34 4164
2015 34 4179
2016 42 4139
2017 35 4154
2018 37 4187
2019 37 4122
2020 29 4183
2021 60 4221
2022 47 4123
2023 46 4153
2024 35 4151
2025 30 4152
2026 52 4185
2027 50 4204
2028 41 4152
2029 66 4149
2030 41 4199
2031 34 4111
2032 44 4169
2033 32 4151
2034 34 4175
2035 41 4158
2036 39 4173
2037 36 4169
2038 35 4225
2039 41 4124
2040 33 4165
2041 31 4192
2042 95 4183
2043 42 4165
2044 46 4145
2045 41 4162
2046 56 4189
2047 40 4193
2048 44 4144
2049 49 4154
2050 38 4155
2051 70 4175
2052 40 4188
2053 36 4114
2054 32 4072
2055 80 4132
2056 33 4144
2057 0 1
2058 33 4201
2059 39 4164
2060 32 4144
2061 32 4134
2062 37 4136
2063 38 4086
2064 60 4142
2065 38 4166
2066 33 4131
2067 34 4142
2068 34 4155
2069 47 4150
2070 46 4180
2071 33 4164
2072 39 4127
2073 33 4200
2074 41 4124
2075 33 4187
2076 34 4142
2077 27 4189
2078 34 4165
2079 38 4171
2080 36 4174
2081 0 1
2082 31 4225
2083 34 4140
2084 37 4180
2085 36 4111
2086 39 4126
2087 42 4144
2088 35 4157
2089 33 4174
2090 33 4189
2091 33 4209
2092 40 4160
2093 28 4144
2094 0 1
2095 0 1
2096 37 4126
2097 40 4188
2098 35 4142
2099 34 4153
100 33 4112
101 34 4152
102 30 4200
103 36 4135
104 30 4176
105 31 4155
106 28 4148
107 32 4195
108 32 4141
109 30 4128
110 31 4186
111 31 4160
112 27 4104
113 40 4161
114 43 4176
115 34 4199
116 58 4192
117 34 4186
118 31 4188
119 34 4141
120 31 4156
121 32 4165
122 38 4155
123 35 4143
124 31 4149
125 32 4164
126 40 4214
127 31 4189
128 34 4198
129 108 4224
130 52 4118
131 61 4178
132 41 4152
133 34 4180
134 38 4154
135 47 4135
136 36 4175
137 34 4190
138 40 4164
139 32 4213
140 31 4163
141 27 4161
142 43 4174
143 32 4178
144 37 4169
145 41 4207
146 32 4143
147 31 4200
148 0 1
149 55 4158
150 38 4141
151 0 1
152 33 4176
153 31 4162
154 32 4083
155 36 4179
156 34 4130
157 41 4182
158 39 4185
159 49 4172
160 57 4168
161 31 4181
162 34 4131
163 40 4119
164 35 4149
165 34 4158
166 31 4140
167 42 4199
168 37 4169
169 50 4160
170 30 4170
171 29 4170
172 32 4148
173 36 4144
174 31 4142
175 36 4216
176 34 4151
177 33 4180
178 0 1
179 42 4159
180 32 4158
181 33 4185
182 41 4135
183 53 4186
184 36 4165
185 36 4122
186 29 4230
187 33 4156
188 31 4129
189 41 4166
190 31 4144
191 32 4180
192 33 4169
193 29 4128
194 36 4117
195 37 4161
196 32 4191
197 34 4175
198 30 4164
199 31 4131
600 30 4159
601 34 4169
602 33 4157
603 31 4171
604 34 4196
605 29 4185
606 34 4108
607 33 4173
608 33 4178
609 29 4159
610 35 4226
611 31 4129
612 32 4172
613 32 4176
614 34 4185
615 51 4146
616 31 4144
617 31 4168
618 33 4154
619 28 4163
620 34 4127
621 40 4165
622 33 4143
623 32 4103
624 30 4184
625 30 4177
626 30 4144
627 39 4147
628 32 4165
629 30 4151
630 33 4191
631 33 4199
632 33 4214
633 34 4137
634 108 4187
635 32 4131
636 35 4128
637 32 4130
638 32 4176
639 31 4126
640 36 4125
641 31 4160
642 30 4173
643 28 4157
644 29 4152
645 30 4127
646 28 4146
647 31 4169
648 35 4133
649 35 4173
650 30 4147
651 32 4129
652 31 4185
653 34 4163
654 32 4155
655 36 4194
656 36 4134
657 33 4123
658 29 4152
659 54 4215
660 43 4197
661 24 2
662 5 2
663 0 1
664 0 1
665 40 4114
666 40 4176
667 35 4122
668 38 4154
669 32 4135
670 36 4207
671 37 4203
672 30 4151
673 34 4196
674 31 4229
675 32 4165
676 32 4150
677 34 4180
678 32 4126
679 34 4168
680 34 4187
681 31 4172
682 28 4193
683 0 1
684 65 4177
685 43 4109
686 0 1
687 0 1
688 0 1
689 7 2
690 27 2
691 0 1
692 0 1
693 30 4135
694 33 4156
695 30 4097
696 33 4185
697 38 4143
698 28 4093
699 40 4159
6100 0 1
6101 41 4169
6102 0 1
6103 0 1
6104 12 2
6105 27 2
6106 0 1
6107 39 4149
6108 0 1
6109 31 4191
6110 37 4172
6111 38 4173
6112 0 1
6113 0 1
6114 0 1
6115 0 1
6116 0 1
6117 0 1
6118 33 4090
6119 0 1
6120 0 1
6121 87 4135
6122 48 4137
6123 68 4145
6124 36 4185
6125 40 4149
6126 0 1
6127 43 4168
6128 41 4138
6129 74 4206
6130 0 1
6131 38 4175
6132 0 1
6133 76 4160
6134 0 1
6135 57 4159
6136 0 1
6137 0 1
6138 43 4123
6139 0 1
6140 39 4187
6141 0 1
6142 0 1
6143 57 4202
6144 46 4090
6145 0 1
6146 0 1
6147 45 4180
6148 9 2
6149 28 2
6150 0 1
6151 0 1
6152 0 1
6153 0 1
6154 56 4143
6155 41 4139
6156 0 1
6157 0 1
6158 35 4199
6159 91 4140
6160 0 1
6161 0 1
6162 0 1
6163 128 4228
6164 47 4189
6165 35 4133
6166 30 4136
6167 44 4201
6168 76 4147
6169 43 4095
6170 35 2
6171 5 2
6172 31 4203
6173 0 1
6174 74 4151
6175 0 1
6176 0 1
6177 0 1
6178 80 4106
6179 40 4131
6180 0 1
6181 0 1
6182 36 4177
6183 0 1
6184 0 1
6185 43 4226
6186 38 4195
6187 0 1
6188 0 1
6189 0 1
6190 33 4094
6191 34 4166
6192 36 4121
6193 0 1
6194 0 1
6195 0 1
6196 35 4190
6197 0 1
6198 0 1
6199 0 1
4000 0 1
4001 36 4178
4002 32 4189
4003 38 4197
4004 39 4162
4005 36 4147
4006 0 1
4007 34 4146
4008 33 4116
4009 32 4208
4010 0 1
4011 58 4179
4012 0 1
4013 0 1
4014 34 4183
4015 54 4161
4016 0 1
4017 49 4182
4018 34 4203
4019 37 4188
4020 50 4140
4021 35 4154
4022 57 4180
4023 49 4160
4024 36 4218
4025 38 4131
4026 49 4171
4027 40 4143
4028 31 4160
4029 49 4115
4030 31 4138
4031 50 4164
4032 41 4144
4033 50 4181
4034 34 4177
4035 0 1
4036 35 4134
4037 31 4144
4038 0 1
4039 0 1
4040 45 4202
4041 37 4194
4042 34 4124
4043 0 1
4044 0 1
4045 31 4113
4046 69 4116
4047 0 1
4048 0 1
4049 0 1
4050 33 4162
4051 31 4139
4052 57 4168
4053 0 1
4054 0 1
4055 0 1
4056 43 4164
4057 0 1
4058 0 1
4059 0 1
4060 0 1
4061 47 4158
4062 39 4136
4063 65 4151
4064 32 4125
4065 36 4125
4066 30 4160
4067 33 4176
4068 38 4175
4069 0 1
4070 37 4132
4071 0 1
4072 35 4124
4073 0 1
4074 32 4169
4075 35 4197
4076 31 4133
4077 48 4169
4078 0 1
4079 35 4181
4080 35 4157
4081 33 4154
4082 34 4243
4083 0 1
4084 55 4135
4085 0 1
4086 41 4171
4087 82 4114
4088 0 1
4089 0 1
4090 38 4121
4091 53 4165
4092 40 4134
4093 50 4187
4094 0 1
4095 40 4107
4096 38 4136
4097 42 4152
4098 35 4117
4099 35 4168
6000 55 4204
6001 50 4201
6002 39 4150
6003 54 4175
6004 46 4241
6005 30 4168
6006 0 1
6007 38 4130
6008 0 1
6009 35 4100
6010 66 4166
6011 19 2
6012 4 2
6013 0 1
6014 38 4166
6015 0 1
6016 0 1
6017 0 1
6018 39 4154
6019 0 1
6020 31 4177
6021 34 4126
6022 0 1
6023 0 1
6024 0 1
6025 34 4185
6026 0 1
6027 0 1
6028 0 1
6029 0 1
6030 0 1
6031 0 1
6032 0 1
6033 0 1
6034 0 1
6035 32 4116
6036 34 4142
6037 0 1
6038 6 2
6039 33 4135
6040 75 4160
6041 0 1
6042 35 4156
6043 0 1
6044 0 1
6045 61 4159
6046 0 1
6047 12 2
6048 0 1
6049 0 1
6050 0 1
6051 0 1
6052 0 1
6053 0 1
6054 0 1
6055 0 1
6056 43 4252
6057 42 4143
6058 0 1
6059 0 1
6060 0 1
6061 0 1
6062 39 4155
6063 59 4133
6064 41 4151
6065 0 1
6066 0 1
6067 42 4214
6068 49 4160
6069 39 4205
6070 0 1
6071 0 1
6072 36 4085
6073 41 4112
6074 95 4168
6075 50 4146
6076 0 1
6077 41 4135
6078 38 4202
6079 0 1
6080 2 2
6081 1 2
6082 0 1
6083 72 4140
6084 0 1
6085 30 4158
6086 0 1
6087 0 1
6088 0 1
6089 0 1
6090 0 1
6091 0 1
6092 40 4253
6093 0 1
6094 0 1
6095 53 4195
6096 43 4158
6097 0 1
6098 34 4138
6099 33 4194
2800 11 2
2801 39 2
2802 33 4161
2803 38 4182
2804 34 4151
2805 38 4162
2806 32 4179
2807 39 4164
2808 0 1
2809 0 1
2810 0 1
2811 0 1
2812 71 4202
2813 0 1
2814 0 1
2815 0 1
2816 0 1
2817 0 1
2818 0 1
2819 38 4119
2820 0 1
2821 0 1
2822 33 4175
2823 29 4164
2824 0 1
2825 0 1
2826 48 4145
2827 30 4111
2828 41 4110
2829 36 4168
2830 32 4147
2831 37 4144
2832 0 1
2833 33 4124
2834 32 4160
2835 32 4171
2836 35 4144
2837 55 4133
2838 46 4159
2839 53 4149
2840 31 4180
2841 42 4160
2842 33 4178
2843 41 4122
2844 34 4140
2845 43 4213
2846 34 4155
2847 36 4143
2848 35 4146
2849 38 4121
2850 34 4168
2851 30 4144
2852 41 4083
2853 41 4165
2854 34 4195
2855 40 4147
2856 0 1
2857 35 4174
2858 35 4193
2859 31 4158
2860 31 4180
2861 43 4156
2862 0 1
2863 35 4176
2864 34 4167
2865 46 4175
2866 35 4193
2867 55 4181
2868 100 4138
2869 0 1
2870 46 4114
2871 28 4140
2872 0 1
2873 38 4156
2874 48 4160
2875 30 4133
2876 36 4145
2877 31 4165
2878 31 4181
2879 38 4132
2880 34 4168
2881 35 4109
2882 33 4094
2883 35 4152
2884 35 4128
2885 37 4136
2886 32 4227
2887 37 4169
2888 42 4149
2889 38 4126
2890 39 4157
2891 0 1
2892 0 1
2893 40 4228
2894 43 4132
2895 0 1
2896 49 4206
2897 41 4142
2898 47 4143
2899 69 4171
0 35 4180
1 31 4097
2 35 4113
3 31 4209
4 34 4114
5 35 4200
6 30 4188
7 38 4154
8 32 4161
9 64 4192
10 34 4169
11 37 4188
12 32 4205
13 31 4198
14 31 4091
15 32 4161
16 34 4174
17 32 4187
18 31 4165
19 32 4149
20 34 4182
21 31 4155
22 31 4164
23 0 1
24 32 4140
25 33 4134
26 33 4172
27 37 4173
28 34 4158
29 30 4110
30 31 4155
31 32 4147
32 32 4170
33 30 4153
34 30 4181
35 0 1
36 33 4186
37 35 4104
38 33 4162
39 32 4152
40 36 4165
41 30 4203
42 28 4063
43 29 4144
44 30 4122
45 31 4130
46 0 1
47 34 4147
48 30 4170
49 32 4166
50 32 4172
51 30 4205
52 32 4212
53 36 4113
54 38 4138
55 40 4225
56 34 4135
57 35 4140
58 35 4199
59 36 4184
60 35 4169
61 31 4128
62 33 4141
63 33 4157
64 34 4144
65 35 4161
66 30 4142
67 30 4122
68 39 4127
69 33 4147
70 35 4133
71 32 4188
72 35 4183
73 0 1
74 35 4229
75 41 4190
76 0 1
77 32 4160
78 37 4144
79 31 4161
80 33 4228
81 32 4185
82 32 4220
83 29 4170
84 36 4167
85 36 4124
86 32 4168
87 33 4135
88 30 4180
89 35 4083
90 29 4136
91 34 4154
92 35 4195
93 37 4111
94 28 4177
95 34 4133
96 35 4191
97 34 4115
98 28 4139
99 33 4211
2700 73 4101
2701 32 4167
2702 35 4179
2703 33 4180
2704 30 4157
2705 36 4234
2706 38 4119
2707 32 4089
2708 37 4175
2709 46 4165
2710 33 4217
2711 0 1
2712 36 4154
2713 39 4137
2714 33 4173
2715 29 4119
2716 0 1
2717 48 4194
2718 37 4163
2719 33 4163
2720 41 4146
2721 35 4099
2722 39 4222
2723 39 4144
2724 34 4158
2725 32 4172
2726 34 4151
2727 35 4131
2728 37 4175
2729 35 4171
2730 32 4110
2731 34 4148
2732 41 4140
2733 34 4174
2734 0 1
2735 0 1
2736 0 1
2737 54 4170
2738 30 4127
2739 34 4138
2740 35 4173
2741 39 4221
2742 30 4130
2743 35 4156
2744 35 4200
2745 42 4155
2746 33 4203
2747 30 4216
2748 31 4189
2749 34 4168
2750 35 4167
2751 34 4187
2752 32 4145
2753 34 4150
2754 49 4128
2755 50 4116
2756 35 4127
2757 35 4188
2758 32 4187
2759 36 4186
2760 58 4134
2761 34 4122
2762 0 1
2763 37 4155
2764 41 4226
2765 0 1
2766 30 4144
2767 30 4146
2768 43 4169
2769 52 4132
2770 39 4187
2771 36 4153
2772 0 1
2773 32 4149
2774 39 4169
2775 41 4154
2776 34 4105
2777 48 4152
2778 44 4152
2779 35 4167
2780 33 4169
2781 29 4147
2782 33 4204
2783 27 4110
2784 31 4157
2785 30 4149
2786 30 4168
2787 32 4155
2788 31 4163
2789 31 4158
2790 38 4223
2791 30 4154
2792 35 4193
2793 33 4182
2794 34 4186
2795 39 4193
2796 33 4131
2797 38 4203
2798 37 4143
2799 0 1
2100 35 4149
2101 36 4207
2102 33 4180
2103 37 4124
2104 36 4096
2105 37 4107
2106 37 4179
2107 28 4171
2108 35 4138
2109 36 4211
2110 41 4159
2111 32 4142
2112 38 4235
2113 29 4166
2114 0 1
2115 0 1
2116 0 1
2117 38 4158
2118 0 1
2119 40 4137
2120 0 1
2121 40 4175
2122 30 4122
2123 36 4157
2124 32 4182
2125 28 4157
2126 32 4134
2127 93 4232
2128 34 4081
2129 35 4167
2130 40 4179
2131 36 4173
2132 31 4157
2133 35 4179
2134 31 4160
2135 29 4099
2136 38 4146
2137 41 4159
2138 34 4184
2139 31 4168
2140 34 4137
2141 33 4161
2142 37 4163
2143 31 4180
2144 34 4191
2145 35 4131
2146 33 4141
2147 39 4094
2148 30 4106
2149 33 4172
2150 38 4118
2151 54 4138
2152 37 4139
2153 29 4131
2154 32 4153
2155 0 1
2156 32 4145
2157 41 4138
2158 0 1
2159 48 4150
2160 45 4166
2161 31 4101
2162 0 1
2163 31 4163
2164 32 4138
2165 35 4157
2166 0 1
2167 35 4142
2168 37 4170
2169 34 4158
2170 29 4188
2171 31 4173
2172 32 4165
2173 0 1
2174 0 1
2175 0 1
2176 37 4214
2177 0 1
2178 0 1
2179 37 4191
2180 41 4180
2181 36 4144
2182 35 4204
2183 35 4166
2184 42 4127
2185 76 4184
2186 0 1
2187 33 4177
2188 33 4175
2189 33 4173
2190 0 1
2191 62 4162
2192 30 4202
2193 60 4114
2194 34 4168
2195 39 4181
2196 33 4243
2197 30 4161
2198 31 4203
2199 39 4157
4600 48 4104
4601 55 4166
4602 49 4167
4603 35 4181
4604 60 4144
4605 45 4222
4606 36 4174
4607 51 4189
4608 48 4161
4609 0 1
4610 34 4212
4611 46 4188
4612 0 1
4613 44 4174
4614 32 4142
4615 42 4179
4616 36 4177
4617 65 4155
4618 32 4161
4619 39 4165
4620 65 4181
4621 39 4183
4622 77 4179
4623 0 1
4624 39 4173
4625 4 2
4626 47 4143
4627 30 4113
4628 41 4152
4629 0 1
4630 0 1
4631 45 4132
4632 26 4116
4633 0 1
4634 29 4162
4635 0 1
4636 41 4161
4637 0 1
4638 36 4174
4639 36 4183
4640 0 1
4641 37 4143
4642 44 4138
4643 46 4173
4644 56 4132
4645 0 1
4646 44 4162
4647 39 4129
4648 35 4177
4649 34 4129
4650 69 4138
4651 27 4101
4652 37 4154
4653 43 4166
4654 42 4138
4655 45 4179
4656 94 4137
4657 0 1
4658 41 4170
4659 37 4227
4660 0 1
4661 80 4122
4662 41 4140
4663 43 4194
4664 42 4159
4665 45 4203
4666 0 1
4667 0 1
4668 39 4175
4669 33 4149
4670 47 4131
4671 39 4173
4672 37 4129
4673 34 4177
4674 37 4160
4675 0 1
4676 0 1
4677 36 4183
4678 32 4140
4679 0 1
4680 0 1
4681 46 4183
4682 55 2
4683 18 2
4684 54 4113
4685 67 4190
4686 0 1
4687 36 4154
4688 38 4163
4689 35 4177
4690 43 4156
4691 34 4087
4692 0 1
4693 35 4124
4694 38 4162
4695 30 4163
4696 36 4150
4697 0 1
4698 38 4163
4699 36 4179
4800 30 4188
4801 36 4200
4802 41 4170
4803 49 4112
4804 39 4119
4805 0 1
4806 0 1
4807 63 4158
4808 51 4201
4809 33 4204
4810 43 4112
4811 30 4148
4812 0 1
4813 55 4155
4814 0 1
4815 0 1
4816 42 4155
4817 0 1
4818 33 4115
4819 0 1
4820 0 1
4821 0 1
4822 31 4143
4823 0 1
4824 0 1
4825 0 1
4826 38 4152
4827 0 1
4828 0 1
4829 43 4173
4830 0 1
4831 43 4193
4832 0 1
4833 0 1
4834 81 4102
4835 0 1
4836 0 1
4837 37 4192
4838 0 1
4839 0 1
4840 69 4185
4841 0 1
4842 0 1
4843 33 4209
4844 47 4197
4845 34 4177
4846 0 1
4847 46 4217
4848 35 4130
4849 41 4157
4850 36 4129
4851 0 1
4852 99 4149
4853 37 4081
4854 8 2
4855 0 1
4856 0 1
4857 0 1
4858 0 1
4859 35 4175
4860 32 4124
4861 37 4107
4862 33 4166
4863 57 4201
4864 47 4186
4865 0 1
4866 0 1
4867 33 4176
4868 35 4187
4869 33 4158
4870 51 4192
4871 43 4089
4872 0 1
4873 0 1
4874 37 4214
4875 31 4112
4876 52 4111
4877 35 4170
4878 41 4154
4879 34 4176
4880 35 4144
4881 0 1
4882 33 4215
4883 34 4144
4884 32 4125
4885 30 4167
4886 41 4128
4887 0 1
4888 34 4207
4889 31 4207
4890 42 4153
4891 36 4133
4892 31 4133
4893 31 4176
4894 0 1
4895 34 4091
4896 36 4184
4897 55 4177
4898 36 4166
4899 36 4132
700 36 4148
701 35 4153
702 34 4129
703 32 4149
704 29 4192
705 34 4152
706 31 4135
707 31 4130
708 29 4125
709 34 4168
710 29 4215
711 32 4164
712 34 4167
713 29 4124
714 32 4152
715 33 4158
716 30 4184
717 34 4184
718 35 4147
719 35 4184
720 30 4142
721 32 4175
722 40 4176
723 33 4144
724 29 4221
725 0 1
726 29 4194
727 31 4175
728 33 4143
729 32 4163
730 0 1
731 0 1
732 0 1
733 29 4170
734 33 4157
735 32 4141
736 29 4142
737 32 4161
738 33 4180
739 35 4144
740 34 4165
741 36 4143
742 32 4155
743 53 4175
744 103 4129
745 30 4185
746 27 4139
747 31 4153
748 33 4134
749 34 4189
750 33 4165
751 79 4203
752 34 4134
753 0 1
754 0 1
755 20 2
756 29 4159
757 30 4206
758 32 4200
759 31 4180
760 46 4161
761 42 4138
762 59 4168
763 32 4134
764 0 1
765 36 4186
766 37 4135
767 38 4154
768 30 4134
769 31 4141
770 40 4176
771 38 4153
772 33 4119
773 32 4097
774 32 4100
775 32 4179
776 32 4159
777 30 4187
778 31 4182
779 30 4172
780 32 4180
781 35 4175
782 33 4176
783 34 4162
784 28 4132
785 38 4207
786 29 4178
787 34 4200
788 35 4149
789 31 4134
790 29 4163
791 31 4168
792 30 4137
793 33 4162
794 32 4175
795 38 4184
796 32 4177
797 36 4174
798 34 4163
799 40 4177
4700 32 4129
4701 0 1
4702 35 4104
4703 49 4202
4704 0 1
4705 0 1
4706 0 1
4707 0 1
4708 0 1
4709 0 1
4710 81 4174
4711 48 4162
4712 38 4159
4713 36 4136
4714 35 4109
4715 64 4136
4716 37 4197
4717 43 4153
4718 0 1
4719 34 4129
4720 33 4162
4721 0 1
4722 34 4184
4723 32 4118
4724 0 1
4725 35 4131
4726 33 4085
4727 36 4101
4728 44 4194
4729 0 1
4730 0 1
4731 0 1
4732 0 1
4733 37 4120
4734 0 1
4735 36 4113
4736 39 4132
4737 32 4182
4738 38 4206
4739 63 4176
4740 46 4145
4741 0 1
4742 32 4177
4743 33 4178
4744 59 4148
4745 33 4186
4746 35 4120
4747 32 4218
4748 38 4151
4749 0 1
4750 31 4200
4751 35 4168
4752 30 4191
4753 68 4102
4754 96 4160
4755 0 1
4756 0 1
4757 36 4219
4758 0 1
4759 0 1
4760 0 1
4761 0 1
4762 43 4168
4763 31 4137
4764 58 4167
4765 37 4203
4766 30 4163
4767 0 1
4768 53 4140
4769 33 4155
4770 36 4187
4771 88 4179
4772 37 4175
4773 37 4131
4774 39 4156
4775 37 4187
4776 0 1
4777 0 1
4778 38 4205
4779 36 4182
4780 59 4199
4781 38 4162
4782 30 4199
4783 39 4201
4784 57 4101
4785 0 1
4786 53 4115
4787 0 1
4788 47 2
4789 0 1
4790 0 1
4791 48 2
4792 2 2
4793 0 1
4794 36 4153
4795 38 4167
4796 0 1
4797 0 1
4798 36 4174
4799 32 4111
2600 34 4159
2601 35 4144
2602 36 4083
2603 33 4203
2604 42 4200
2605 35 4107
2606 33 4122
2607 40 4137
2608 35 4177
2609 35 4155
2610 37 4135
2611 36 4165
2612 46 4148
2613 32 4120
2614 33 4132
2615 33 4203
2616 35 4130
2617 0 1
2618 33 4193
2619 0 1
2620 34 4185
2621 38 4138
2622 0 1
2623 41 4169
2624 30 4164
2625 60 4241
2626 0 1
2627 0 1
2628 35 4155
2629 0 1
2630 34 4172
2631 51 4175
2632 0 1
2633 32 4143
2634 34 4175
2635 34 4132
2636 35 4167
2637 36 4149
2638 43 4178
2639 0 1
2640 0 1
2641 36 4112
2642 0 1
2643 0 1
2644 74 4168
2645 35 4133
2646 31 4108
2647 58 4191
2648 0 1
2649 0 1
2650 0 1
2651 31 4185
2652 35 4212
2653 39 4177
2654 38 4143
2655 33 4156
2656 37 4189
2657 39 4157
2658 33 4151
2659 38 4217
2660 0 1
2661 34 4189
2662 76 4155
2663 32 4187
2664 40 4113
2665 29 4116
2666 33 4160
2667 46 4113
2668 0 1
2669 67 4184
2670 32 4112
2671 37 4217
2672 33 4168
2673 43 4187
2674 36 4201
2675 60 4181
2676 45 4201
2677 42 4158
2678 30 4206
2679 43 4180
2680 35 4179
2681 36 4110
2682 37 4168
2683 45 4116
2684 34 4174
2685 31 4142
2686 29 4139
2687 31 4110
2688 41 4215
2689 37 4143
2690 52 4199
2691 53 4174
2692 0 1
2693 33 4109
2694 44 4109
2695 36 4151
2696 33 4156
2697 34 4131
2698 37 4166
2699 35 4135
4100 32 4164
4101 35 4182
4102 34 4145
4103 0 1
4104 38 4194
4105 38 4120
4106 36 4173
4107 54 4203
4108 0 1
4109 47 4134
4110 34 4217
4111 37 4152
4112 32 4216
4113 33 4173
4114 45 4164
4115 39 4157
4116 39 4206
4117 0 1
4118 37 4175
4119 34 4169
4120 36 4192
4121 37 4163
4122 36 4119
4123 41 4192
4124 40 4125
4125 35 4153
4126 0 1
4127 0 1
4128 36 4139
4129 34 4157
4130 33 4099
4131 35 4164
4132 30 4185
4133 61 4134
4134 55 4107
4135 0 1
4136 22 2
4137 22 2
4138 48 4159
4139 0 1
4140 0 1
4141 42 4185
4142 34 4154
4143 35 4197
4144 36 4190
4145 34 4127
4146 34 4156
4147 45 4144
4148 39 4171
4149 30 4183
4150 39 4169
4151 35 4122
4152 57 4184
4153 0 1
4154 32 4181
4155 36 4168
4156 57 4140
4157 49 4190
4158 41 4135
4159 56 4129
4160 0 1
4161 0 1
4162 40 4158
4163 46 4161
4164 45 4156
4165 47 4165
4166 38 4145
4167 37 4133
4168 44 4142
4169 35 4154
4170 35 4158
4171 52 4135
4172 43 4191
4173 0 1
4174 41 4156
4175 31 4133
4176 34 4128
4177 33 4147
4178 33 4129
4179 38 4107
4180 39 4166
4181 39 4170
4182 35 4178
4183 46 4164
4184 37 4185
4185 31 4142
4186 0 1
4187 0 1
4188 36 4165
4189 0 1
4190 33 4122
4191 0 1
4192 0 1
4193 40 4124
4194 38 4167
4195 34 4180
4196 0 1
4197 45 4152
4198 0 1
4199 36 4130
3800 40 4139
3801 39 4140
3802 29 4186
3803 35 4175
3804 33 4192
3805 0 1
3806 31 4174
3807 55 4149
3808 33 4200
3809 0 1
3810 0 1
3811 41 4194
3812 0 1
3813 38 4166
3814 80 4151
3815 33 4196
3816 0 1
3817 0 1
3818 0 1
3819 35 4130
3820 54 4158
3821 39 4193
3822 0 1
3823 56 4213
3824 0 1
3825 30 4202
3826 45 4126
3827 5 2
3828 3 2
3829 0 1
3830 33 4171
3831 0 1
3832 42 4156
3833 0 1
3834 44 4173
3835 0 1
3836 37 4140
3837 34 4168
3838 42 4123
3839 0 1
3840 41 4175
3841 42 4148
3842 31 4188
3843 0 1
3844 0 1
3845 0 1
3846 0 1
3847 0 1
3848 55 4130
3849 34 4205
3850 41 4096
3851 40 4139
3852 44 4135
3853 0 1
3854 52 4170
3855 34 4154
3856 0 1
3857 0 1
3858 0 1
3859 0 1
3860 42 4167
3861 32 4192
3862 32 4153
3863 36 4129
3864 28 4145
3865 38 4144
3866 42 4213
3867 0 1
3868 39 4174
3869 0 1
3870 35 4209
3871 33 4141
3872 0 1
3873 0 1
3874 0 1
3875 35 4178
3876 0 1
3877 0 1
3878 0 1
3879 35 4143
3880 0 1
3881 0 1
3882 38 4135
3883 36 4106
3884 32 4165
3885 55 4148
3886 37 4147
3887 34 4195
3888 0 1
3889 41 4142
3890 34 4200
3891 31 4148
3892 0 1
3893 41 4183
3894 32 4211
3895 50 4152
3896 46 4119
3897 40 4170
3898 0 1
3899 0 1
3700 99 4151
3701 37 4179
3702 39 4146
3703 57 4113
3704 44 4174
3705 32 4193
3706 29 4148
3707 42 4187
3708 0 1
3709 0 1
3710 0 1
3711 0 1
3712 111 4142
3713 0 1
3714 32 4184
3715 34 4161
3716 32 4188
3717 52 4149
3718 0 1
3719 50 4141
3720 46 4174
3721 30 4196
3722 34 4146
3723 0 1
3724 32 4140
3725 36 4176
3726 0 1
3727 63 4169
3728 37 4113
3729 37 4112
3730 35 4144
3731 35 4139
3732 33 4209
3733 0 1
3734 0 1
3735 0 1
3736 48 4216
3737 0 1
3738 47 4102
3739 41 4187
3740 44 4154
3741 36 4133
3742 37 4187
3743 36 4168
3744 0 1
3745 0 1
3746 0 1
3747 30 4129
3748 33 4170
3749 34 4131
3750 0 1
3751 0 1
3752 68 4154
3753 29 4142
3754 40 4142
3755 0 1
3756 34 4147
3757 27 4102
3758 35 4125
3759 0 1
3760 32 4146
3761 30 4151
3762 14 3
3763 58 4184
3764 5 3
3765 42 4148
3766 87 4162
3767 48 4181
3768 33 4150
3769 36 4154
3770 0 1
3771 40 4145
3772 0 1
3773 42 4145
3774 33 4212
3775 35 4178
3776 0 1
3777 38 4209
3778 72 4166
3779 0 1
3780 39 4195
3781 59 4180
3782 0 1
3783 35 4156
3784 0 1
3785 37 4156
3786 34 4222
3787 0 1
3788 70 4161
3789 37 4153
3790 32 4162
3791 53 4114
3792 50 4127
3793 53 4102
3794 38 4124
3795 35 4173
3796 34 4145
3797 33 4176
3798 40 4139
3799 0 1
3100 41 4180
3101 33 4207
3102 45 4100
3103 47 4176
3104 38 4137
3105 40 4163
3106 28 4102
3107 31 4130
3108 38 4148
3109 38 4094
3110 0 1
3111 36 4170
3112 36 4158
3113 0 1
3114 35 4181
3115 34 4088
3116 33 4105
3117 35 4107
3118 34 4151
3119 54 4125
3120 37 4124
3121 30 4223
3122 33 4188
3123 39 4174
3124 36 4198
3125 33 4211
3126 31 4176
3127 42 4242
3128 38 4131
3129 35 4153
3130 0 1
3131 34 4175
3132 30 4211
3133 36 4120
3134 0 1
3135 35 4153
3136 38 4131
3137 32 4161
3138 0 1
3139 31 4075
3140 37 4202
3141 0 1
3142 0 1
3143 0 1
3144 0 1
3145 46 4130
3146 31 4169
3147 34 4206
3148 35 4194
3149 38 4119
3150 0 1
3151 55 4157
3152 36 4164
3153 32 4128
3154 37 4190
3155 0 1
3156 0 1
3157 0 1
3158 0 1
3159 23 3
3160 39 3
3161 8 3
3162 40 4165
3163 0 1
3164 44 4160
3165 0 1
3166 0 1
3167 2 2
3168 38 4195
3169 92 4172
3170 35 4151
3171 34 4162
3172 36 4167
3173 41 4214
3174 57 4158
3175 39 4154
3176 37 4066
3177 39 4197
3178 34 4136
3179 43 4092
3180 39 4165
3181 35 4164
3182 32 4198
3183 0 1
3184 31 4194
3185 36 4144
3186 34 4172
3187 33 4088
3188 34 4178
3189 35 4119
3190 32 4152
3191 33 4165
3192 31 4142
3193 0 1
3194 37 4182
3195 0 1
3196 46 4155
3197 39 4155
3198 38 4196
3199 0 1
5600 0 1
5601 79 4169
5602 35 4161
5603 32 4200
5604 41 4198
5605 0 1
5606 0 1
5607 89 4167
5608 66 4142
5609 38 4183
5610 60 4146
5611 50 4171
5612 74 4147
5613 42 4168
5614 44 4217
5615 34 4155
5616 42 4167
5617 33 4157
5618 41 4133
5619 92 4154
5620 68 4185
5621 83 4166
5622 71 4196
5623 33 4191
5624 57 4194
5625 31 4173
5626 0 1
5627 52 4129
5628 52 4174
5629 53 4174
5630 46 4202
5631 36 4186
5632 40 4154
5633 65 4140
5634 31 4205
5635 0 1
5636 33 4182
5637 39 4150
5638 43 4169
5639 45 4211
5640 53 4158
5641 38 4132
5642 36 4177
5643 39 4154
5644 37 4156
5645 57 4156
5646 34 4186
5647 75 4148
5648 0 1
5649 0 1
5650 0 1
5651 0 1
5652 41 4114
5653 0 1
5654 36 4151
5655 0 1
5656 33 4136
5657 37 4208
5658 42 4110
5659 61 4178
5660 72 4152
5661 32 4166
5662 59 4149
5663 34 4107
5664 0 1
5665 37 4151
5666 0 1
5667 0 1
5668 37 4168
5669 0 1
5670 0 1
5671 0 1
5672 51 4171
5673 0 1
5674 42 4173
5675 0 1
5676 0 1
5677 0 1
5678 35 4146
5679 39 4134
5680 37 4095
5681 0 1
5682 0 1
5683 34 4125
5684 0 1
5685 58 4146
5686 0 1
5687 40 4174
5688 0 1
5689 41 4160
5690 39 4180
5691 50 4102
5692 43 4165
5693 35 4106
5694 0 1
5695 0 1
5696 55 4106
5697 38 4169
5698 0 1
5699 0 1
1000 31 4161
1001 34 4181
1002 41 4136
1003 34 4174
1004 30 4201
1005 76 4176
1006 16 2
1007 38 4139
1008 32 4148
1009 37 4160
1010 39 4136
1011 31 4180
1012 0 1
1013 0 1
1014 54 4120
1015 29 4133
1016 30 4112
1017 37 4145
1018 31 4139
1019 33 4198
1020 36 4262
1021 33 4165
1022 33 4195
1023 33 4196
1024 39 4183
1025 33 4151
1026 34 4136
1027 35 4166
1028 38 4197
1029 28 4194
1030 34 4205
1031 45 4180
1032 34 4170
1033 29 4159
1034 33 4180
1035 43 4146
1036 39 4129
1037 39 4111
1038 34 4142
1039 40 4181
1040 33 4211
1041 32 4209
1042 29 4156
1043 36 4142
1044 40 4229
1045 31 4184
1046 28 4122
1047 34 4116
1048 33 4195
1049 37 4162
1050 32 4204
1051 30 4149
1052 32 4165
1053 0 1
1054 35 4146
1055 40 4202
1056 37 4095
1057 36 4112
1058 40 4144
1059 30 4188
1060 58 4148
1061 36 4199
1062 30 4117
1063 35 4124
1064 33 4145
1065 33 4152
1066 32 4173
1067 31 4161
1068 40 4175
1069 29 4182
1070 46 4174
1071 32 4136
1072 33 4188
1073 34 4156
1074 26 4132
1075 33 4175
1076 36 4182
1077 35 4198
1078 28 4153
1079 38 4128
1080 30 4194
1081 32 4156
1082 34 4155
1083 34 4115
1084 35 4086
1085 32 4165
1086 30 4108
1087 41 4188
1088 32 4119
1089 29 4177
1090 34 4162
1091 31 4137
1092 35 4188
1093 31 4142
1094 0 1
1095 0 1
1096 30 4121
1097 0 1
1098 0 1
1099 42 4177
5800 0 1
5801 0 1
5802 32 4135
5803 47 4171
5804 78 4165
5805 55 4188
5806 39 4203
5807 0 1
5808 36 4156
5809 41 4172
5810 0 1
5811 0 1
5812 0 1
5813 0 1
5814 33 4192
5815 0 1
5816 0 1
5817 35 4159
5818 55 4172
5819 34 4161
5820 35 4135
5821 41 4151
5822 0 1
5823 33 4145
5824 0 1
5825 37 4168
5826 75 4152
5827 106 4189
5828 0 1
5829 0 1
5830 0 1
5831 0 1
5832 34 4117
5833 36 4133
5834 0 1
5835 0 1
5836 36 4150
5837 41 4147
5838 0 1
5839 56 4130
5840 54 4107
5841 0 1
5842 0 1
5843 0 1
5844 33 4133
5845 0 1
5846 0 1
5847 68 4165
5848 35 4146
5849 39 4176
5850 0 1
5851 39 4158
5852 0 1
5853 0 1
5854 39 4158
5855 37 4169
5856 0 1
5857 0 1
5858 0 1
5859 44 4180
5860 36 4152
5861 37 4193
5862 0 1
5863 31 4208
5864 0 1
5865 0 1
5866 0 1
5867 51 4113
5868 60 4169
5869 0 1
5870 56 4133
5871 32 4181
5872 40 4138
5873 35 4218
5874 0 1
5875 38 4181
5876 0 1
5877 54 4140
5878 32 4194
5879 33 4147
5880 0 1
5881 37 4213
5882 98 4130
5883 34 4175
5884 0 1
5885 0 1
5886 37 4177
5887 30 4155
5888 0 1
5889 0 1
5890 30 4178
5891 0 1
5892 0 1
5893 34 4169
5894 0 1
5895 0 1
5896 0 1
5897 0 1
5898 72 4118
5899 39 4148
5700 0 1
5701 33 4183
5702 0 1
5703 0 1
5704 36 4165
5705 50 4154
5706 0 1
5707 0 1
5708 0 1
5709 31 4177
5710 43 4221
5711 41 4114
5712 0 1
5713 0 1
5714 0 1
5715 35 4140
5716 38 4170
5717 56 4185
5718 0 1
5719 0 1
5720 54 4157
5721 42 4140
5722 33 4167
5723 52 4108
5724 44 4192
5725 0 1
5726 0 1
5727 0 1
5728 8 2
5729 12 2
5730 36 4133
5731 49 4148
5732 0 1
5733 0 1
5734 0 1
5735 35 4188
5736 57 4076
5737 0 1
5738 66 4149
5739 46 4151
5740 38 4144
5741 50 4140
5742 44 4140
5743 48 4203
5744 34 4177
5745 57 4144
5746 0 1
5747 0 1
5748 35 4159
5749 0 1
5750 0 1
5751 0 1
5752 0 1
5753 0 1
5754 0 1
5755 0 1
5756 33 4176
5757 0 1
5758 0 1
5759 0 1
5760 62 4163
5761 70 4180
5762 0 1
5763 0 1
5764 0 1
5765 42 4179
5766 11 2
5767 52 4207
5768 0 1
5769 44 4192
5770 0 1
5771 0 1
5772 0 1
5773 0 1
5774 0 1
5775 0 1
5776 0 1
5777 30 4169
5778 62 4169
5779 33 4181
5780 0 1
5781 36 4153
5782 0 1
5783 41 4135
5784 40 4147
5785 53 4177
5786 47 4187
5787 79 4167
5788 0 1
5789 0 1
5790 35 4189
5791 0 1
5792 0 1
5793 35 4131
5794 32 4150
5795 0 1
5796 0 1
5797 0 1
5798 0 1
5799 0 1
3600 38 4154
3601 35 4131
3602 0 1
3603 59 4162
3604 0 1
3605 36 4182
3606 0 1
3607 64 4168
3608 36 4176
3609 35 4161
3610 33 4123
3611 30 4164
3612 38 4133
3613 33 4198
3614 34 4184
3615 34 4204
3616 46 4166
3617 49 4170
3618 0 1
3619 41 4160
3620 43 4156
3621 35 4097
3622 62 4180
3623 33 4148
3624 30 4116
3625 0 1
3626 35 4121
3627 44 4170
3628 35 4112
3629 33 4115
3630 37 4145
3631 37 4148
3632 38 4164
3633 35 4176
3634 35 4184
3635 0 1
3636 32 4148
3637 0 1
3638 36 4173
3639 34 4152
3640 39 4151
3641 35 4126
3642 73 4122
3643 36 4145
3644 35 4188
3645 0 1
3646 38 4155
3647 0 1
3648 33 4185
3649 0 1
3650 34 4208
3651 40 4156
3652 69 4141
3653 78 4165
3654 44 4175
3655 0 1
3656 53 4158
3657 44 4147
3658 33 4202
3659 31 4156
3660 39 4140
3661 0 1
3662 30 4105
3663 30 4132
3664 0 1
3665 37 4188
3666 39 4135
3667 38 4163
3668 33 4154
3669 41 4164
3670 28 4189
3671 62 4139
3672 51 4139
3673 0 1
3674 38 4177
3675 40 4199
3676 39 4155
3677 33 4179
3678 46 4094
3679 37 4184
3680 0 1
3681 0 1
3682 35 4121
3683 0 1
3684 35 4119
3685 59 4167
3686 0 1
3687 38 4176
3688 57 4168
3689 34 4183
3690 40 4164
3691 86 4157
3692 0 1
3693 54 4137
3694 0 1
3695 0 1
3696 0 1
3697 0 1
3698 37 4175
3699 34 4110
5100 37 4124
5101 0 1
5102 0 1
5103 0 1
5104 0 1
5105 35 4198
5106 0 1
5107 31 4138
5108 32 4154
5109 0 1
5110 0 1
5111 39 4172
5112 61 4177
5113 46 4212
5114 65 2
5115 2 2
5116 0 1
5117 69 4186
5118 0 1
5119 40 4156
5120 0 1
5121 0 1
5122 0 1
5123 40 4115
5124 0 1
5125 42 4152
5126 38 4185
5127 33 4189
5128 53 4166
5129 0 1
5130 0 1
5131 8 2
5132 6 2
5133 0 1
5134 29 4118
5135 0 1
5136 35 4163
5137 0 1
5138 40 4162
5139 0 1
5140 0 1
5141 43 4164
5142 0 1
5143 0 1
5144 0 1
5145 32 4154
5146 35 4171
5147 0 1
5148 0 1
5149 35 4136
5150 0 1
5151 0 1
5152 35 4134
5153 0 1
5154 0 1
5155 12 2
5156 0 1
5157 0 1
5158 0 1
5159 48 4266
5160 36 4190
5161 0 1
5162 35 4158
5163 0 1
5164 34 4210
5165 43 4153
5166 0 1
5167 35 4176
5168 0 1
5169 69 4146
5170 0 1
5171 42 4123
5172 0 1
5173 0 1
5174 0 1
5175 55 4131
5176 0 1
5177 0 1
5178 0 1
5179 36 4131
5180 0 1
5181 0 1
5182 0 1
5183 79 4154
5184 34 4171
5185 41 4147
5186 0 1
5187 47 4190
5188 0 1
5189 69 4191
5190 36 4158
5191 0 1
5192 54 4154
5193 0 1
5194 40 4161
5195 54 4229
5196 33 4175
5197 0 1
5198 0 1
5199 0 1
3300 0 1
3301 0 1
3302 83 4214
3303 32 4120
3304 60 4123
3305 0 1
3306 35 4127
3307 37 4160
3308 51 4154
3309 0 1
3310 0 1
3311 33 4201
3312 35 4175
3313 38 4156
3314 0 1
3315 31 4182
3316 35 4083
3317 34 4171
3318 30 4182
3319 0 1
3320 0 1
3321 39 4166
3322 36 4161
3323 38 4168
3324 40 4135
3325 37 4154
3326 38 4114
3327 34 4152
3328 0 1
3329 38 4174
3330 74 4148
3331 56 4169
3332 0 1
3333 59 4214
3334 45 4166
3335 36 4171
3336 32 4193
3337 32 4213
3338 0 1
3339 61 4169
3340 41 4119
3341 52 4198
3342 30 4141
3343 34 4188
3344 0 1
3345 0 1
3346 39 4163
3347 36 4135
3348 31 4114
3349 39 4169
3350 0 1
3351 0 1
3352 0 1
3353 52 4197
3354 79 4220
3355 0 1
3356 41 4133
3357 0 1
3358 0 1
3359 35 4125
3360 0 1
3361 39 4190
3362 0 1
3363 0 1
3364 78 4206
3365 82 4168
3366 41 4134
3367 47 4140
3368 0 1
3369 49 4236
3370 0 1
3371 37 4167
3372 8 2
3373 36 2
3374 0 1
3375 80 4095
3376 34 4146
3377 35 4158
3378 34 4162
3379 33 4147
3380 31 4182
3381 35 4137
3382 50 4153
3383 33 4158
3384 45 4173
3385 37 4122
3386 31 4153
3387 34 4167
3388 30 4134
3389 36 4163
3390 117 4166
3391 45 4187
3392 0 1
3393 31 4175
3394 36 4182
3395 31 4139
3396 38 4129
3397 32 4165
3398 29 4163
3399 31 4152
6500 8 2
6501 0 1
6502 0 1
6503 0 1
6504 0 1
6505 31 4157
6506 0 1
6507 36 4147
6508 35 4185
6509 0 1
6510 0 1
6511 0 1
6512 0 1
6513 0 1
6514 128 4158
6515 0 1
6516 0 1
6517 43 4175
6518 51 4166
6519 0 1
6520 0 1
6521 0 1
6522 0 1
6523 0 1
6524 36 4161
6525 0 1
6526 0 1
6527 0 1
6528 45 4171
6529 0 1
6530 37 4213
6531 44 4140
6532 0 1
6533 0 1
6534 0 1
6535 0 1
6536 0 1
6537 0 1
6538 63 4163
6539 68 4168
6540 7 2
6541 0 1
6542 34 4155
6543 37 4211
6544 42 4139
6545 45 4196
6546 0 1
6547 0 1
6548 42 4172
6549 0 1
6550 34 4156
300 32 4131
301 39 4112
302 31 4198
303 32 4180
304 30 4194
305 34 4130
306 30 4136
307 34 4120
308 30 4177
309 37 4149
310 32 4148
311 34 4170
312 66 4177
313 31 4158
314 35 4152
315 31 4142
316 34 4173
317 32 4155
318 31 4174
319 36 4205
320 35 4097
321 33 4160
322 33 4194
323 34 4216
324 35 4158
325 33 4134
326 34 4103
327 33 4144
328 29 4139
329 34 4164
330 29 4164
331 34 4104
332 33 4167
333 28 4203
334 29 4190
335 34 4127
336 32 4097
337 68 4133
338 56 4184
339 0 1
340 48 4139
341 34 4092
342 38 4171
343 34 4158
344 33 4146
345 26 4164
346 0 1
347 34 4158
348 27 4185
349 32 4152
350 30 4139
351 32 4129
352 36 4147
353 0 1
354 31 4150
355 30 4149
356 34 4180
357 33 4130
358 38 4133
359 41 4164
360 33 4126
361 30 4126
362 34 4151
363 27 4166
364 0 1
365 0 1
366 0 1
367 0 1
368 38 4128
369 30 4173
370 0 1
371 36 4142
372 33 4155
373 33 4160
374 35 4184
375 38 4188
376 30 4168
377 35 4107
378 36 4201
379 14 2
380 0 1
381 38 4149
382 51 4142
383 47 4161
384 32 4194
385 38 4166
386 32 4147
387 38 4097
388 29 4113
389 33 4160
390 35 4190
391 34 4179
392 34 4211
393 31 4162
394 0 1
395 0 1
396 31 4115
397 36 4195
398 35 4156
399 31 4135
2400 31 4170
2401 37 4162
2402 53 4170
2403 38 4174
2404 31 4150
2405 33 4195
2406 37 4185
2407 48 4103
2408 0 1
2409 39 4104
2410 38 4144
2411 36 4126
2412 0 1
2413 0 1
2414 43 4122
2415 37 4134
2416 34 4197
2417 38 4182
2418 33 4156
2419 33 4198
2420 0 1
2421 0 1
2422 35 4117
2423 33 4134
2424 42 4176
2425 42 4138
2426 33 4156
2427 39 4110
2428 36 4110
2429 36 4160
2430 30 4194
2431 33 4184
2432 34 4140
2433 33 4145
2434 32 4187
2435 35 4155
2436 34 4156
2437 30 4164
2438 33 4129
2439 0 1
2440 30 4098
2441 34 4112
2442 30 4166
2443 35 4159
2444 39 4166
2445 36 4156
2446 41 4189
2447 35 4137
2448 37 4137
2449 33 4183
2450 36 4146
2451 38 4174
2452 34 4153
2453 35 4178
2454 35 4134
2455 37 4107
2456 29 4149
2457 34 4121
2458 34 4163
2459 30 4107
2460 32 4134
2461 33 4190
2462 28 4119
2463 34 4190
2464 0 1
2465 33 4131
2466 33 4183
2467 41 4194
2468 37 4180
2469 31 4163
2470 35 4159
2471 35 4142
2472 39 4138
2473 39 4120
2474 34 4160
2475 0 1
2476 37 4196
2477 36 4138
2478 0 1
2479 76 4166
2480 40 4188
2481 30 4157
2482 31 4149
2483 36 4186
2484 33 4215
2485 33 4125
2486 33 4171
2487 35 4103
2488 34 4134
2489 43 4188
2490 0 1
2491 44 4176
2492 60 4154
2493 0 1
2494 41 4172
2495 0 1
2496 35 4144
2497 35 4194
2498 43 4183
2499 0 1
1900 37 4167
1901 39 4181
1902 63 4130
1903 38 4
1904 82 4161
1905 31 4128
1906 35 4165
1907 36 4129
1908 34 4140
1909 37 4118
1910 50 4153
1911 34 4124
1912 36 4169
1913 32 4160
1914 32 4112
1915 30 4166
1916 28 4130
1917 33 4149
1918 32 4121
1919 29 4158
1920 29 4121
1921 30 4145
1922 44 4166
1923 28 4157
1924 33 4151
1925 44 4197
1926 31 4187
1927 35 4177
1928 29 4123
1929 31 4124
1930 29 4186
1931 38 4174
1932 36 4169
1933 32 4182
1934 33 4142
1935 36 4153
1936 33 4125
1937 33 4195
1938 40 4169
1939 41 4131
1940 53 4169
1941 32 4176
1942 32 4146
1943 0 1
1944 0 1
1945 44 4153
1946 32 4124
1947 34 4169
1948 0 1
1949 46 4153
1950 31 4111
1951 43 4145
1952 33 4204
1953 32 4186
1954 33 4112
1955 29 4198
1956 30 4205
1957 30 4164
1958 36 4040
1959 30 4150
1960 28 4112
1961 42 4175
1962 31 4194
1963 33 4180
1964 31 4129
1965 30 4191
1966 36 4104
1967 33 4115
1968 38 4180
1969 35 4148
1970 36 4162
1971 37 4140
1972 36 4120
1973 34 4141
1974 39 4171
1975 33 4196
1976 30 4144
1977 38 4190
1978 38 4149
1979 36 4177
1980 34 4150
1981 31 4149
1982 60 4127
1983 34 4169
1984 53 4163
1985 31 4189
1986 37 4160
1987 29 4140
1988 0 1
1989 37 4192
1990 34 4159
1991 32 4161
1992 33 4136
1993 47 4177
1994 35 4170
1995 35 4136
1996 32 4194
1997 32 4168
1998 35 4176
1999 36 4194
5300 40 4195
5301 0 1
5302 71 4162
5303 94 4126
5304 0 1
5305 44 4132
5306 62 4134
5307 57 4128
5308 0 1
5309 89 4167
5310 0 1
5311 0 1
5312 0 1
5313 54 4136
5314 30 4146
5315 0 1
5316 59 4137
5317 37 4173
5318 48 4157
5319 59 4200
5320 46 4199
5321 34 4154
5322 0 1
5323 0 1
5324 37 4150
5325 83 4228
5326 36 4165
5327 43 4163
5328 30 4161
5329 0 1
5330 69 2
5331 15 2
5332 75 4167
5333 0 1
5334 0 1
5335 0 1
5336 41 4153
5337 30 4173
5338 0 1
5339 31 4147
5340 5 2
5341 0 1
5342 0 1
5343 0 1
5344 0 1
5345 34 4218
5346 41 4135
5347 45 4197
5348 60 4139
5349 32 4191
5350 44 4127
5351 0 1
5352 0 1
5353 0 1
5354 0 1
5355 29 4110
5356 33 4183
5357 34 4136
5358 39 4178
5359 48 4159
5360 0 1
5361 30 4171
5362 37 4149
5363 30 4128
5364 0 1
5365 0 1
5366 73 4118
5367 34 4106
5368 0 1
5369 0 1
5370 38 4091
5371 35 4199
5372 35 4141
5373 43 4210
5374 35 4147
5375 53 4157
5376 36 4180
5377 0 1
5378 75 4101
5379 0 1
5380 34 4152
5381 0 1
5382 0 1
5383 31 4168
5384 54 4171
5385 44 4135
5386 0 1
5387 38 4196
5388 31 2
5389 39 4203
5390 59 4099
5391 0 1
5392 44 4167
5393 74 4214
5394 38 4105
5395 0 1
5396 0 1
5397 0 1
5398 0 1
5399 36 4210
6200 0 1
6201 0 1
6202 0 1
6203 76 4136
6204 0 1
6205 0 1
6206 0 1
6207 38 4152
6208 0 1
6209 0 1
6210 0 1
6211 0 1
6212 0 1
6213 3 2
6214 0 1
6215 0 1
6216 0 1
6217 0 1
6218 0 1
6219 0 1
6220 4 2
6221 33 4212
6222 69 4192
6223 0 1
6224 47 4179
6225 35 4141
6226 0 1
6227 0 1
6228 0 1
6229 0 1
6230 0 1
6231 34 4119
6232 0 1
6233 44 4171
6234 34 4211
6235 0 1
6236 52 4199
6237 76 4185
6238 0 1
6239 0 1
6240 0 1
6241 51 4149
6242 110 4160
6243 0 1
6244 37 4209
6245 0 1
6246 39 4158
6247 0 1
6248 36 4159
6249 0 1
6250 0 1
6251 0 1
6252 0 1
6253 0 1
6254 0 1
6255 0 1
6256 0 1
6257 44 4152
6258 44 4106
6259 0 1
6260 55 4148
6261 52 4197
6262 89 4120
6263 0 1
6264 0 1
6265 43 4133
6266 0 1
6267 50 4125
6268 0 1
6269 0 1
6270 0 1
6271 0 1
6272 0 1
6273 0 1
6274 0 1
6275 44 4206
6276 38 4143
6277 67 4216
6278 42 4150
6279 36 4174
6280 30 4129
6281 49 4190
6282 42 4192
6283 0 1
6284 45 4141
6285 78 4204
6286 51 4174
6287 53 4157
6288 74 4136
6289 40 4108
6290 0 1
6291 33 4208
6292 55 4194
6293 52 4184
6294 50 4117
6295 0 1
6296 0 1
6297 0 1
6298 0 1
6299 39 4181
4400 34 4132
4401 0 1
4402 0 1
4403 40 4158
4404 34 4146
4405 38 4142
4406 48 4152
4407 44 4186
4408 46 4138
4409 34 4137
4410 0 1
4411 41 4157
4412 40 4132
4413 33 4190
4414 39 4164
4415 0 1
4416 0 1
4417 0 1
4418 33 4179
4419 33 4185
4420 33 4224
4421 0 1
4422 38 4123
4423 35 4122
4424 34 4202
4425 41 4117
4426 42 4134
4427 48 4140
4428 0 1
4429 37 4184
4430 43 4192
4431 40 4150
4432 38 4133
4433 35 4154
4434 42 4162
4435 0 1
4436 0 1
4437 0 1
4438 34 4165
4439 0 1
4440 0 1
4441 36 4158
4442 54 4134
4443 31 4135
4444 0 1
4445 0 1
4446 47 4119
4447 0 1
4448 45 4161
4449 0 1
4450 0 1
4451 0 1
4452 0 1
4453 0 1
4454 0 1
4455 38 4154
4456 0 1
4457 35 4180
4458 56 4151
4459 0 1
4460 38 4169
4461 40 4159
4462 0 1
4463 31 4202
4464 43 4173
4465 0 1
4466 0 1
4467 35 4122
4468 0 1
4469 31 4190
4470 53 4193
4471 0 1
4472 0 1
4473 33 4131
4474 0 1
4475 0 1
4476 0 1
4477 0 1
4478 36 4159
4479 78 4158
4480 0 1
4481 0 1
4482 0 1
4483 51 4170
4484 47 4127
4485 50 4159
4486 38 4157
4487 0 1
4488 0 1
4489 38 4125
4490 33 4199
4491 35 4158
4492 55 4196
4493 59 4134
4494 0 1
4495 54 4126
4496 50 4164
4497 59 4251
4498 39 4167
4499 0 1
2300 0 1
2301 36 4140
2302 39 4167
2303 36 4126
2304 0 1
2305 33 4149
2306 31 4100
2307 33 4056
2308 0 1
2309 0 1
2310 0 1
2311 31 4143
2312 34 4123
2313 32 4170
2314 61 4126
2315 30 4142
2316 33 4131
2317 31 4167
2318 33 4109
2319 36 4216
2320 62 4183
2321 43 4167
2322 32 4192
2323 35 4171
2324 35 4192
2325 53 4205
2326 36 4166
2327 34 4166
2328 33 4177
2329 54 4210
2330 31 4104
2331 34 4155
2332 36 4164
2333 38 4107
2334 0 1
2335 57 4098
2336 3 2
2337 34 4098
2338 42 4140
2339 30 4144
2340 0 1
2341 36 4068
2342 40 4113
2343 39 4138
2344 53 4205
2345 36 4193
2346 40 4152
2347 31 4167
2348 32 4162
2349 27 4183
2350 40 4148
2351 32 4158
2352 0 1
2353 32 4153
2354 33 4176
2355 39 4133
2356 0 1
2357 0 1
2358 0 1
2359 42 4137
2360 32 4183
2361 32 4198
2362 32 4175
2363 0 1
2364 39 4159
2365 37 4145
2366 34 4142
2367 38 4138
2368 0 1
2369 41 4148
2370 38 4163
2371 32 4114
2372 34 4188
2373 0 1
2374 0 1
2375 35 4178
2376 33 4115
2377 37 4234
2378 0 1
2379 0 1
2380 37 4156
2381 35 4191
2382 31 4135
2383 39 4174
2384 68 2
2385 7 2
2386 45 4154
2387 48 4162
2388 51 4096
2389 50 4141
2390 0 1
2391 52 4204
2392 44 4183
2393 40 4168
2394 48 4126
2395 32 4183
2396 32 4207
2397 30 4127
2398 30 4184
2399 57 4182
1200 34 4191
1201 31 4157
1202 38 4121
1203 33 4183
1204 32 4160
1205 33 4156
1206 34 4138
1207 39 4100
1208 36 4200
1209 31 4204
1210 32 4173
1211 30 4167
1212 34 4109
1213 34 4205
1214 35 4133
1215 32 4146
1216 31 4185
1217 34 4125
1218 29 4183
1219 36 4146
1220 35 4168
1221 32 4174
1222 32 4157
1223 38 4161
1224 0 1
1225 33 4141
1226 31 4082
1227 35 4188
1228 35 4156
1229 34 4096
1230 33 4164
1231 31 4173
1232 30 4189
1233 30 4086
1234 59 4176
1235 30 4201
1236 30 4130
1237 33 4133
1238 37 4096
1239 35 4159
1240 39 4081
1241 38 4167
1242 35 4163
1243 32 4214
1244 42 4180
1245 32 4135
1246 33 4182
1247 38 4151
1248 33 4212
1249 35 4112
1250 35 4200
1251 53 4173
1252 35 4141
1253 38 4186
1254 34 4197
1255 37 4172
1256 36 4141
1257 33 4149
1258 33 4166
1259 0 1
1260 31 4173
1261 113 4186
1262 33 4138
1263 35 4151
1264 35 4190
1265 41 4177
1266 63 4174
1267 40 4181
1268 38 4207
1269 35 4130
1270 38 4169
1271 35 4123
1272 34 4179
1273 66 4175
1274 3 2
1275 34 4172
1276 36 4156
1277 32 4154
1278 34 4143
1279 33 4149
1280 33 4130
1281 36 4188
1282 33 4171
1283 37 4144
1284 36 4132
1285 34 4173
1286 34 4135
1287 31 4228
1288 36 4167
1289 35 4229
1290 31 4175
1291 43 4129
1292 32 4118
1293 0 1
1294 0 1
1295 53 4162
1296 37 4169
1297 31 4148
1298 0 1
1299 0 1
3400 38 4185
3401 30 4142
3402 33 4147
3403 35 4171
3404 47 4204
3405 100 4170
3406 32 4172
3407 34 4183
3408 33 4146
3409 46 4107
3410 39 4144
3411 30 4185
3412 41 4170
3413 42 4136
3414 0 1
3415 35 4243
3416 37 4166
3417 0 1
3418 38 4156
3419 32 4200
3420 40 4207
3421 31 4127
3422 30 4154
3423 29 4161
3424 36 4154
3425 30 4189
3426 29 4153
3427 44 4155
3428 31 4216
3429 37 4162
3430 36 4095
3431 39 4129
3432 40 4137
3433 37 4131
3434 50 4201
3435 45 4158
3436 34 4124
3437 34 4159
3438 34 4184
3439 31 4167
3440 36 4193
3441 35 4130
3442 34 4123
3443 34 4174
3444 36 4132
3445 29 4131
3446 32 4208
3447 60 4142
3448 36 4146
3449 40 4135
3450 60 4185
3451 36 4198
3452 37 4183
3453 39 4198
3454 31 4127
3455 0 1
3456 0 1
3457 71 4148
3458 0 1
3459 0 1
3460 51 4179
3461 35 4182
3462 39 4152
3463 35 4139
3464 37 4178
3465 36 4168
3466 33 4180
3467 45 4199
3468 36 4132
3469 45 4082
3470 35 4145
3471 0 1
3472 53 4147
3473 31 4238
3474 30 4181
3475 25 4164
3476 39 4231
3477 34 4176
3478 43 4149
3479 40 4185
3480 37 4190
3481 31 4209
3482 31 4170
3483 34 4163
3484 0 1
3485 0 1
3486 35 4156
3487 88 4162
3488 34 4137
3489 36 4102
3490 30 4153
3491 0 1
3492 0 1
3493 0 1
3494 46 4170
3495 0 1
3496 36 4128
3497 63 4089
3498 0 1
3499 40 4180
900 35 4113
901 36 4141
902 36 4160
903 32 4168
904 33 4123
905 53 4148
906 32 4186
907 39 4199
908 66 4163
909 40 4138
910 30 4187
911 28 4085
912 32 4147
913 36 4188
914 27 4143
915 37 4145
916 31 4154
917 34 4160
918 37 4203
919 32 4179
920 33 4122
921 32 4197
922 36 4170
923 40 4167
924 31 4183
925 32 4145
926 33 4172
927 34 4182
928 37 4144
929 35 4195
930 44 4102
931 0 1
932 40 4176
933 30 4163
934 38 4134
935 32 4144
936 34 4101
937 36 4164
938 30 4154
939 32 4210
940 37 4157
941 34 4178
942 28 4168
943 29 4187
944 33 4122
945 32 4110
946 34 4166
947 33 4159
948 33 4108
949 32 4176
950 34 4180
951 30 4151
952 33 4097
953 27 4122
954 33 4148
955 33 4162
956 38 4123
957 34 4179
958 40 4172
959 32 4177
960 33 4147
961 34 4192
962 33 4182
963 30 4162
964 34 4108
965 34 4124
966 34 4167
967 32 4195
968 28 4147
969 32 4223
970 33 4160
971 29 4159
972 35 4160
973 32 4150
974 38 4178
975 38 4180
976 31 4183
977 32 4201
978 37 4168
979 36 4171
980 56 4168
981 31 4184
982 28 4137
983 34 4147
984 29 4163
985 32 4180
986 29 4194
987 31 4186
988 31 4135
989 33 4148
990 30 4125
991 29 4079
992 38 4185
993 36 4155
994 32 4137
995 27 4142
996 33 4161
997 34 4191
998 33 4171
999 34 4111
500 31 4118
501 0 1
502 32 4185
503 52 4185
504 0 1
505 32 4114
506 31 4124
507 35 4149
508 73 4066
509 41 4154
510 31 4206
511 29 4120
512 34 4150
513 30 4127
514 32 4177
515 33 4173
516 33 4119
517 37 4208
518 37 4205
519 33 4146
520 43 4135
521 35 4197
522 35 4142
523 30 4159
524 27 4232
525 37 4124
526 33 4129
527 30 4179
528 36 4155
529 37 4206
530 33 4182
531 40 4169
532 39 4200
533 35 4159
534 36 4161
535 33 4177
536 43 4192
537 39 4170
538 32 4222
539 31 4152
540 29 4168
541 31 4115
542 36 4157
543 54 4197
544 31 4162
545 32 4182
546 32 4122
547 31 4169
548 36 4163
549 34 4180
550 34 4128
551 38 4176
552 32 4217
553 49 4133
554 31 4211
555 31 4130
556 43 4161
557 36 4138
558 55 4171
559 46 4155
560 34 4150
561 33 4138
562 38 4223
563 33 4173
564 32 4090
565 0 1
566 0 1
567 56 4090
568 31 4174
569 53 4159
570 66 4201
571 39 4159
572 34 4153
573 33 4109
574 34 4090
575 28 4198
576 30 4160
577 33 4114
578 29 4143
579 32 4153
580 31 4162
581 32 4158
582 32 4132
583 30 4209
584 32 4210
585 27 4132
586 32 4063
587 34 4131
588 33 4155
589 36 4132
590 36 4153
591 36 4164
592 31 4191
593 34 4201
594 31 4144
595 36 4178
596 29 4158
597 35 4138
598 32 4157
599 34 4119
4300 60 4137
4301 31 4188
4302 61 4157
4303 0 1
4304 32 4192
4305 34 4216
4306 45 4152
4307 60 4109
4308 0 1
4309 0 1
4310 0 1
4311 35 4149
4312 0 1
4313 38 4127
4314 42 4201
4315 0 1
4316 0 1
4317 36 4162
4318 46 4206
4319 0 1
4320 34 4150
4321 35 4103
4322 0 1
4323 0 1
4324 0 1
4325 0 1
4326 32 4237
4327 32 4159
4328 37 4170
4329 0 1
4330 0 1
4331 86 4153
4332 38 4198
4333 37 4159
4334 35 4237
4335 38 4170
4336 0 1
4337 0 1
4338 0 1
4339 0 1
4340 0 1
4341 28 4100
4342 36 4157
4343 33 4109
4344 45 4164
4345 50 4123
4346 32 4190
4347 33 4116
4348 57 4149
4349 42 4161
4350 36 4107
4351 70 4194
4352 38 4177
4353 0 1
4354 60 4182
4355 0 1
4356 80 4155
4357 0 1
4358 31 4077
4359 20 2
4360 0 1
4361 0 1
4362 36 4162
4363 35 4132
4364 48 4192
4365 53 4176
4366 0 1
4367 34 4089
4368 110 4183
4369 0 1
4370 31 4133
4371 34 4169
4372 35 4196
4373 0 1
4374 0 1
4375 0 1
4376 53 4145
4377 41 4177
4378 41 4177
4379 0 1
4380 0 1
4381 32 4200
4382 81 4158
4383 37 4170
4384 50 4170
4385 36 4171
4386 0 1
4387 48 4187
4388 37 4140
4389 32 4179
4390 71 4150
4391 43 4170
4392 0 1
4393 41 4157
4394 31 4139
4395 58 4150
4396 36 4180
4397 38 4119
4398 50 4145
4399 42 4213
200 46 4176
201 32 4155
202 33 4143
203 34 4142
204 32 4183
205 31 4107
206 35 4186
207 35 4156
208 32 4151
209 32 4138
210 30 4155
211 36 4197
212 38 4121
213 32 4220
214 32 4109
215 40 4171
216 35 4105
217 40 4164
218 33 4202
219 40 4096
220 34 4154
221 39 4106
222 41 4188
223 35 4141
224 30 4172
225 33 4152
226 29 4131
227 33 4161
228 35 4128
229 31 4138
230 30 4122
231 29 4176
232 32 4131
233 35 4153
234 34 4187
235 44 4147
236 38 4155
237 30 4139
238 33 4157
239 34 4157
240 30 4138
241 30 4207
242 31 4176
243 30 4153
244 30 4170
245 30 4168
246 41 4170
247 31 4159
248 28 4143
249 36 4256
250 31 4141
251 36 4188
252 37 4134
253 39 4169
254 32 4190
255 37 4125
256 34 4143
257 32 4199
258 36 4104
259 35 4127
260 29 4194
261 34 4125
262 26 4131
263 46 4158
264 30 4127
265 0 1
266 34 4183
267 36 4155
268 39 4179
269 42 4123
270 34 4176
271 46 4223
272 29 4162
273 28 4161
274 38 4205
275 32 4113
276 28 4130
277 39 4184
278 36 4138
279 31 4104
280 29 4107
281 32 4166
282 32 4148
283 29 4169
284 35 4124
285 30 4133
286 40 4103
287 35 4188
288 30 4104
289 33 4147
290 32 4113
291 34 4199
292 35 4152
293 37 4114
294 31 4170
295 32 4189
296 32 4203
297 31 4145
298 0 1
299 0 1
1500 34 4153
1501 29 4176
1502 35 4154
1503 43 4183
1504 36 4185
1505 33 4109
1506 40 4139
1507 50 4158
1508 0 1
1509 33 4189
1510 42 4188
1511 31 4171
1512 32 4159
1513 33 4166
1514 36 4135
1515 34 4230
1516 32 4193
1517 32 4163
1518 36 4143
1519 34 4149
1520 34 4194
1521 34 4146
1522 46 4149
1523 31 4161
1524 39 4179
1525 33 4176
1526 32 4148
1527 38 4184
1528 32 4091
1529 34 4123
1530 37 4170
1531 41 4173
1532 35 4167
1533 0 1
1534 31 4140
1535 27 4123
1536 33 4133
1537 30 4232
1538 59 4186
1539 48 4137
1540 33 4160
1541 31 4166
1542 30 4147
1543 33 4165
1544 30 4153
1545 32 4209
1546 36 4148
1547 34 4177
1548 34 4177
1549 33 4158
1550 29 4148
1551 32 4163
1552 36 4131
1553 33 4145
1554 29 4165
1555 30 4162
1556 35 4113
1557 35 4183
1558 30 4224
1559 32 4152
1560 37 4114
1561 29 4159
1562 33 4218
1563 42 4184
1564 34 4201
1565 35 4128
1566 35 4174
1567 30 4192
1568 33 4159
1569 37 4188
1570 34 4099
1571 0 1
1572 40 4087
1573 40 4190
1574 40 4183
1575 0 1
1576 0 1
1577 32 4176
1578 30 4169
1579 34 4153
1580 35 4148
1581 31 4203
1582 27 4143
1583 33 4196
1584 33 4163
1585 30 4179
1586 34 4157
1587 31 4150
1588 29 4170
1589 35 4174
1590 36 4098
1591 35 4178
1592 41 4168
1593 31 4171
1594 36 4173
1595 33 4185
1596 36 4121
1597 36 4134
1598 42 4059
1599 30 4177
5400 0 1
5401 0 1
5402 45 4152
5403 39 4175
5404 0 1
5405 0 1
5406 75 4176
5407 57 4178
5408 0 1
5409 0 1
5410 32 4201
5411 35 4132
5412 0 1
5413 0 1
5414 32 4184
5415 0 1
5416 48 4144
5417 0 1
5418 0 1
5419 51 4204
5420 32 4160
5421 40 4146
5422 0 1
5423 0 1
5424 48 4175
5425 52 4198
5426 0 1
5427 43 4112
5428 0 1
5429 49 4174
5430 37 4125
5431 16 2
5432 0 1
5433 0 1
5434 37 4147
5435 48 4189
5436 47 4208
5437 36 4198
5438 0 1
5439 0 1
5440 0 1
5441 42 4171
5442 32 4178
5443 83 4142
5444 44 4168
5445 40 4161
5446 0 1
5447 36 4166
5448 0 1
5449 0 1
5450 51 4213
5451 31 4166
5452 52 4165
5453 0 1
5454 0 1
5455 48 4202
5456 0 1
5457 0 1
5458 43 4173
5459 35 4165
5460 33 4108
5461 32 4149
5462 0 1
5463 0 1
5464 0 1
5465 2 2
5466 4 2
5467 33 4138
5468 0 1
5469 37 4154
5470 0 1
5471 34 4091
5472 0 1
5473 0 1
5474 36 4098
5475 31 4178
5476 33 4152
5477 0 1
5478 37 4172
5479 48 4177
5480 0 1
5481 0 1
5482 0 1
5483 37 4138
5484 0 1
5485 62 4139
5486 41 4184
5487 30 4149
5488 44 4133
5489 36 4155
5490 41 4183
5491 36 4149
5492 38 4192
5493 53 4136
5494 40 4095
5495 53 4225
5496 42 4118
5497 38 4204
5498 0 1
5499 0 1
400 40 4140
401 30 4202
402 37 4188
403 32 4140
404 27 4141
405 34 4108
406 29 4171
407 35 4147
408 31 4212
409 62 4139
410 32 4182
411 41 4143
412 37 4155
413 29 4170
414 41 4174
415 34 4088
416 33 4175
417 32 4174
418 34 4166
419 40 4127
420 33 4189
421 36 4134
422 42 4192
423 31 4142
424 29 4084
425 31 4129
426 32 4181
427 36 4169
428 33 4145
429 28 4164
430 28 4125
431 35 4161
432 31 4178
433 32 4103
434 32 4209
435 29 4124
436 31 4192
437 31 4167
438 29 4156
439 39 4153
440 29 4099
441 32 4102
442 31 4203
443 29 4217
444 33 4153
445 30 4203
446 0 1
447 36 4157
448 34 4212
449 40 4108
450 32 4160
451 39 4164
452 29 4123
453 32 4191
454 0 1
455 38 4171
456 31 4181
457 0 1
458 0 1
459 31 4109
460 27 4162
461 37 4211
462 31 4218
463 46 4183
464 47 4185
465 32 4127
466 30 4178
467 32 4167
468 30 4117
469 75 4175
470 31 4157
471 55 4179
472 31 4161
473 34 4171
474 37 4156
475 47 4104
476 34 4171
477 42 4199
478 37 4197
479 33 4153
480 33 4136
481 40 4178
482 48 4152
483 36 4132
484 37 4100
485 36 4142
486 45 4172
487 31 4166
488 32 4211
489 64 4169
490 33 4185
491 29 4099
492 38 4135
493 58 4202
494 33 4179
495 47 4158
496 33 4187
497 30 4133
498 32 4170
499 33 4162
