6200 0 1
6201 0 1
6202 0 1
6203 53 4179
6204 0 1
6205 0 1
6206 0 1
6207 34 4140
6208 0 1
6209 0 1
6210 0 1
6211 0 1
6212 0 1
6213 14 2
6214 0 1
6215 0 1
6216 0 1
6217 0 1
6218 42 4177
6219 0 1
6220 3 2
6221 30 4189
6222 36 4120
6223 0 1
6224 41 4174
6225 31 4191
6226 0 1
6227 0 1
6228 0 1
6229 0 1
6230 0 1
6231 0 1
6232 0 1
6233 53 4166
6234 42 4155
6235 0 1
6236 39 4185
6237 38 4174
6238 0 1
6239 0 1
6240 0 1
6241 69 4102
6242 105 4159
6243 0 1
6244 33 4160
6245 0 1
6246 67 4156
6247 0 1
6248 38 4134
6249 0 1
6250 0 1
6251 39 4131
6252 0 1
6253 0 1
6254 0 1
6255 0 1
6256 0 1
6257 69 4165
6258 116 4181
6259 0 1
6260 45 4158
6261 75 4175
6262 0 1
6263 0 1
6264 0 1
6265 52 4129
6266 0 1
6267 0 1
6268 0 1
6269 0 1
6270 0 1
6271 0 1
6272 0 1
6273 0 1
6274 0 1
6275 0 1
6276 41 4202
6277 37 4187
6278 32 4167
6279 31 4150
6280 65 4105
6281 40 4114
6282 36 4174
6283 37 4168
6284 56 4143
6285 0 1
6286 64 4175
6287 51 4165
6288 46 4136
6289 46 4107
6290 46 4164
6291 32 4202
6292 0 1
6293 87 4195
6294 37 4097
6295 0 1
6296 0 1
6297 0 1
6298 0 1
6299 38 4179
5300 38 4089
5301 0 1
5302 64 4150
5303 99 4250
5304 0 1
5305 30 4157
5306 51 4120
5307 41 4142
5308 0 1
5309 0 1
5310 0 1
5311 0 1
5312 0 1
5313 40 4131
5314 43 4155
5315 0 1
5316 0 1
5317 30 4155
5318 41 4206
5319 66 4156
5320 0 1
5321 48 4196
5322 0 1
5323 0 1
5324 39 4120
5325 34 4191
5326 34 4154
5327 45 4166
5328 35 4138
5329 0 1
5330 33 2
5331 43 2
5332 70 4151
5333 0 1
5334 0 1
5335 0 1
5336 34 4190
5337 42 4166
5338 0 1
5339 50 4149
5340 0 1
5341 0 1
5342 0 1
5343 0 1
5344 0 1
5345 42 4142
5346 33 4138
5347 56 4192
5348 59 4186
5349 0 1
5350 61 4109
5351 0 1
5352 0 1
5353 0 1
5354 0 1
5355 39 4179
5356 37 4195
5357 53 4142
5358 39 4179
5359 44 4182
5360 0 1
5361 35 4210
5362 36 4171
5363 36 4130
5364 0 1
5365 0 1
5366 67 4131
5367 33 4097
5368 0 1
5369 0 1
5370 34 4149
5371 53 4158
5372 45 4130
5373 39 4119
5374 0 1
5375 35 4168
5376 74 4139
5377 0 1
5378 43 4100
5379 0 1
5380 40 4201
5381 0 1
5382 0 1
5383 43 4162
5384 51 4170
5385 36 4164
5386 0 1
5387 39 4105
5388 22 2
5389 38 4196
5390 39 4148
5391 0 1
5392 32 4176
5393 49 4151
5394 53 4153
5395 0 1
5396 0 1
5397 0 1
5398 0 1
5399 31 4197
4400 31 4139
4401 0 1
4402 0 1
4403 31 4195
4404 32 4158
4405 32 4122
4406 41 4147
4407 32 4185
4408 44 4203
4409 33 4188
4410 0 1
4411 32 4125
4412 45 4154
4413 32 4200
4414 43 4118
4415 0 1
4416 0 1
4417 0 1
4418 80 4090
4419 55 4158
4420 39 4185
4421 0 1
4422 35 4092
4423 30 4184
4424 37 4151
4425 50 4114
4426 36 4202
4427 74 4190
4428 0 1
4429 32 4195
4430 0 1
4431 39 4197
4432 37 4145
4433 44 4135
4434 52 4139
4435 0 1
4436 0 1
4437 0 1
4438 48 4177
4439 0 1
4440 0 1
4441 33 4143
4442 35 4167
4443 43 4166
4444 0 1
4445 0 1
4446 30 4106
4447 36 4147
4448 37 4150
4449 0 1
4450 0 1
4451 0 1
4452 0 1
4453 0 1
4454 37 4143
4455 36 4101
4456 0 1
4457 30 4145
4458 102 4138
4459 0 1
4460 52 4144
4461 59 4145
4462 0 1
4463 74 4183
4464 31 4161
4465 0 1
4466 0 1
4467 36 4153
4468 0 1
4469 35 4112
4470 97 4139
4471 33 4169
4472 0 1
4473 42 4197
4474 0 1
4475 0 1
4476 0 1
4477 0 1
4478 37 4114
4479 44 4149
4480 0 1
4481 0 1
4482 0 1
4483 35 4163
4484 43 4143
4485 35 4116
4486 36 4142
4487 0 1
4488 0 1
4489 35 4145
4490 32 4149
4491 34 4140
4492 36 4138
4493 55 4229
4494 0 1
4495 59 4171
4496 35 4193
4497 33 4124
4498 32 4144
4499 0 1
6500 4 2
6501 21 2
6502 0 1
6503 0 1
6504 0 1
6505 40 4151
6506 0 1
6507 55 4213
6508 36 4193
6509 0 1
6510 0 1
6511 0 1
6512 0 1
6513 0 1
6514 37 4137
6515 0 1
6516 0 1
6517 40 4131
6518 33 4195
6519 0 1
6520 0 1
6521 0 1
6522 0 1
6523 0 1
6524 38 4187
6525 0 1
6526 0 1
6527 0 1
6528 33 4080
6529 0 1
6530 61 4186
6531 35 4164
6532 0 1
6533 0 1
6534 0 1
6535 0 1
6536 0 1
6537 0 1
6538 34 4080
6539 50 4201
6540 30 2
6541 13 2
6542 69 4168
6543 41 4110
6544 88 4125
6545 0 1
6546 0 1
6547 0 1
6548 77 4142
6549 0 1
6550 42 4172
3300 0 1
3301 0 1
3302 111 4167
3303 34 4147
3304 0 1
3305 0 1
3306 35 4210
3307 38 4161
3308 39 4130
3309 58 4201
3310 0 1
3311 28 4154
3312 33 4143
3313 34 4206
3314 0 1
3315 32 4149
3316 53 4156
3317 34 4152
3318 34 4205
3319 61 4123
3320 35 4194
3321 44 4165
3322 34 4235
3323 32 4131
3324 0 1
3325 37 4170
3326 0 1
3327 31 4187
3328 58 4118
3329 42 4213
3330 59 4164
3331 43 4146
3332 0 1
3333 53 4128
3334 31 4156
3335 43 4222
3336 31 4172
3337 0 1
3338 0 1
3339 50 4158
3340 45 4182
3341 54 4124
3342 35 4191
3343 35 4197
3344 0 1
3345 40 4127
3346 32 4164
3347 41 4178
3348 35 4193
3349 32 4169
3350 0 1
3351 35 4119
3352 0 1
3353 40 4155
3354 65 4093
3355 44 4152
3356 41 4145
3357 0 1
3358 0 1
3359 39 4155
3360 0 1
3361 51 4109
3362 0 1
3363 0 1
3364 73 4177
3365 91 4122
3366 37 4178
3367 42 4184
3368 0 1
3369 35 4195
3370 0 1
3371 34 4141
3372 5 2
3373 7 2
3374 0 1
3375 67 4147
3376 35 4181
3377 31 4189
3378 32 4154
3379 30 4167
3380 30 4172
3381 31 4156
3382 60 4156
3383 37 4171
3384 37 4170
3385 33 4183
3386 35 4120
3387 31 4121
3388 35 4177
3389 36 4153
3390 45 4164
3391 56 4185
3392 47 4219
3393 37 4161
3394 34 4103
3395 35 4136
3396 29 4174
3397 37 4127
3398 34 4193
3399 35 4228
1900 46 4112
1901 33 4190
1902 98 4187
1903 40 4
1904 62 4139
1905 31 4172
1906 32 4115
1907 34 4197
1908 30 4161
1909 31 4151
1910 32 4164
1911 38 4125
1912 46 4103
1913 36 4189
1914 33 4202
1915 32 4109
1916 31 4061
1917 34 4117
1918 32 4131
1919 30 4151
1920 34 4231
1921 28 4188
1922 34 4149
1923 28 4128
1924 34 4180
1925 39 4129
1926 31 4165
1927 30 4134
1928 32 4208
1929 30 4170
1930 36 4205
1931 32 4164
1932 36 4146
1933 31 4119
1934 32 4125
1935 0 1
1936 40 4156
1937 34 4197
1938 33 4215
1939 40 4194
1940 89 4159
1941 49 4155
1942 33 4148
1943 35 4152
1944 0 1
1945 49 4142
1946 34 4165
1947 37 4159
1948 0 1
1949 54 4164
1950 32 4147
1951 33 4140
1952 31 4109
1953 29 4184
1954 41 4200
1955 31 4142
1956 34 4178
1957 29 4172
1958 36 4118
1959 32 4175
1960 30 4161
1961 32 4143
1962 31 4088
1963 34 4099
1964 29 4115
1965 36 4156
1966 29 4153
1967 33 4203
1968 34 4212
1969 35 4199
1970 36 4190
1971 45 4177
1972 44 4154
1973 33 4200
1974 35 4126
1975 40 4173
1976 31 4187
1977 35 4215
1978 35 4137
1979 37 4134
1980 34 4125
1981 36 4153
1982 79 4165
1983 28 4116
1984 63 4147
1985 32 4166
1986 35 4177
1987 34 4175
1988 0 1
1989 36 4163
1990 36 4145
1991 27 4191
1992 30 4144
1993 37 4176
1994 47 4137
1995 33 4186
1996 36 4149
1997 33 4163
1998 30 4115
1999 32 4159
800 30 4138
801 30 4151
802 31 4130
803 31 4119
804 32 4157
805 28 4134
806 36 4164
807 41 4126
808 35 4170
809 31 4143
810 33 4171
811 33 4189
812 31 4175
813 39 4072
814 32 4177
815 0 1
816 0 1
817 0 1
818 30 4128
819 31 4134
820 39 4195
821 27 4190
822 0 1
823 29 4136
824 32 4144
825 35 4159
826 32 4154
827 0 1
828 35 4078
829 33 4156
830 31 4190
831 0 1
832 36 4118
833 33 4151
834 34 4188
835 33 4167
836 31 4152
837 44 4175
838 0 1
839 32 4163
840 31 4085
841 38 4151
842 35 4166
843 30 4153
844 35 4191
845 34 4192
846 0 1
847 31 4187
848 33 4175
849 33 4188
850 37 4113
851 33 4201
852 33 4153
853 36 4158
854 32 4162
855 34 4190
856 29 4133
857 34 4164
858 31 4173
859 35 4165
860 32 4167
861 35 4178
862 35 4151
863 35 4159
864 46 4160
865 46 4140
866 0 1
867 53 4152
868 30 4119
869 44 4151
870 62 4188
871 42 4150
872 33 4115
873 0 1
874 41 4198
875 43 4185
876 33 4176
877 31 4085
878 32 4191
879 37 4162
880 37 4156
881 35 4165
882 30 4136
883 0 1
884 32 4149
885 27 4131
886 30 4175
887 31 4136
888 40 4140
889 35 4167
890 31 4194
891 29 4090
892 31 4192
893 33 4121
894 38 4166
895 42 4165
896 33 4169
897 31 4150
898 34 4133
899 35 4125
2400 35 4153
2401 0 1
2402 36 4179
2403 33 4150
2404 30 4165
2405 28 4162
2406 35 4144
2407 0 1
2408 32 4156
2409 34 4176
2410 40 4161
2411 32 4154
2412 0 1
2413 34 4122
2414 48 4177
2415 38 4218
2416 34 4165
2417 44 4160
2418 35 4154
2419 31 4201
2420 0 1
2421 0 1
2422 35 4175
2423 103 4156
2424 43 4206
2425 37 4152
2426 40 4118
2427 37 4159
2428 40 4118
2429 45 4175
2430 0 1
2431 34 4169
2432 50 4153
2433 35 4193
2434 35 4167
2435 55 4163
2436 31 4197
2437 41 4127
2438 33 4151
2439 0 1
2440 75 4136
2441 42 4129
2442 35 4145
2443 33 4134
2444 36 4158
2445 36 4162
2446 37 4151
2447 33 4115
2448 37 4144
2449 31 4157
2450 38 4210
2451 41 4233
2452 30 4167
2453 38 4155
2454 38 4172
2455 34 4140
2456 32 4196
2457 38 4198
2458 34 4177
2459 31 4208
2460 36 4163
2461 39 4161
2462 34 4109
2463 39 4201
2464 0 1
2465 35 4180
2466 43 4222
2467 39 4179
2468 47 4112
2469 34 4158
2470 48 4227
2471 0 1
2472 38 4202
2473 39 4190
2474 41 4088
2475 0 1
2476 35 4124
2477 34 4141
2478 0 1
2479 58 4146
2480 50 4130
2481 34 4141
2482 31 4177
2483 38 4210
2484 39 4162
2485 37 4198
2486 31 4140
2487 34 4175
2488 32 4142
2489 58 4100
2490 0 1
2491 62 4134
2492 54 4152
2493 0 1
2494 36 4197
2495 36 4150
2496 32 4193
2497 34 4115
2498 31 4151
2499 0 1
600 35 4171
601 45 4198
602 33 4216
603 36 4120
604 30 4161
605 31 4171
606 32 4146
607 35 4148
608 35 4157
609 32 4111
610 33 4183
611 32 4159
612 29 4159
613 34 4172
614 34 4132
615 34 4107
616 31 4170
617 33 4109
618 31 4162
619 35 4156
620 34 4173
621 34 4184
622 32 4121
623 29 4212
624 30 4162
625 33 4214
626 32 4092
627 49 4185
628 37 4191
629 37 4156
630 32 4150
631 34 4159
632 31 4169
633 30 4153
634 41 4168
635 33 4190
636 31 4154
637 30 4112
638 31 4116
639 33 4135
640 35 4206
641 31 4177
642 38 4196
643 35 4112
644 33 4160
645 34 4191
646 32 4160
647 32 4175
648 38 4092
649 32 4189
650 30 4129
651 33 4180
652 29 4129
653 36 4216
654 31 4184
655 30 4138
656 36 4149
657 29 4164
658 34 4188
659 30 4153
660 40 4109
661 2 2
662 6 2
663 0 1
664 0 1
665 35 4177
666 35 4157
667 32 4137
668 35 4166
669 33 4133
670 35 4127
671 30 4150
672 34 4152
673 31 4172
674 35 4122
675 31 4185
676 36 4126
677 34 4109
678 33 4148
679 36 4167
680 30 4164
681 33 4143
682 33 4138
683 0 1
684 42 4174
685 51 4074
686 0 1
687 0 1
688 0 1
689 18 2
690 60 2
691 0 1
692 0 1
693 33 4185
694 30 4121
695 34 4132
696 38 4167
697 40 4137
698 30 4152
699 40 4166
1500 30 4155
1501 36 4195
1502 46 4130
1503 40 4180
1504 34 4221
1505 38 4197
1506 37 4169
1507 46 4146
1508 0 1
1509 32 4121
1510 32 4212
1511 34 4128
1512 38 4126
1513 29 4148
1514 32 4161
1515 32 4141
1516 33 4166
1517 35 4169
1518 32 4116
1519 36 4186
1520 29 4207
1521 32 4166
1522 55 4123
1523 35 4157
1524 36 4180
1525 36 4137
1526 38 4105
1527 29 4091
1528 33 4170
1529 36 4183
1530 52 4114
1531 37 4139
1532 28 4144
1533 39 4168
1534 33 4192
1535 34 4138
1536 38 4171
1537 32 4135
1538 31 4132
1539 39 4215
1540 0 1
1541 29 4144
1542 34 4136
1543 33 4144
1544 30 4134
1545 33 4191
1546 36 4212
1547 32 4153
1548 30 4169
1549 38 4162
1550 31 4147
1551 33 4110
1552 33 4187
1553 33 4134
1554 34 4191
1555 33 4118
1556 33 4216
1557 32 4182
1558 34 4189
1559 30 4146
1560 32 4180
1561 36 4204
1562 38 4092
1563 31 4156
1564 33 4138
1565 33 4177
1566 31 4141
1567 33 4160
1568 32 4129
1569 33 4230
1570 31 4150
1571 0 1
1572 35 4128
1573 35 4143
1574 36 4141
1575 44 4165
1576 0 1
1577 37 4182
1578 34 4208
1579 33 4192
1580 33 4105
1581 38 4154
1582 29 4107
1583 31 4169
1584 27 4138
1585 30 4113
1586 33 4118
1587 34 4208
1588 33 4123
1589 32 4186
1590 34 4080
1591 35 4161
1592 40 4164
1593 33 4113
1594 35 4174
1595 33 4178
1596 33 4168
1597 35 4153
1598 41 4165
1599 31 4180
100 34 4187
101 35 4141
102 31 4146
103 33 4151
104 31 4140
105 33 4170
106 29 4165
107 29 4177
108 31 4126
109 32 4162
110 32 4205
111 31 4159
112 32 4147
113 34 4177
114 37 4160
115 32 4125
116 35 4197
117 31 4103
118 29 4158
119 35 4171
120 36 4169
121 39 4158
122 40 4128
123 30 4132
124 35 4157
125 30 4137
126 54 4187
127 32 4238
128 35 4215
129 61 4173
130 65 4119
131 46 4139
132 33 4206
133 36 4190
134 35 4194
135 48 4185
136 35 4153
137 35 4106
138 35 4158
139 38 4173
140 36 4223
141 29 4168
142 34 4147
143 32 4143
144 34 4178
145 43 4117
146 33 4154
147 35 4161
148 0 1
149 34 4180
150 36 4171
151 0 1
152 30 4152
153 29 4150
154 46 4175
155 52 4206
156 29 4146
157 57 4131
158 44 4185
159 53 4136
160 44 4193
161 31 4173
162 32 4128
163 38 4145
164 35 4172
165 32 4149
166 32 4178
167 31 4158
168 35 4164
169 37 4144
170 33 4145
171 27 4138
172 32 4151
173 30 4159
174 33 4128
175 39 4150
176 32 4131
177 30 4162
178 0 1
179 33 4145
180 32 4159
181 35 4172
182 37 4146
183 41 4114
184 32 4138
185 28 4203
186 34 4160
187 40 4096
188 34 4154
189 32 4181
190 32 4166
191 36 4208
192 36 4179
193 34 4157
194 36 4173
195 38 4156
196 29 4200
197 37 4158
198 29 4136
199 30 4176
4300 94 4125
4301 30 4179
4302 34 4152
4303 0 1
4304 41 4136
4305 32 4187
4306 51 4212
4307 63 4153
4308 0 1
4309 0 1
4310 0 1
4311 12 2
4312 0 1
4313 51 4161
4314 50 4163
4315 43 4116
4316 0 1
4317 37 4131
4318 47 4145
4319 0 1
4320 31 4130
4321 39 4114
4322 0 1
4323 0 1
4324 0 1
4325 37 4142
4326 34 4171
4327 0 1
4328 37 4213
4329 0 1
4330 0 1
4331 77 4142
4332 48 4183
4333 57 4154
4334 34 4152
4335 41 4157
4336 0 1
4337 0 1
4338 0 1
4339 0 1
4340 0 1
4341 35 4170
4342 37 4107
4343 32 4152
4344 32 4177
4345 36 4148
4346 131 4187
4347 41 4174
4348 35 4137
4349 30 4127
4350 37 4134
4351 51 4187
4352 35 4226
4353 0 1
4354 45 4181
4355 0 1
4356 66 4102
4357 0 1
4358 46 4164
4359 60 4132
4360 0 1
4361 0 1
4362 36 4164
4363 35 4189
4364 36 4143
4365 31 4146
4366 0 1
4367 34 4116
4368 36 4187
4369 0 1
4370 33 4097
4371 37 4150
4372 37 4104
4373 0 1
4374 0 1
4375 0 1
4376 36 4097
4377 48 4158
4378 32 4107
4379 0 1
4380 0 1
4381 42 4163
4382 60 4104
4383 34 4180
4384 57 4150
4385 30 4160
4386 0 1
4387 55 4190
4388 34 4156
4389 47 4171
4390 72 4132
4391 39 4164
4392 0 1
4393 40 4106
4394 36 4098
4395 37 4169
4396 32 4180
4397 41 4114
4398 45 4161
4399 38 4205
5400 0 1
5401 0 1
5402 35 4123
5403 63 4173
5404 0 1
5405 0 1
5406 68 4166
5407 53 4186
5408 0 1
5409 0 1
5410 36 4232
5411 45 4160
5412 0 1
5413 0 1
5414 36 4158
5415 0 1
5416 61 4156
5417 0 1
5418 0 1
5419 45 4171
5420 39 4166
5421 39 4229
5422 0 1
5423 0 1
5424 62 4207
5425 34 4178
5426 55 4191
5427 54 4131
5428 0 1
5429 0 1
5430 40 4155
5431 3 2
5432 44 2
5433 39 4136
5434 33 4131
5435 41 4155
5436 45 4101
5437 33 4124
5438 0 1
5439 0 1
5440 48 4172
5441 32 4199
5442 57 4163
5443 33 4154
5444 36 4153
5445 29 4146
5446 50 4187
5447 65 4140
5448 0 1
5449 0 1
5450 56 4182
5451 44 4180
5452 29 4189
5453 0 1
5454 72 4136
5455 70 4185
5456 0 1
5457 0 1
5458 48 4208
5459 35 4134
5460 37 4169
5461 33 4177
5462 0 1
5463 0 1
5464 0 1
5465 22 2
5466 3 2
5467 34 4143
5468 0 1
5469 38 4160
5470 0 1
5471 66 4149
5472 0 1
5473 0 1
5474 34 4182
5475 32 4229
5476 34 4198
5477 0 1
5478 37 4206
5479 38 4187
5480 0 1
5481 0 1
5482 38 4163
5483 36 4126
5484 0 1
5485 36 4185
5486 29 4148
5487 34 4184
5488 37 4192
5489 35 4172
5490 33 4152
5491 45 4140
5492 82 4119
5493 39 4145
5494 44 4172
5495 65 4104
5496 37 4151
5497 49 4210
5498 0 1
5499 0 1
1200 32 4147
1201 28 4105
1202 33 4172
1203 33 4140
1204 35 4172
1205 37 4151
1206 50 4163
1207 44 4161
1208 35 4162
1209 32 4166
1210 31 4166
1211 33 4190
1212 32 4181
1213 32 4159
1214 35 4189
1215 30 4157
1216 32 4178
1217 33 4215
1218 32 4180
1219 34 4141
1220 36 4221
1221 30 4173
1222 31 4149
1223 37 4162
1224 0 1
1225 35 4182
1226 38 4128
1227 35 4141
1228 31 4170
1229 30 4108
1230 37 4157
1231 34 4157
1232 33 4149
1233 31 4148
1234 53 4221
1235 36 4173
1236 29 4137
1237 31 4162
1238 37 4176
1239 35 4182
1240 34 4124
1241 33 4163
1242 33 4168
1243 35 4127
1244 36 4228
1245 29 4211
1246 32 4131
1247 30 4200
1248 33 4125
1249 38 4168
1250 28 4174
1251 44 4128
1252 77 4144
1253 34 4174
1254 32 4173
1255 46 4134
1256 39 4185
1257 35 4111
1258 32 4132
1259 39 4120
1260 33 4176
1261 42 4179
1262 36 4160
1263 32 4115
1264 35 4131
1265 0 1
1266 42 4143
1267 30 4127
1268 37 4159
1269 31 4188
1270 40 4167
1271 43 4068
1272 32 4130
1273 0 1
1274 91 4154
1275 31 4177
1276 29 4143
1277 31 4158
1278 0 1
1279 31 4107
1280 39 4164
1281 32 4166
1282 32 4217
1283 35 4154
1284 30 4153
1285 34 4133
1286 32 4182
1287 33 4158
1288 33 4155
1289 30 4175
1290 32 4151
1291 33 4182
1292 33 4200
1293 0 1
1294 0 1
1295 38 4129
1296 62 4128
1297 31 4162
1298 0 1
1299 0 1
2300 0 1
2301 31 4177
2302 37 4145
2303 40 4113
2304 0 1
2305 34 4166
2306 28 4147
2307 41 4161
2308 32 4176
2309 0 1
2310 0 1
2311 31 4148
2312 39 4211
2313 31 4069
2314 41 4178
2315 29 4190
2316 33 4166
2317 32 4122
2318 33 4156
2319 36 4158
2320 34 4198
2321 115 4104
2322 36 4133
2323 36 4187
2324 39 4146
2325 42 4150
2326 31 4132
2327 47 4176
2328 34 4193
2329 67 4165
2330 35 4096
2331 31 4140
2332 35 4122
2333 35 4147
2334 0 1
2335 57 4187
2336 4 2
2337 53 4146
2338 45 4173
2339 39 4164
2340 0 1
2341 32 4171
2342 33 4178
2343 50 4138
2344 36 4161
2345 37 4135
2346 32 4156
2347 34 4147
2348 30 4120
2349 33 4173
2350 39 4177
2351 28 4132
2352 38 4160
2353 29 4185
2354 35 4198
2355 37 4180
2356 36 4219
2357 0 1
2358 0 1
2359 34 4185
2360 32 4150
2361 30 4194
2362 32 4163
2363 0 1
2364 38 4192
2365 31 4177
2366 45 4176
2367 51 4215
2368 0 1
2369 33 4191
2370 62 4130
2371 34 4190
2372 34 4179
2373 0 1
2374 0 1
2375 28 4160
2376 33 4186
2377 33 4193
2378 0 1
2379 0 1
2380 40 4118
2381 39 4192
2382 30 4137
2383 36 4088
2384 41 2
2385 33 2
2386 0 1
2387 47 4150
2388 38 4231
2389 43 4140
2390 0 1
2391 0 1
2392 34 4179
2393 39 4140
2394 30 4128
2395 32 4094
2396 39 4120
2397 35 4144
2398 33 4170
2399 57 4175
3400 37 4165
3401 36 4196
3402 27 4185
3403 31 4181
3404 31 4175
3405 41 4149
3406 45 4110
3407 35 4185
3408 31 4166
3409 60 4158
3410 42 4168
3411 36 4170
3412 34 4156
3413 32 4146
3414 40 4124
3415 34 4142
3416 34 4207
3417 65 4130
3418 38 4164
3419 43 4162
3420 39 4199
3421 40 4157
3422 40 4162
3423 29 4152
3424 35 4152
3425 30 4131
3426 31 4125
3427 34 4119
3428 34 4116
3429 33 4148
3430 30 4167
3431 32 4154
3432 38 4176
3433 31 4139
3434 35 4149
3435 33 4208
3436 43 4132
3437 35 4218
3438 38 4151
3439 31 4210
3440 32 4158
3441 35 4146
3442 35 4183
3443 33 4143
3444 40 4143
3445 35 4170
3446 31 4131
3447 45 4118
3448 38 4151
3449 36 4210
3450 41 4112
3451 32 4168
3452 42 4175
3453 34 4125
3454 32 4158
3455 47 4163
3456 0 1
3457 42 4191
3458 0 1
3459 0 1
3460 30 4207
3461 38 4147
3462 38 4190
3463 38 4139
3464 34 4178
3465 44 4198
3466 29 4191
3467 41 4161
3468 33 4159
3469 53 4141
3470 33 4165
3471 0 1
3472 57 4169
3473 32 4155
3474 36 4170
3475 35 4192
3476 28 4124
3477 33 4206
3478 41 4136
3479 35 4154
3480 40 4190
3481 33 4194
3482 34 4174
3483 33 4159
3484 69 4178
3485 48 4199
3486 36 4132
3487 49 4179
3488 37 4189
3489 32 4191
3490 32 4132
3491 0 1
3492 0 1
3493 0 1
3494 49 4204
3495 0 1
3496 33 4163
3497 73 4226
3498 0 1
3499 40 4226
4800 32 4169
4801 41 4177
4802 35 4205
4803 46 4206
4804 58 4144
4805 0 1
4806 0 1
4807 50 4189
4808 42 4126
4809 46 4154
4810 46 4172
4811 31 4131
4812 0 1
4813 31 4136
4814 0 1
4815 52 4143
4816 51 4163
4817 0 1
4818 40 4189
4819 0 1
4820 0 1
4821 0 1
4822 44 4185
4823 0 1
4824 0 1
4825 0 1
4826 34 4112
4827 0 1
4828 0 1
4829 70 4181
4830 50 4166
4831 35 4238
4832 0 1
4833 0 1
4834 39 4130
4835 0 1
4836 0 1
4837 57 4151
4838 36 4170
4839 0 1
4840 63 4158
4841 33 4109
4842 0 1
4843 0 1
4844 40 4168
4845 35 4169
4846 0 1
4847 31 4174
4848 74 4103
4849 31 4221
4850 42 4093
4851 0 1
4852 33 4143
4853 43 4183
4854 0 1
4855 0 1
4856 0 1
4857 0 1
4858 0 1
4859 44 4126
4860 62 4132
4861 0 1
4862 0 1
4863 76 4150
4864 31 4115
4865 0 1
4866 0 1
4867 31 4154
4868 30 4115
4869 36 4190
4870 34 4197
4871 35 4146
4872 0 1
4873 0 1
4874 46 4155
4875 40 4180
4876 39 4129
4877 29 4177
4878 49 4188
4879 64 4155
4880 89 4126
4881 39 4106
4882 32 4105
4883 34 4176
4884 30 4225
4885 38 4198
4886 38 4206
4887 34 4177
4888 46 4135
4889 0 1
4890 54 4207
4891 39 4111
4892 33 4154
4893 33 4155
4894 33 4198
4895 37 4104
4896 96 4171
4897 47 4159
4898 32 4153
4899 34 4157
2600 34 4156
2601 35 4128
2602 36 4165
2603 34 4189
2604 40 4135
2605 31 4162
2606 41 4184
2607 34 4202
2608 40 4144
2609 31 4154
2610 38 4202
2611 50 4148
2612 31 4141
2613 29 4199
2614 29 4175
2615 33 4167
2616 38 4139
2617 36 4206
2618 37 4208
2619 0 1
2620 32 4144
2621 36 4165
2622 0 1
2623 39 4175
2624 30 4146
2625 48 4157
2626 0 1
2627 0 1
2628 34 4145
2629 0 1
2630 41 4141
2631 51 4187
2632 0 1
2633 32 4201
2634 36 4191
2635 39 4153
2636 33 4178
2637 32 4151
2638 49 4191
2639 0 1
2640 0 1
2641 76 4171
2642 0 1
2643 0 1
2644 46 4179
2645 30 4151
2646 34 4167
2647 40 4101
2648 0 1
2649 0 1
2650 0 1
2651 32 4170
2652 37 4173
2653 43 4152
2654 40 4170
2655 33 4199
2656 42 4145
2657 38 4175
2658 33 4138
2659 31 4206
2660 0 1
2661 43 4137
2662 37 4206
2663 31 4140
2664 40 4142
2665 30 4125
2666 38 4144
2667 81 4179
2668 0 1
2669 33 4168
2670 38 4178
2671 37 4172
2672 41 4195
2673 33 4168
2674 67 4155
2675 35 4185
2676 44 4133
2677 34 4149
2678 37 4135
2679 38 4164
2680 32 4154
2681 40 4168
2682 58 4124
2683 48 4133
2684 38 4146
2685 30 4190
2686 32 4140
2687 42 4185
2688 38 4217
2689 36 4200
2690 40 4148
2691 36 4186
2692 0 1
2693 34 4148
2694 38 4149
2695 37 4182
2696 37 4155
2697 31 4193
2698 41 4149
2699 37 4152
4100 36 4179
4101 34 4191
4102 30 4155
4103 0 1
4104 32 4082
4105 50 4151
4106 43 4184
4107 77 4181
4108 0 1
4109 42 4114
4110 34 4168
4111 43 4156
4112 39 4138
4113 44 4148
4114 68 4221
4115 41 4191
4116 0 1
4117 0 1
4118 32 4179
4119 31 4172
4120 36 4173
4121 40 4129
4122 36 4181
4123 36 4168
4124 32 4184
4125 43 4194
4126 0 1
4127 0 1
4128 32 4124
4129 38 4183
4130 32 4198
4131 34 4153
4132 39 4148
4133 42 4170
4134 107 4170
4135 0 1
4136 80 2
4137 2 2
4138 39 4156
4139 69 4163
4140 51 4164
4141 47 4161
4142 0 1
4143 44 4193
4144 35 4143
4145 31 4172
4146 34 4154
4147 35 4137
4148 41 4168
4149 30 4129
4150 54 4101
4151 47 4147
4152 47 4188
4153 0 1
4154 40 4118
4155 39 4153
4156 35 4140
4157 54 4139
4158 35 4154
4159 73 4096
4160 0 1
4161 0 1
4162 34 4162
4163 51 4142
4164 37 4201
4165 37 4156
4166 30 4163
4167 40 4171
4168 50 4194
4169 45 4168
4170 60 4142
4171 67 4164
4172 0 1
4173 0 1
4174 43 4149
4175 42 4155
4176 39 4197
4177 30 4140
4178 35 4164
4179 61 4163
4180 0 1
4181 42 4161
4182 32 4187
4183 70 4148
4184 31 4193
4185 38 4197
4186 0 1
4187 0 1
4188 33 4147
4189 0 1
4190 35 4125
4191 0 1
4192 51 4121
4193 53 4112
4194 30 4186
4195 40 4138
4196 0 1
4197 40 4122
4198 0 1
4199 37 4167
4700 34 4119
4701 0 1
4702 38 4171
4703 32 4159
4704 0 1
4705 0 1
4706 0 1
4707 0 1
4708 0 1
4709 0 1
4710 103 4149
4711 42 4172
4712 33 4112
4713 33 4144
4714 39 4201
4715 46 4177
4716 42 4114
4717 82 4160
4718 0 1
4719 38 4193
4720 33 4159
4721 0 1
4722 29 4200
4723 64 4154
4724 0 1
4725 41 4148
4726 36 4213
4727 0 1
4728 0 1
4729 0 1
4730 0 1
4731 0 1
4732 0 1
4733 40 4125
4734 0 1
4735 36 4158
4736 37 4161
4737 33 4174
4738 29 4120
4739 40 4161
4740 65 4146
4741 0 1
4742 33 4186
4743 33 4135
4744 56 4180
4745 54 4126
4746 37 4139
4747 39 4190
4748 31 4182
4749 0 1
4750 33 4179
4751 40 4197
4752 71 4129
4753 51 4147
4754 54 4099
4755 0 1
4756 0 1
4757 31 4152
4758 0 1
4759 0 1
4760 0 1
4761 0 1
4762 49 4101
4763 38 4092
4764 37 4083
4765 37 4141
4766 38 4178
4767 93 4178
4768 57 4199
4769 33 4169
4770 78 4191
4771 51 4150
4772 60 4125
4773 55 4156
4774 34 4109
4775 34 4125
4776 0 1
4777 0 1
4778 42 4151
4779 34 4133
4780 64 4177
4781 67 4181
4782 37 4200
4783 68 4140
4784 43 4144
4785 0 1
4786 35 4085
4787 0 1
4788 3 2
4789 0 1
4790 0 1
4791 20 2
4792 11 2
4793 0 1
4794 33 4156
4795 0 1
4796 0 1
4797 0 1
4798 31 4114
4799 40 4199
2800 49 2
2801 53 2
2802 29 4162
2803 49 4204
2804 35 4181
2805 79 4174
2806 31 4135
2807 40 4177
2808 0 1
2809 0 1
2810 0 1
2811 0 1
2812 89 4161
2813 0 1
2814 0 1
2815 0 1
2816 0 1
2817 0 1
2818 35 4162
2819 48 4133
2820 52 4148
2821 47 4140
2822 33 4202
2823 29 4155
2824 0 1
2825 0 1
2826 0 1
2827 35 4153
2828 37 4188
2829 66 4109
2830 33 4148
2831 36 4162
2832 0 1
2833 34 4121
2834 29 4163
2835 35 4170
2836 31 4188
2837 37 4129
2838 38 4162
2839 56 4165
2840 31 4201
2841 0 1
2842 35 4149
2843 36 4148
2844 32 4202
2845 43 4115
2846 31 4139
2847 31 4148
2848 39 4193
2849 39 4132
2850 30 4151
2851 37 4143
2852 39 4154
2853 0 1
2854 43 4147
2855 33 4101
2856 0 1
2857 33 4169
2858 32 4150
2859 30 4181
2860 34 4213
2861 36 4143
2862 64 4090
2863 70 4111
2864 36 4096
2865 40 4122
2866 41 4150
2867 65 4148
2868 0 1
2869 90 4151
2870 53 4147
2871 32 4160
2872 0 1
2873 33 4217
2874 52 4145
2875 33 4207
2876 30 4154
2877 35 4092
2878 32 4175
2879 34 4144
2880 31 4122
2881 33 4162
2882 31 4202
2883 32 4164
2884 32 4148
2885 38 4170
2886 32 4163
2887 46 4192
2888 48 4184
2889 38 4112
2890 41 4163
2891 67 4163
2892 0 1
2893 33 4170
2894 31 4129
2895 0 1
2896 39 4199
2897 43 4140
2898 53 4124
2899 54 4130
6000 37 4167
6001 57 4159
6002 32 4158
6003 34 4157
6004 71 4148
6005 31 4147
6006 0 1
6007 60 4157
6008 0 1
6009 42 4156
6010 49 4137
6011 26 2
6012 13 2
6013 0 1
6014 34 4131
6015 0 1
6016 0 1
6017 0 1
6018 34 4120
6019 0 1
6020 41 4140
6021 35 4167
6022 0 1
6023 0 1
6024 0 1
6025 36 4169
6026 0 1
6027 0 1
6028 0 1
6029 0 1
6030 0 1
6031 0 1
6032 0 1
6033 0 1
6034 0 1
6035 40 4185
6036 31 4156
6037 44 4170
6038 10 2
6039 41 4123
6040 37 4119
6041 0 1
6042 39 4157
6043 0 1
6044 0 1
6045 47 4124
6046 0 1
6047 44 4199
6048 0 1
6049 0 1
6050 0 1
6051 0 1
6052 0 1
6053 0 1
6054 0 1
6055 0 1
6056 38 4140
6057 0 1
6058 0 1
6059 0 1
6060 0 1
6061 0 1
6062 76 4181
6063 31 4138
6064 0 1
6065 0 1
6066 0 1
6067 45 4178
6068 0 1
6069 38 4133
6070 0 1
6071 0 1
6072 35 4161
6073 36 4120
6074 62 4154
6075 37 4190
6076 0 1
6077 42 4208
6078 66 4083
6079 0 1
6080 14 2
6081 25 2
6082 0 1
6083 63 4169
6084 0 1
6085 49 4119
6086 0 1
6087 0 1
6088 0 1
6089 0 1
6090 0 1
6091 0 1
6092 48 4177
6093 0 1
6094 0 1
6095 34 4135
6096 52 4171
6097 0 1
6098 35 4180
6099 36 4186
2100 35 4148
2101 32 4068
2102 37 4119
2103 32 4139
2104 32 4157
2105 33 4202
2106 30 4101
2107 33 4180
2108 33 4167
2109 37 4107
2110 42 4145
2111 32 4190
2112 34 4172
2113 34 4162
2114 0 1
2115 0 1
2116 0 1
2117 37 4120
2118 0 1
2119 0 1
2120 0 1
2121 49 4142
2122 65 4126
2123 37 4070
2124 37 4211
2125 36 4193
2126 48 4127
2127 48 4132
2128 32 4156
2129 31 4147
2130 44 4190
2131 34 4146
2132 39 4197
2133 31 4139
2134 34 4197
2135 30 4151
2136 33 4150
2137 41 4145
2138 35 4183
2139 46 4159
2140 28 4115
2141 34 4149
2142 31 4127
2143 32 4183
2144 37 4193
2145 39 4152
2146 34 4074
2147 37 4158
2148 32 4078
2149 38 4166
2150 33 4130
2151 58 4169
2152 38 4187
2153 40 4106
2154 47 4169
2155 0 1
2156 35 4151
2157 33 4178
2158 0 1
2159 51 4190
2160 50 4163
2161 33 4135
2162 0 1
2163 40 4150
2164 33 4109
2165 37 4153
2166 0 1
2167 52 4100
2168 54 4193
2169 33 4163
2170 32 4196
2171 33 4160
2172 29 4144
2173 0 1
2174 0 1
2175 0 1
2176 39 4113
2177 0 1
2178 0 1
2179 39 4149
2180 33 4158
2181 34 4145
2182 40 4200
2183 39 4137
2184 31 4175
2185 0 1
2186 0 1
2187 36 4156
2188 32 4130
2189 33 4191
2190 0 1
2191 38 4130
2192 33 4166
2193 0 1
2194 32 4163
2195 36 4166
2196 35 4215
2197 33 4152
2198 32 4118
2199 36 4147
4600 38 4105
4601 75 4173
4602 36 4120
4603 34 4169
4604 55 4149
4605 42 4148
4606 31 4149
4607 49 4153
4608 73 4162
4609 0 1
4610 41 4179
4611 38 4142
4612 0 1
4613 41 4174
4614 33 4182
4615 35 4139
4616 39 4163
4617 38 4147
4618 42 4115
4619 39 4193
4620 59 4146
4621 36 4100
4622 37 4179
4623 0 1
4624 48 4181
4625 0 1
4626 42 4148
4627 42 4119
4628 40 4151
4629 0 1
4630 0 1
4631 38 4172
4632 36 4170
4633 0 1
4634 33 4137
4635 0 1
4636 48 4161
4637 0 1
4638 35 4153
4639 39 4158
4640 0 1
4641 40 4186
4642 40 4140
4643 45 4184
4644 35 4207
4645 0 1
4646 36 4144
4647 43 4156
4648 35 4117
4649 40 4161
4650 75 4191
4651 40 4159
4652 46 4183
4653 49 4204
4654 39 4133
4655 37 4159
4656 62 4164
4657 0 1
4658 50 4185
4659 44 4164
4660 0 1
4661 72 4171
4662 32 4157
4663 33 4164
4664 72 4206
4665 54 4140
4666 0 1
4667 0 1
4668 36 4146
4669 46 4163
4670 38 4155
4671 35 4189
4672 33 4166
4673 35 4194
4674 30 4169
4675 0 1
4676 0 1
4677 33 4189
4678 35 4192
4679 37 4142
4680 43 4183
4681 42 4161
4682 3 2
4683 16 2
4684 44 4173
4685 57 4160
4686 0 1
4687 34 4180
4688 48 4098
4689 45 4211
4690 34 4115
4691 36 4213
4692 0 1
4693 37 4093
4694 36 4152
4695 34 4123
4696 36 4198
4697 0 1
4698 35 4211
4699 31 4139
2700 39 4134
2701 39 4167
2702 34 4183
2703 35 4148
2704 27 4129
2705 34 4128
2706 33 4179
2707 32 4114
2708 63 4168
2709 72 4153
2710 31 4128
2711 0 1
2712 33 4128
2713 42 4152
2714 30 4143
2715 37 4203
2716 0 1
2717 35 4172
2718 32 4184
2719 34 4153
2720 33 4108
2721 41 4144
2722 32 4177
2723 31 4178
2724 35 4153
2725 30 4181
2726 33 4148
2727 0 1
2728 31 4156
2729 50 4169
2730 40 4122
2731 28 4128
2732 34 4196
2733 71 4144
2734 0 1
2735 0 1
2736 0 1
2737 0 1
2738 29 4125
2739 41 4132
2740 32 4166
2741 53 4140
2742 36 4168
2743 40 4166
2744 35 4175
2745 36 4173
2746 30 4111
2747 35 4158
2748 30 4138
2749 33 4147
2750 31 4148
2751 38 4181
2752 36 4194
2753 34 4194
2754 35 4167
2755 35 4179
2756 33 4194
2757 44 4156
2758 36 4145
2759 38 4173
2760 33 4190
2761 34 4169
2762 0 1
2763 46 4164
2764 35 4179
2765 0 1
2766 39 4202
2767 34 4138
2768 36 4126
2769 33 4181
2770 83 4088
2771 39 4188
2772 0 1
2773 33 4193
2774 37 4163
2775 0 1
2776 35 4203
2777 37 4179
2778 133 4230
2779 37 4174
2780 29 4143
2781 34 4205
2782 35 4135
2783 36 4173
2784 31 4123
2785 34 4170
2786 29 4207
2787 37 4155
2788 32 4181
2789 34 4182
2790 45 4133
2791 31 4152
2792 32 4185
2793 43 4203
2794 36 4128
2795 34 4117
2796 38 4167
2797 31 4139
2798 35 4225
2799 0 1
5800 0 1
5801 0 1
5802 35 4105
5803 29 4072
5804 43 4127
5805 40 4133
5806 43 4182
5807 0 1
5808 70 4189
5809 34 4184
5810 0 1
5811 0 1
5812 0 1
5813 0 1
5814 31 4140
5815 0 1
5816 0 1
5817 51 4208
5818 39 4066
5819 57 4123
5820 0 1
5821 34 4153
5822 0 1
5823 32 4166
5824 0 1
5825 0 1
5826 62 4202
5827 78 4130
5828 0 1
5829 0 1
5830 0 1
5831 0 1
5832 37 4153
5833 37 4159
5834 0 1
5835 0 1
5836 0 1
5837 65 4149
5838 0 1
5839 38 4174
5840 35 4195
5841 0 1
5842 0 1
5843 0 1
5844 37 4179
5845 0 1
5846 0 1
5847 4 2
5848 114 4146
5849 0 1
5850 0 1
5851 45 4127
5852 0 1
5853 0 1
5854 37 4214
5855 39 4188
5856 0 1
5857 40 4130
5858 0 1
5859 43 4160
5860 35 4201
5861 34 4143
5862 0 1
5863 36 4180
5864 0 1
5865 0 1
5866 0 1
5867 41 4138
5868 55 4151
5869 0 1
5870 31 4187
5871 38 4137
5872 73 4141
5873 0 1
5874 0 1
5875 31 4166
5876 0 1
5877 39 4134
5878 32 4131
5879 33 4149
5880 0 1
5881 49 4151
5882 40 4159
5883 42 4168
5884 0 1
5885 0 1
5886 29 4182
5887 33 4125
5888 0 1
5889 0 1
5890 0 1
5891 0 1
5892 0 1
5893 44 4144
5894 0 1
5895 0 1
5896 0 1
5897 0 1
5898 40 4190
5899 36 4152
1000 32 4193
1001 30 4238
1002 33 4202
1003 29 4194
1004 35 4174
1005 14 2
1006 0 1
1007 54 4144
1008 37 4162
1009 42 4173
1010 37 4102
1011 32 4155
1012 0 1
1013 0 1
1014 47 4185
1015 32 4193
1016 34 4179
1017 36 4180
1018 31 4142
1019 31 4145
1020 30 4198
1021 29 4175
1022 32 4149
1023 34 4175
1024 35 4111
1025 32 4178
1026 35 4186
1027 28 4142
1028 33 4139
1029 34 4143
1030 33 4134
1031 39 4188
1032 36 4128
1033 33 4150
1034 39 4130
1035 0 1
1036 35 4195
1037 37 4138
1038 38 4166
1039 51 4136
1040 28 4163
1041 33 4118
1042 29 4148
1043 36 4139
1044 41 4192
1045 41 4140
1046 29 4148
1047 36 4175
1048 31 4132
1049 38 4076
1050 31 4186
1051 35 4180
1052 32 4160
1053 0 1
1054 41 4135
1055 33 4171
1056 33 4177
1057 29 4176
1058 56 4159
1059 28 4128
1060 50 4223
1061 39 4155
1062 48 4171
1063 31 4172
1064 33 4144
1065 30 4153
1066 33 4139
1067 33 4106
1068 38 4175
1069 32 4154
1070 32 4241
1071 32 4164
1072 31 4162
1073 33 4120
1074 32 4146
1075 33 4192
1076 34 4179
1077 28 4171
1078 27 4134
1079 36 4186
1080 30 4186
1081 34 4217
1082 31 4189
1083 32 4176
1084 32 4148
1085 31 4189
1086 32 4156
1087 37 4212
1088 33 4140
1089 32 4135
1090 31 4153
1091 32 4220
1092 34 4159
1093 31 4150
1094 0 1
1095 0 1
1096 34 4154
1097 0 1
1098 0 1
1099 35 4094
3600 40 4161
3601 36 4158
3602 0 1
3603 43 4223
3604 0 1
3605 50 4123
3606 35 4179
3607 53 4130
3608 30 4166
3609 39 4170
3610 36 4162
3611 32 4149
3612 70 4124
3613 38 4190
3614 31 4169
3615 32 4179
3616 36 4126
3617 46 4193
3618 0 1
3619 38 4110
3620 0 1
3621 33 4139
3622 5 2
3623 38 4113
3624 33 4171
3625 0 1
3626 43 4151
3627 48 4141
3628 34 4199
3629 35 4177
3630 44 4189
3631 86 4188
3632 50 4167
3633 88 4153
3634 31 4147
3635 0 1
3636 44 4125
3637 0 1
3638 44 4184
3639 42 4177
3640 62 4130
3641 34 4158
3642 30 4170
3643 36 4172
3644 31 4185
3645 0 1
3646 40 4125
3647 0 1
3648 35 4112
3649 0 1
3650 31 4152
3651 33 4158
3652 44 4151
3653 86 4117
3654 38 4207
3655 0 1
3656 40 4184
3657 41 4194
3658 32 4188
3659 37 4182
3660 38 4215
3661 0 1
3662 34 4201
3663 34 4150
3664 0 1
3665 34 4168
3666 34 4161
3667 39 4143
3668 33 4219
3669 45 4136
3670 34 4158
3671 43 4110
3672 44 4186
3673 0 1
3674 35 4153
3675 38 4123
3676 53 4141
3677 35 4170
3678 42 4143
3679 37 4110
3680 0 1
3681 0 1
3682 32 4180
3683 0 1
3684 31 4174
3685 39 4140
3686 0 1
3687 32 4117
3688 37 4142
3689 35 4118
3690 34 4094
3691 12 2
3692 0 1
3693 37 4196
3694 0 1
3695 0 1
3696 0 1
3697 0 1
3698 34 4099
3699 41 4128
5100 0 1
5101 0 1
5102 0 1
5103 0 1
5104 0 1
5105 31 4170
5106 0 1
5107 38 4102
5108 41 4161
5109 59 4156
5110 0 1
5111 43 4158
5112 57 4174
5113 45 4228
5114 40 2
5115 0 1
5116 0 1
5117 34 4165
5118 0 1
5119 34 4159
5120 0 1
5121 0 1
5122 0 1
5123 57 4142
5124 0 1
5125 56 4135
5126 42 4076
5127 47 4187
5128 69 4174
5129 0 1
5130 0 1
5131 3 2
5132 5 2
5133 0 1
5134 30 4084
5135 0 1
5136 64 4140
5137 0 1
5138 44 4132
5139 0 1
5140 0 1
5141 32 4160
5142 0 1
5143 0 1
5144 0 1
5145 35 4129
5146 35 4120
5147 0 1
5148 0 1
5149 40 4159
5150 0 1
5151 0 1
5152 36 4161
5153 0 1
5154 0 1
5155 12 2
5156 13 2
5157 0 1
5158 0 1
5159 56 4161
5160 33 4194
5161 0 1
5162 34 4140
5163 0 1
5164 72 4136
5165 44 4176
5166 0 1
5167 53 4196
5168 0 1
5169 66 4137
5170 0 1
5171 38 4148
5172 0 1
5173 0 1
5174 0 1
5175 37 4165
5176 0 1
5177 0 1
5178 0 1
5179 0 1
5180 0 1
5181 0 1
5182 0 1
5183 37 4153
5184 34 4216
5185 34 4136
5186 0 1
5187 41 4153
5188 0 1
5189 33 4194
5190 37 4146
5191 0 1
5192 56 4133
5193 50 4196
5194 47 4109
5195 59 4147
5196 30 4204
5197 0 1
5198 0 1
5199 0 1
5700 0 1
5701 70 4134
5702 0 1
5703 0 1
5704 41 4154
5705 45 4165
5706 37 4169
5707 0 1
5708 0 1
5709 34 4154
5710 47 4137
5711 40 4178
5712 0 1
5713 38 4169
5714 0 1
5715 45 4140
5716 37 4148
5717 41 4160
5718 0 1
5719 0 1
5720 37 4183
5721 36 4168
5722 30 4157
5723 38 4183
5724 53 4117
5725 0 1
5726 0 1
5727 0 1
5728 15 2
5729 3 2
5730 0 1
5731 64 4162
5732 0 1
5733 0 1
5734 0 1
5735 29 4108
5736 19 2
5737 0 1
5738 31 4167
5739 42 4211
5740 39 4146
5741 55 4171
5742 65 4194
5743 51 4165
5744 41 4186
5745 54 4193
5746 0 1
5747 0 1
5748 62 4132
5749 0 1
5750 0 1
5751 0 1
5752 0 1
5753 0 1
5754 0 1
5755 0 1
5756 40 4218
5757 0 1
5758 0 1
5759 0 1
5760 34 4162
5761 56 4186
5762 0 1
5763 48 4126
5764 0 1
5765 47 4219
5766 1 2
5767 31 4183
5768 0 1
5769 29 4127
5770 0 1
5771 0 1
5772 0 1
5773 0 1
5774 0 1
5775 0 1
5776 0 1
5777 31 4153
5778 47 4151
5779 43 4133
5780 0 1
5781 36 4166
5782 0 1
5783 41 4197
5784 43 4156
5785 0 1
5786 45 4136
5787 7 2
5788 0 1
5789 0 1
5790 38 4068
5791 0 1
5792 0 1
5793 76 4145
5794 53 4103
5795 0 1
5796 0 1
5797 0 1
5798 0 1
5799 0 1
3800 35 4167
3801 34 4179
3802 32 4189
3803 33 4197
3804 37 4154
3805 0 1
3806 35 4154
3807 35 4196
3808 29 4171
3809 0 1
3810 0 1
3811 34 4131
3812 0 1
3813 35 4163
3814 89 4181
3815 39 4171
3816 0 1
3817 0 1
3818 0 1
3819 40 4201
3820 77 4187
3821 39 4183
3822 0 1
3823 39 4169
3824 0 1
3825 30 4145
3826 43 4184
3827 1 2
3828 36 2
3829 0 1
3830 33 4182
3831 0 1
3832 48 4172
3833 0 1
3834 34 4172
3835 0 1
3836 0 1
3837 31 4149
3838 33 4190
3839 45 4212
3840 43 4187
3841 31 4176
3842 0 1
3843 0 1
3844 47 4184
3845 0 1
3846 0 1
3847 0 1
3848 39 4181
3849 30 4136
3850 42 4179
3851 57 4148
3852 44 4187
3853 0 1
3854 32 4164
3855 30 4101
3856 0 1
3857 0 1
3858 0 1
3859 0 1
3860 49 4165
3861 34 4145
3862 37 4112
3863 38 4146
3864 30 4152
3865 33 4134
3866 53 4151
3867 0 1
3868 48 4212
3869 0 1
3870 50 4151
3871 33 4096
3872 0 1
3873 0 1
3874 0 1
3875 32 4109
3876 0 1
3877 0 1
3878 0 1
3879 33 4158
3880 0 1
3881 0 1
3882 60 4141
3883 35 4118
3884 34 4206
3885 0 1
3886 40 4192
3887 37 4212
3888 0 1
3889 44 4210
3890 32 4180
3891 35 4178
3892 0 1
3893 40 4169
3894 63 4215
3895 32 4104
3896 40 4182
3897 47 4197
3898 0 1
3899 0 1
3100 31 4178
3101 30 4136
3102 36 4180
3103 39 4160
3104 34 4163
3105 59 4131
3106 34 4136
3107 58 4135
3108 32 4153
3109 33 4182
3110 0 1
3111 31 4158
3112 36 4219
3113 0 1
3114 36 4141
3115 33 4140
3116 34 4163
3117 31 4175
3118 30 4129
3119 77 4168
3120 34 4181
3121 33 4184
3122 31 4150
3123 33 4173
3124 36 4189
3125 33 4145
3126 30 4171
3127 33 4202
3128 39 4197
3129 29 4125
3130 0 1
3131 43 4196
3132 31 4164
3133 57 4161
3134 0 1
3135 31 4117
3136 41 4192
3137 33 4179
3138 0 1
3139 43 4166
3140 35 4157
3141 0 1
3142 0 1
3143 0 1
3144 65 4121
3145 32 4208
3146 36 4190
3147 31 4200
3148 35 4117
3149 40 4149
3150 0 1
3151 70 4183
3152 37 4139
3153 34 4188
3154 68 4152
3155 0 1
3156 0 1
3157 38 4170
3158 0 1
3159 21 3
3160 5 3
3161 29 3
3162 35 4192
3163 0 1
3164 32 4200
3165 0 1
3166 0 1
3167 4 2
3168 51 4162
3169 47 4180
3170 37 4149
3171 31 4179
3172 35 4179
3173 32 4193
3174 35 4160
3175 38 4169
3176 36 4193
3177 37 4216
3178 33 4175
3179 48 4174
3180 38 4156
3181 30 4159
3182 38 4166
3183 0 1
3184 32 4172
3185 38 4128
3186 41 4193
3187 35 4151
3188 32 4125
3189 38 4169
3190 33 4165
3191 35 4144
3192 35 4120
3193 0 1
3194 39 4139
3195 0 1
3196 40 4169
3197 38 4153
3198 91 4182
3199 0 1
5600 0 1
5601 66 4165
5602 34 4133
5603 36 4126
5604 44 4170
5605 0 1
5606 62 4181
5607 51 4123
5608 49 4173
5609 51 4154
5610 0 1
5611 35 4087
5612 34 4159
5613 33 4149
5614 46 4149
5615 0 1
5616 63 4164
5617 39 4229
5618 45 4149
5619 53 4166
5620 58 4182
5621 45 4157
5622 54 4094
5623 35 4178
5624 43 4196
5625 50 4135
5626 57 4139
5627 36 4173
5628 55 4195
5629 36 4136
5630 36 4120
5631 36 4194
5632 43 4102
5633 35 4240
5634 33 4136
5635 0 1
5636 30 4142
5637 43 4135
5638 45 4147
5639 32 4129
5640 58 4117
5641 34 4095
5642 36 4145
5643 33 4159
5644 42 4170
5645 41 4137
5646 32 4148
5647 61 4198
5648 0 1
5649 0 1
5650 0 1
5651 0 1
5652 0 1
5653 0 1
5654 54 4155
5655 0 1
5656 43 4162
5657 60 4117
5658 44 4168
5659 53 4118
5660 38 4159
5661 40 4118
5662 37 4174
5663 52 4139
5664 0 1
5665 34 4154
5666 74 4176
5667 0 1
5668 35 4159
5669 0 1
5670 0 1
5671 0 1
5672 104 4165
5673 0 1
5674 33 4135
5675 0 1
5676 0 1
5677 0 1
5678 42 4206
5679 34 4161
5680 29 4145
5681 0 1
5682 0 1
5683 58 4151
5684 0 1
5685 55 4152
5686 0 1
5687 35 4146
5688 0 1
5689 60 4162
5690 43 4137
5691 59 4184
5692 35 4145
5693 56 4150
5694 0 1
5695 0 1
5696 51 4180
5697 35 4105
5698 0 1
5699 0 1
3700 68 4174
3701 59 4137
3702 35 4228
3703 31 4195
3704 42 4162
3705 35 4172
3706 34 4187
3707 32 4119
3708 0 1
3709 0 1
3710 0 1
3711 0 1
3712 34 4175
3713 0 1
3714 47 4185
3715 33 4194
3716 33 4150
3717 43 4132
3718 0 1
3719 37 4148
3720 62 4139
3721 31 4118
3722 35 4126
3723 35 4203
3724 33 4146
3725 43 4181
3726 0 1
3727 50 4173
3728 58 4138
3729 50 4163
3730 37 4151
3731 35 4206
3732 33 4179
3733 0 1
3734 0 1
3735 39 4167
3736 59 4172
3737 0 1
3738 38 4184
3739 33 4173
3740 43 4126
3741 34 4156
3742 33 4166
3743 45 4196
3744 0 1
3745 0 1
3746 0 1
3747 41 4159
3748 31 4137
3749 53 4146
3750 0 1
3751 0 1
3752 48 4156
3753 37 4172
3754 38 4127
3755 0 1
3756 77 4170
3757 34 4134
3758 37 4138
3759 0 1
3760 36 4151
3761 30 4154
3762 30 4200
3763 0 1
3764 78 4171
3765 46 4102
3766 55 4151
3767 36 4161
3768 30 4147
3769 34 4147
3770 0 1
3771 37 4173
3772 0 1
3773 36 4199
3774 41 4171
3775 33 4170
3776 0 1
3777 36 4166
3778 0 1
3779 0 1
3780 38 4143
3781 52 4216
3782 0 1
3783 38 4194
3784 0 1
3785 31 4193
3786 36 4150
3787 0 1
3788 41 4127
3789 55 4183
3790 41 4190
3791 32 4159
3792 37 4210
3793 54 4186
3794 38 4171
3795 42 4216
3796 39 4144
3797 31 4136
3798 37 4123
3799 0 1
1800 36 4138
1801 0 1
1802 32 4168
1803 33 4212
1804 61 4164
1805 0 1
1806 51 4139
1807 38 4176
1808 31 4133
1809 0 1
1810 31 4142
1811 30 4163
1812 35 4204
1813 31 4127
1814 33 4163
1815 31 4204
1816 35 4170
1817 32 4114
1818 35 4157
1819 31 4161
1820 41 4130
1821 41 4142
1822 35 4187
1823 34 4197
1824 52 4213
1825 38 4197
1826 29 4175
1827 79 4164
1828 38 4171
1829 31 4179
1830 30 4147
1831 35 4182
1832 38 4183
1833 33 4131
1834 36 4125
1835 50 4144
1836 33 4166
1837 38 4117
1838 0 1
1839 29 4172
1840 33 4159
1841 32 4151
1842 34 4136
1843 29 4155
1844 39 4181
1845 30 4186
1846 33 4145
1847 37 4130
1848 32 4203
1849 46 4140
1850 35 4215
1851 28 4161
1852 62 4144
1853 34 4153
1854 38 4186
1855 31 4110
1856 35 4177
1857 37 4118
1858 50 4178
1859 32 4134
1860 38 4157
1861 33 4168
1862 38 4132
1863 42 4114
1864 34 4196
1865 175 4184
1866 50 4139
1867 38 4141
1868 32 4193
1869 34 4187
1870 39 4251
1871 32 4161
1872 33 4144
1873 34 4148
1874 34 4141
1875 35 4172
1876 55 4121
1877 35 4171
1878 31 4172
1879 32 4132
1880 38 4170
1881 39 4180
1882 0 1
1883 0 1
1884 43 4175
1885 31 4189
1886 38 4196
1887 43 4187
1888 0 1
1889 44 4098
1890 0 1
1891 35 4092
1892 30 4219
1893 30 4135
1894 31 4182
1895 33 4143
1896 51 4225
1897 35 4118
1898 35 4263
1899 66 4160
3900 0 1
3901 0 1
3902 27 2
3903 40 4193
3904 60 4176
3905 38 4218
3906 39 4102
3907 0 1
3908 34 4171
3909 35 4141
3910 39 4170
3911 53 4189
3912 35 4168
3913 38 4117
3914 34 4145
3915 35 4151
3916 41 4097
3917 39 4175
3918 32 4216
3919 37 4180
3920 83 4224
3921 35 4156
3922 36 4099
3923 61 4114
3924 49 4089
3925 77 4144
3926 61 4144
3927 32 4152
3928 35 4173
3929 39 4140
3930 0 1
3931 42 4124
3932 30 4178
3933 31 4145
3934 56 4123
3935 45 4120
3936 31 4148
3937 32 4146
3938 0 1
3939 35 4115
3940 33 4129
3941 32 4158
3942 33 4166
3943 33 4134
3944 34 4122
3945 62 4148
3946 42 4080
3947 55 4155
3948 31 4170
3949 48 4193
3950 36 4164
3951 40 4135
3952 39 4112
3953 44 4128
3954 0 1
3955 0 1
3956 0 1
3957 40 4123
3958 0 1
3959 0 1
3960 37 4177
3961 42 4169
3962 88 4130
3963 38 4181
3964 39 4165
3965 0 1
3966 0 1
3967 72 4177
3968 44 4182
3969 50 4136
3970 36 4152
3971 34 4175
3972 0 1
3973 0 1
3974 0 1
3975 0 1
3976 0 1
3977 0 1
3978 0 1
3979 41 4141
3980 38 4177
3981 38 4203
3982 65 4129
3983 38 4138
3984 34 4160
3985 29 4203
3986 0 1
3987 34 4159
3988 78 4176
3989 38 4163
3990 0 1
3991 0 1
3992 0 1
3993 0 1
3994 46 4161
3995 57 4102
3996 0 1
3997 0 1
3998 0 1
3999 0 1
5000 18 2
5001 31 4183
5002 0 1
5003 36 4135
5004 34 4160
5005 39 4207
5006 32 4156
5007 32 4156
5008 36 4131
5009 31 4178
5010 44 4177
5011 45 4137
5012 39 4203
5013 74 4200
5014 0 1
5015 37 4129
5016 47 4158
5017 60 4142
5018 0 1
5019 40 4170
5020 39 4185
5021 34 4186
5022 50 4161
5023 32 4152
5024 63 4154
5025 46 4157
5026 0 1
5027 0 1
5028 48 4117
5029 34 4151
5030 44 4213
5031 49 4144
5032 51 4130
5033 0 1
5034 35 4160
5035 34 4133
5036 42 4114
5037 38 4200
5038 34 4150
5039 56 4158
5040 37 4160
5041 0 1
5042 52 4153
5043 32 4155
5044 35 4151
5045 32 4180
5046 55 4156
5047 130 4160
5048 40 4066
5049 34 4173
5050 49 4103
5051 33 4139
5052 49 4216
5053 40 4148
5054 48 4143
5055 52 4123
5056 46 4139
5057 0 1
5058 32 4200
5059 32 4136
5060 75 4225
5061 42 4167
5062 37 4130
5063 39 4112
5064 39 4112
5065 41 4179
5066 0 1
5067 0 1
5068 75 4192
5069 0 1
5070 0 1
5071 0 1
5072 39 4108
5073 0 1
5074 0 1
5075 37 4152
5076 37 4161
5077 0 1
5078 84 2
5079 25 2
5080 0 1
5081 0 1
5082 35 4209
5083 60 4162
5084 102 4209
5085 61 4203
5086 34 4191
5087 49 4131
5088 2 2
5089 45 2
5090 0 1
5091 0 1
5092 37 4178
5093 34 4161
5094 31 4084
5095 0 1
5096 49 4171
5097 0 1
5098 0 1
5099 57 4172
1100 32 4192
1101 0 1
1102 0 1
1103 31 4146
1104 34 4192
1105 37 4125
1106 35 4155
1107 27 4141
1108 37 4149
1109 34 4159
1110 34 4188
1111 30 4121
1112 34 4161
1113 38 4154
1114 34 4146
1115 33 4149
1116 33 4159
1117 41 4159
1118 35 4117
1119 0 1
1120 70 4185
1121 30 4214
1122 26 4146
1123 32 4164
1124 35 4165
1125 28 4127
1126 30 4159
1127 0 1
1128 9 2
1129 1 2
1130 0 1
1131 32 4180
1132 30 4173
1133 32 4152
1134 34 4148
1135 31 4118
1136 33 4212
1137 40 4166
1138 29 4123
1139 0 1
1140 45 4162
1141 32 4169
1142 0 1
1143 33 4183
1144 30 4158
1145 0 1
1146 33 4138
1147 49 4117
1148 33 4183
1149 30 4166
1150 37 4132
1151 88 4133
1152 31 4193
1153 30 4127
1154 36 4180
1155 34 4135
1156 32 4161
1157 40 4138
1158 36 4209
1159 30 4188
1160 41 4144
1161 30 4156
1162 30 4203
1163 34 4153
1164 32 4121
1165 33 4193
1166 31 4129
1167 40 4177
1168 37 4132
1169 36 4150
1170 33 4198
1171 29 4171
1172 0 1
1173 35 4168
1174 31 4139
1175 32 4190
1176 33 4224
1177 31 4145
1178 31 4153
1179 38 4137
1180 35 4178
1181 34 4059
1182 31 4127
1183 30 4196
1184 32 4160
1185 28 4137
1186 30 4150
1187 38 4163
1188 34 4131
1189 32 4171
1190 31 4183
1191 31 4141
1192 33 4124
1193 72 4215
1194 30 4135
1195 0 1
1196 36 4133
1197 78 4168
1198 40 4163
1199 34 4176
1700 35 4195
1701 35 4148
1702 34 4188
1703 32 4143
1704 32 4126
1705 39 4171
1706 40 4132
1707 40 4137
1708 44 4197
1709 34 4118
1710 29 4148
1711 41 4117
1712 0 1
1713 38 4122
1714 0 1
1715 30 4155
1716 34 4154
1717 31 4136
1718 30 4159
1719 34 4198
1720 38 4183
1721 38 4176
1722 32 4156
1723 45 4086
1724 0 1
1725 0 1
1726 35 4148
1727 32 4122
1728 63 4179
1729 33 4159
1730 38 4123
1731 43 4194
1732 29 4116
1733 39 4137
1734 33 4134
1735 48 4150
1736 35 4192
1737 28 4130
1738 41 4108
1739 31 4177
1740 34 4166
1741 33 4123
1742 33 4157
1743 36 4203
1744 35 4170
1745 32 4154
1746 35 4154
1747 36 4187
1748 40 4209
1749 38 4161
1750 37 4144
1751 32 4129
1752 31 4126
1753 30 4144
1754 35 4163
1755 31 4169
1756 31 4206
1757 0 1
1758 36 4212
1759 33 4129
1760 37 4157
1761 34 4150
1762 40 4157
1763 30 4111
1764 34 4150
1765 30 4167
1766 30 4183
1767 29 4095
1768 31 4120
1769 31 4157
1770 34 4149
1771 34 4137
1772 35 4163
1773 31 4169
1774 30 4159
1775 35 4121
1776 34 4112
1777 33 4130
1778 31 4167
1779 35 4170
1780 30 4172
1781 43 4186
1782 41 4163
1783 78 4195
1784 0 1
1785 35 4141
1786 0 1
1787 35 4150
1788 37 4142
1789 90 4154
1790 31 4173
1791 1 2
1792 0 1
1793 33 4121
1794 33 4188
1795 0 1
1796 35 4141
1797 36 4158
1798 31 4143
1799 32 4152
300 33 4157
301 35 4155
302 33 4176
303 29 4178
304 31 4195
305 31 4160
306 37 4141
307 34 4109
308 34 4213
309 37 4222
310 35 4146
311 32 4149
312 50 4192
313 42 4169
314 0 1
315 31 4152
316 32 4183
317 32 4168
318 0 1
319 34 4147
320 34 4162
321 29 4161
322 31 4145
323 31 4203
324 29 4179
325 29 4092
326 30 4146
327 31 4198
328 30 4125
329 32 4146
330 35 4096
331 33 4154
332 32 4148
333 33 4221
334 32 4165
335 31 4116
336 36 4193
337 96 4178
338 40 4127
339 0 1
340 67 4123
341 35 4170
342 29 4198
343 32 4163
344 33 4183
345 32 4179
346 0 1
347 33 4105
348 27 4150
349 35 4154
350 35 4177
351 36 4127
352 33 4164
353 0 1
354 42 4118
355 30 4166
356 32 4158
357 43 4167
358 35 4184
359 79 4154
360 30 4177
361 31 4209
362 34 4141
363 35 4107
364 0 1
365 0 1
366 0 1
367 0 1
368 37 4188
369 36 4118
370 0 1
371 38 4107
372 31 4138
373 33 4123
374 32 4163
375 27 4162
376 30 4134
377 32 4202
378 35 4194
379 2 2
380 11 2
381 43 4192
382 73 4194
383 30 4173
384 35 4239
385 45 4212
386 31 4148
387 34 4194
388 36 4181
389 32 4184
390 33 4230
391 34 4147
392 35 4181
393 34 4196
394 0 1
395 0 1
396 35 4166
397 32 4140
398 34 4094
399 30 4154
3000 32 4116
3001 32 4138
3002 40 4138
3003 39 4227
3004 74 4184
3005 28 4147
3006 34 4173
3007 40 4162
3008 40 4208
3009 39 4214
3010 37 4132
3011 47 4196
3012 36 4141
3013 34 4124
3014 35 4131
3015 36 4191
3016 40 4153
3017 0 1
3018 47 4184
3019 77 4177
3020 36 4166
3021 0 1
3022 0 1
3023 35 4163
3024 0 1
3025 37 4127
3026 51 4160
3027 31 4164
3028 43 4178
3029 34 4167
3030 52 4133
3031 31 4173
3032 32 4175
3033 0 1
3034 37 4161
3035 50 4113
3036 36 4167
3037 38 4144
3038 35 4164
3039 69 2
3040 47 4132
3041 0 1
3042 0 1
3043 25 2
3044 1 2
3045 59 4183
3046 66 4159
3047 45 2
3048 39 4122
3049 28 4146
3050 33 4211
3051 62 4166
3052 32 4182
3053 32 4162
3054 35 4124
3055 43 4161
3056 42 4168
3057 37 4135
3058 40 4149
3059 0 1
3060 38 4129
3061 0 1
3062 55 4169
3063 37 4185
3064 34 4145
3065 35 4178
3066 32 4180
3067 30 4152
3068 32 4139
3069 31 4140
3070 33 4136
3071 32 4163
3072 31 4140
3073 8 2
3074 21 2
3075 35 4183
3076 35 4225
3077 35 4118
3078 37 4178
3079 0 1
3080 0 1
3081 33 4117
3082 36 4164
3083 46 4183
3084 34 4163
3085 43 4176
3086 31 4130
3087 39 4183
3088 43 4149
3089 43 4150
3090 42 4140
3091 60 4186
3092 0 1
3093 0 1
3094 52 4194
3095 34 4181
3096 34 4189
3097 34 4197
3098 31 4209
3099 31 4147
1600 30 4168
1601 32 4177
1602 30 4156
1603 33 4120
1604 33 4191
1605 34 4171
1606 35 4146
1607 44 4170
1608 30 4153
1609 0 1
1610 54 4147
1611 68 4177
1612 34 4163
1613 0 1
1614 0 1
1615 34 4156
1616 44 4164
1617 33 4188
1618 32 4175
1619 36 4133
1620 0 1
1621 31 4161
1622 38 4204
1623 28 4157
1624 41 4159
1625 31 4209
1626 34 4223
1627 34 4107
1628 32 4132
1629 33 4166
1630 33 4177
1631 30 4133
1632 31 4100
1633 34 4181
1634 33 4192
1635 29 4190
1636 37 4149
1637 34 4193
1638 34 4160
1639 30 4222
1640 32 4168
1641 31 4188
1642 31 4225
1643 34 4154
1644 32 4173
1645 33 4137
1646 32 4156
1647 33 4175
1648 33 4090
1649 31 4160
1650 33 4146
1651 31 4171
1652 36 4126
1653 36 4174
1654 33 4154
1655 27 4153
1656 33 4179
1657 34 4175
1658 35 4130
1659 37 4159
1660 35 4152
1661 31 4203
1662 29 4150
1663 43 4168
1664 31 4177
1665 0 1
1666 51 4163
1667 30 4079
1668 39 4165
1669 41 4131
1670 35 4131
1671 36 4150
1672 29 4151
1673 43 4160
1674 35 4140
1675 37 4171
1676 32 4177
1677 36 4164
1678 30 4092
1679 55 4108
1680 0 1
1681 32 4147
1682 40 4194
1683 34 4186
1684 31 4125
1685 36 4135
1686 31 4155
1687 39 4139
1688 32 4171
1689 37 4197
1690 30 4195
1691 31 4149
1692 32 4179
1693 32 4177
1694 30 4181
1695 30 4150
1696 43 4153
1697 38 4162
1698 34 4161
1699 0 1
4000 41 4156
4001 33 4185
4002 31 4130
4003 37 4165
4004 31 4135
4005 35 4127
4006 0 1
4007 39 4184
4008 50 4202
4009 32 4171
4010 0 1
4011 41 4178
4012 0 1
4013 0 1
4014 78 4166
4015 48 4158
4016 0 1
4017 41 4213
4018 35 4141
4019 47 4183
4020 38 4133
4021 48 4149
4022 32 4172
4023 60 4165
4024 30 4188
4025 43 4159
4026 44 4115
4027 51 4148
4028 37 4202
4029 37 4198
4030 38 4175
4031 0 1
4032 33 4143
4033 38 4202
4034 32 4163
4035 0 1
4036 33 4157
4037 40 4172
4038 0 1
4039 0 1
4040 65 4133
4041 39 4199
4042 43 4138
4043 57 4185
4044 0 1
4045 36 4183
4046 0 1
4047 0 1
4048 0 1
4049 0 1
4050 35 4194
4051 30 4152
4052 38 4168
4053 0 1
4054 0 1
4055 0 1
4056 34 4125
4057 0 1
4058 0 1
4059 39 4182
4060 0 1
4061 40 4207
4062 35 4174
4063 57 4206
4064 35 4151
4065 28 4184
4066 34 4152
4067 58 4119
4068 33 4203
4069 0 1
4070 37 4168
4071 0 1
4072 48 4180
4073 54 4200
4074 34 4106
4075 42 4095
4076 33 4107
4077 71 4180
4078 0 1
4079 47 4160
4080 62 4181
4081 35 4140
4082 35 4153
4083 0 1
4084 47 4178
4085 0 1
4086 32 4171
4087 36 4191
4088 0 1
4089 0 1
4090 31 4114
4091 36 4140
4092 40 4209
4093 47 4179
4094 0 1
4095 34 4091
4096 49 4171
4097 40 4202
4098 46 4191
4099 32 4158
0 39 4167
1 35 4144
2 30 4168
3 26 4135
4 34 4118
5 30 4215
6 34 4185
7 35 4217
8 31 4146
9 45 4177
10 36 4198
11 38 4175
12 30 4165
13 39 4174
14 31 4118
15 35 4179
16 32 4188
17 35 4214
18 28 4142
19 36 4106
20 32 4201
21 30 4176
22 28 4149
23 0 1
24 39 4160
25 35 4144
26 38 4113
27 38 4181
28 31 4177
29 29 4213
30 36 4155
31 31 4149
32 34 4121
33 31 4163
34 31 4156
35 0 1
36 35 4184
37 33 4154
38 31 4155
39 32 4198
40 28 4148
41 31 4168
42 36 4152
43 33 4122
44 32 4181
45 28 4108
46 0 1
47 36 4173
48 33 4155
49 30 4157
50 30 4169
51 30 4147
52 31 4205
53 36 4175
54 35 4201
55 45 4113
56 33 4123
57 32 4186
58 35 4157
59 37 4154
60 32 4123
61 32 4190
62 33 4176
63 47 4162
64 30 4211
65 33 4189
66 36 4148
67 35 4195
68 32 4180
69 34 4152
70 33 4140
71 35 4144
72 37 4175
73 33 4174
74 45 4176
75 35 4156
76 0 1
77 31 4162
78 32 4175
79 38 4193
80 27 4156
81 30 4186
82 30 4102
83 34 4175
84 30 4149
85 31 4169
86 30 4137
87 32 4187
88 28 4119
89 32 4161
90 30 4143
91 32 4162
92 30 4198
93 35 4150
94 35 4139
95 33 4125
96 29 4166
97 30 4181
98 29 4211
99 35 4177
400 40 4147
401 49 4171
402 33 4215
403 45 4187
404 32 4106
405 32 4187
406 35 4092
407 35 4143
408 35 4189
409 33 4176
410 41 4147
411 30 4120
412 33 4156
413 30 4132
414 38 4149
415 30 4194
416 33 4159
417 33 4104
418 42 4203
419 37 4140
420 36 4185
421 30 4189
422 33 4169
423 32 4098
424 30 4164
425 33 4150
426 32 4183
427 30 4165
428 30 4184
429 29 4189
430 30 4232
431 33 4199
432 30 4190
433 29 4126
434 32 4180
435 29 4153
436 30 4160
437 28 4132
438 32 4116
439 31 4156
440 32 4163
441 26 4116
442 29 4099
443 29 4089
444 30 4124
445 38 4186
446 0 1
447 37 4118
448 34 4152
449 35 4157
450 33 4131
451 34 4201
452 30 4179
453 34 4148
454 0 1
455 34 4190
456 34 4175
457 0 1
458 0 1
459 31 4176
460 30 4126
461 34 4134
462 34 4151
463 46 4132
464 48 4111
465 32 4149
466 33 4160
467 31 4171
468 32 4195
469 42 4147
470 36 4124
471 38 4133
472 38 4177
473 34 4154
474 38 4204
475 49 4125
476 34 4091
477 34 4184
478 63 4131
479 36 4186
480 32 4143
481 89 4149
482 70 4113
483 51 4145
484 0 1
485 35 4152
486 48 4203
487 0 1
488 31 4160
489 42 4186
490 32 4154
491 29 4167
492 41 4166
493 0 1
494 40 4145
495 35 4153
496 37 4181
497 32 4204
498 29 4119
499 33 4131
2000 46 4165
2001 30 4189
2002 38 4168
2003 30 4217
2004 45 4093
2005 0 1
2006 37 4170
2007 39 4157
2008 32 4170
2009 89 4116
2010 60 4136
2011 35 4170
2012 31 4178
2013 37 4149
2014 35 4214
2015 43 4125
2016 37 4125
2017 31 4131
2018 35 4167
2019 36 4099
2020 31 4192
2021 52 4229
2022 35 4196
2023 30 4208
2024 38 4234
2025 39 4138
2026 54 4213
2027 37 4151
2028 35 4148
2029 46 4123
2030 32 4137
2031 35 4199
2032 37 4169
2033 39 4235
2034 75 4180
2035 49 4170
2036 2 2
2037 75 4190
2038 54 4175
2039 38 4215
2040 34 4142
2041 34 4192
2042 39 4167
2043 43 4079
2044 32 4180
2045 33 4145
2046 36 4114
2047 107 4136
2048 34 4160
2049 33 4116
2050 47 4140
2051 120 4170
2052 35 4158
2053 45 4158
2054 34 4214
2055 49 4170
2056 32 4145
2057 48 4154
2058 34 4179
2059 37 4155
2060 33 4195
2061 36 4163
2062 35 4132
2063 32 4170
2064 52 4152
2065 0 1
2066 41 4162
2067 37 4187
2068 28 4193
2069 49 4085
2070 38 4194
2071 32 4185
2072 32 4176
2073 81 4148
2074 32 4150
2075 35 4104
2076 41 4084
2077 31 4162
2078 50 4128
2079 32 4181
2080 34 4186
2081 0 1
2082 33 4162
2083 33 4143
2084 38 4106
2085 34 4177
2086 36 4117
2087 46 4175
2088 34 4116
2089 37 4199
2090 30 4164
2091 32 4180
2092 36 4183
2093 31 4179
2094 0 1
2095 0 1
2096 36 4122
2097 42 4146
2098 36 4200
2099 33 4201
200 42 4149
201 34 4108
202 33 4162
203 37 4193
204 31 4146
205 38 4096
206 34 4194
207 36 4147
208 32 4160
209 37 4177
210 29 4152
211 34 4140
212 45 4189
213 33 4188
214 28 4124
215 42 4170
216 32 4162
217 42 4107
218 37 4174
219 38 4166
220 29 4165
221 37 4187
222 46 4196
223 28 4114
224 31 4139
225 36 4116
226 34 4203
227 44 4164
228 32 4228
229 35 4176
230 34 4093
231 29 4166
232 30 4181
233 31 4173
234 35 4172
235 33 4133
236 36 4144
237 37 4171
238 32 4194
239 34 4177
240 32 4211
241 33 4135
242 33 4103
243 38 4092
244 33 4145
245 32 4146
246 34 4173
247 29 4121
248 52 4134
249 35 4184
250 34 4136
251 36 4196
252 46 4119
253 33 4138
254 30 4161
255 0 1
256 35 4073
257 29 4124
258 47 4138
259 32 4161
260 29 4153
261 51 4216
262 33 4194
263 53 4164
264 31 4158
265 0 1
266 37 4152
267 33 4155
268 31 4193
269 43 4186
270 34 4124
271 32 4160
272 32 4160
273 30 4163
274 36 4196
275 33 4184
276 31 4227
277 32 4105
278 32 4206
279 33 4187
280 47 4169
281 28 4091
282 35 4174
283 33 4205
284 31 4151
285 30 4158
286 37 4143
287 37 4163
288 31 4181
289 28 4107
290 35 4162
291 35 4192
292 33 4172
293 40 4127
294 35 4145
295 35 4172
296 31 4145
297 36 4177
298 0 1
299 0 1
6100 0 1
6101 45 4135
6102 0 1
6103 0 1
6104 11 2
6105 75 2
6106 0 1
6107 57 4140
6108 0 1
6109 38 4173
6110 35 4147
6111 36 4200
6112 0 1
6113 0 1
6114 0 1
6115 0 1
6116 0 1
6117 0 1
6118 35 4145
6119 0 1
6120 0 1
6121 79 4126
6122 56 4172
6123 0 1
6124 38 4205
6125 40 4107
6126 0 1
6127 35 4178
6128 52 4179
6129 47 4142
6130 0 1
6131 34 4095
6132 0 1
6133 55 4179
6134 0 1
6135 44 4162
6136 0 1
6137 0 1
6138 40 4206
6139 0 1
6140 41 4167
6141 0 1
6142 0 1
6143 0 1
6144 60 4187
6145 0 1
6146 0 1
6147 52 4230
6148 45 2
6149 5 2
6150 0 1
6151 0 1
6152 0 1
6153 0 1
6154 87 4131
6155 83 4166
6156 0 1
6157 0 1
6158 45 4182
6159 34 4143
6160 0 1
6161 0 1
6162 0 1
6163 34 4146
6164 35 4167
6165 32 4122
6166 34 4159
6167 35 4127
6168 49 4214
6169 56 4165
6170 1 2
6171 0 1
6172 34 4192
6173 0 1
6174 76 4164
6175 0 1
6176 0 1
6177 0 1
6178 0 1
6179 36 4151
6180 0 1
6181 0 1
6182 32 4177
6183 0 1
6184 0 1
6185 0 1
6186 0 1
6187 0 1
6188 0 1
6189 0 1
6190 40 4184
6191 47 4178
6192 34 4175
6193 0 1
6194 0 1
6195 0 1
6196 55 4156
6197 0 1
6198 0 1
6199 0 1
500 30 4144
501 44 4169
502 36 4144
503 31 4138
504 39 4117
505 32 4184
506 34 4151
507 54 4121
508 43 4192
509 34 4153
510 29 4227
511 37 4167
512 32 4198
513 30 4121
514 37 4160
515 34 4208
516 34 4159
517 34 4178
518 33 4185
519 39 4202
520 38 4143
521 29 4175
522 35 4182
523 31 4160
524 31 4116
525 33 4159
526 35 4111
527 32 4161
528 34 4137
529 32 4161
530 33 4124
531 35 4161
532 31 4142
533 36 4211
534 34 4125
535 30 4172
536 44 4197
537 34 4145
538 40 4154
539 34 4205
540 34 4197
541 30 4076
542 28 4084
543 0 1
544 37 4184
545 33 4186
546 37 4120
547 28 4128
548 31 4175
549 32 4155
550 40 4139
551 31 4155
552 35 4144
553 50 4194
554 29 4214
555 29 4183
556 43 4129
557 31 4195
558 50 4160
559 57 4174
560 32 4160
561 37 4160
562 41 4197
563 35 4140
564 42 4148
565 0 1
566 0 1
567 38 4152
568 32 4124
569 36 4178
570 72 4113
571 35 4199
572 42 4153
573 35 4128
574 37 4173
575 29 4142
576 31 4165
577 34 4180
578 31 4080
579 34 4164
580 32 4207
581 34 4161
582 30 4180
583 34 4143
584 33 4137
585 35 4190
586 32 4119
587 35 4147
588 32 4152
589 32 4116
590 34 4166
591 31 4133
592 31 4084
593 34 4143
594 31 4164
595 33 4184
596 26 4127
597 30 4200
598 32 4106
599 53 4177
3200 62 4143
3201 37 4115
3202 39 4216
3203 38 4188
3204 44 4172
3205 33 4139
3206 59 4081
3207 38 4144
3208 39 4163
3209 31 4171
3210 37 4164
3211 33 4143
3212 36 4180
3213 0 1
3214 0 1
3215 34 4209
3216 36 4161
3217 44 4130
3218 0 1
3219 35 4177
3220 0 1
3221 36 4143
3222 34 4188
3223 33 4177
3224 36 4232
3225 34 4152
3226 42 4146
3227 31 4106
3228 48 4150
3229 43 4208
3230 35 4199
3231 0 1
3232 35 4178
3233 0 1
3234 54 4119
3235 37 4189
3236 40 4154
3237 0 1
3238 33 4107
3239 29 4194
3240 32 4159
3241 39 4143
3242 0 1
3243 35 4170
3244 0 1
3245 31 4199
3246 36 4134
3247 40 4168
3248 48 4137
3249 38 4103
3250 36 4200
3251 30 4155
3252 0 1
3253 0 1
3254 43 4122
3255 43 4123
3256 39 4142
3257 34 4148
3258 31 4228
3259 42 4139
3260 0 1
3261 42 4109
3262 39 4170
3263 0 1
3264 33 4154
3265 48 4140
3266 40 4164
3267 35 4127
3268 34 4133
3269 0 1
3270 36 4152
3271 42 4156
3272 31 4192
3273 40 4211
3274 36 4152
3275 31 4128
3276 41 4199
3277 0 1
3278 0 1
3279 39 4182
3280 34 4170
3281 34 4176
3282 37 4190
3283 39 4153
3284 39 4178
3285 0 1
3286 57 4144
3287 33 4163
3288 39 4132
3289 57 4171
3290 34 4125
3291 35 4186
3292 42 4118
3293 0 1
3294 0 1
3295 40 4092
3296 30 4149
3297 52 4172
3298 0 1
3299 0 1
5500 0 1
5501 33 4164
5502 41 4172
5503 46 4193
5504 51 4153
5505 53 4188
5506 6 2
5507 21 2
5508 0 1
5509 0 1
5510 42 4166
5511 41 4167
5512 32 4234
5513 35 4173
5514 0 1
5515 34 4132
5516 54 4129
5517 20 2
5518 0 1
5519 0 1
5520 0 1
5521 0 1
5522 0 1
5523 41 4165
5524 35 4175
5525 46 4144
5526 44 4188
5527 63 4181
5528 0 1
5529 0 1
5530 34 4140
5531 0 1
5532 0 1
5533 0 1
5534 44 4187
5535 0 1
5536 0 1
5537 51 4189
5538 0 1
5539 38 4166
5540 52 4164
5541 0 1
5542 0 1
5543 33 4174
5544 0 1
5545 39 4176
5546 0 1
5547 0 1
5548 47 4099
5549 0 1
5550 0 1
5551 72 4131
5552 43 4168
5553 42 4129
5554 34 4171
5555 36 4090
5556 52 4186
5557 35 4160
5558 0 1
5559 26 2
5560 6 2
5561 62 4147
5562 47 4157
5563 35 4124
5564 48 4143
5565 48 4179
5566 54 4083
5567 0 1
5568 0 1
5569 0 1
5570 44 4145
5571 0 1
5572 34 4172
5573 0 1
5574 0 1
5575 0 1
5576 0 1
5577 56 4131
5578 0 1
5579 0 1
5580 0 1
5581 48 4159
5582 99 4141
5583 37 4146
5584 0 1
5585 0 1
5586 60 4144
5587 44 4146
5588 0 1
5589 0 1
5590 33 4173
5591 39 4188
5592 0 1
5593 60 4191
5594 0 1
5595 60 4192
5596 0 1
5597 0 1
5598 0 1
5599 0 1
900 36 4155
901 31 4143
902 39 4139
903 31 4172
904 35 4161
905 38 4159
906 34 4146
907 43 4184
908 92 4159
909 39 4170
910 31 4175
911 33 4129
912 31 4173
913 33 4115
914 29 4139
915 32 4159
916 32 4207
917 33 4156
918 33 4243
919 29 4157
920 36 4149
921 33 4190
922 34 4165
923 33 4173
924 33 4153
925 38 4157
926 30 4206
927 32 4179
928 31 4154
929 41 4168
930 38 4151
931 42 4185
932 32 4184
933 33 4187
934 34 4166
935 37 4216
936 33 4143
937 35 4175
938 35 4186
939 44 4193
940 68 4137
941 40 4160
942 30 4221
943 33 4124
944 34 4179
945 30 4157
946 30 4174
947 31 4186
948 34 4179
949 34 4162
950 35 4161
951 39 4152
952 30 4171
953 33 4153
954 28 4193
955 33 4146
956 29 4163
957 31 4207
958 44 4221
959 28 4154
960 33 4184
961 34 4124
962 32 4186
963 36 4144
964 32 4156
965 36 4208
966 35 4117
967 36 4143
968 36 4208
969 32 4138
970 32 4150
971 34 4170
972 38 4151
973 33 4199
974 35 4194
975 44 4161
976 53 4148
977 46 4244
978 35 4162
979 94 4194
980 52 4135
981 34 4183
982 34 4167
983 38 4224
984 29 4201
985 31 4134
986 35 4125
987 32 4082
988 34 4202
989 35 4138
990 40 4136
991 32 4168
992 33 4173
993 31 4126
994 31 4163
995 33 4114
996 31 4187
997 31 4172
998 41 4134
999 32 4219
1400 34 4195
1401 31 4218
1402 29 4146
1403 39 4129
1404 32 4217
1405 31 4079
1406 33 4169
1407 30 4112
1408 31 4216
1409 36 4113
1410 31 4192
1411 0 1
1412 29 4157
1413 41 4168
1414 32 4151
1415 33 4149
1416 36 4200
1417 34 4126
1418 44 4088
1419 34 4174
1420 39 4149
1421 33 4112
1422 47 4137
1423 43 4109
1424 38 4172
1425 39 4129
1426 29 4173
1427 31 4166
1428 41 4091
1429 30 4137
1430 39 4180
1431 0 1
1432 33 4201
1433 31 4164
1434 31 4117
1435 31 4177
1436 31 4190
1437 0 1
1438 41 4145
1439 31 4179
1440 33 4154
1441 32 4198
1442 0 1
1443 34 4152
1444 0 1
1445 49 4163
1446 33 4166
1447 38 4122
1448 37 4129
1449 35 4164
1450 28 4143
1451 32 4142
1452 32 4145
1453 33 4141
1454 0 1
1455 64 4182
1456 42 4196
1457 36 4144
1458 0 1
1459 0 1
1460 40 4157
1461 40 4134
1462 30 4163
1463 34 4138
1464 32 4106
1465 32 4151
1466 33 4162
1467 0 1
1468 37 4097
1469 0 1
1470 34 4138
1471 36 4140
1472 39 4203
1473 0 1
1474 0 1
1475 31 4185
1476 29 4178
1477 37 4176
1478 31 4195
1479 35 4139
1480 57 4163
1481 41 4123
1482 34 4121
1483 34 4120
1484 37 4169
1485 36 4163
1486 34 4138
1487 30 4159
1488 49 4210
1489 29 4169
1490 32 4170
1491 31 4171
1492 31 4204
1493 32 4179
1494 30 4155
1495 34 4173
1496 32 4152
1497 33 4189
1498 32 4116
1499 33 4168
700 30 4150
701 35 4211
702 35 4140
703 34 4123
704 33 4097
705 30 4169
706 34 4144
707 30 4110
708 31 4204
709 31 4168
710 31 4150
711 36 4174
712 34 4089
713 36 4164
714 33 4169
715 31 4153
716 32 4145
717 30 4134
718 33 4174
719 32 4187
720 31 4169
721 33 4159
722 35 4140
723 32 4146
724 29 4155
725 33 4123
726 31 4118
727 29 4109
728 32 4128
729 31 4176
730 0 1
731 0 1
732 0 1
733 33 4232
734 33 4124
735 31 4166
736 29 4180
737 32 4153
738 30 4151
739 31 4130
740 33 4180
741 64 4191
742 31 4183
743 56 4167
744 56 4158
745 30 4152
746 31 4183
747 35 4143
748 33 4228
749 37 4079
750 33 4178
751 34 4180
752 33 4240
753 0 1
754 0 1
755 6 2
756 30 4208
757 31 4157
758 33 4176
759 31 4171
760 49 4143
761 32 4127
762 29 4130
763 33 4182
764 0 1
765 36 4177
766 31 4196
767 32 4125
768 41 4123
769 33 4132
770 40 4122
771 33 4087
772 34 4158
773 35 4165
774 33 4148
775 33 4194
776 34 4171
777 33 4206
778 31 4159
779 33 4136
780 35 4196
781 35 4188
782 38 4174
783 31 4184
784 31 4170
785 34 4144
786 34 4140
787 35 4144
788 33 4136
789 32 4158
790 30 4184
791 32 4157
792 33 4151
793 29 4149
794 28 4111
795 37 4135
796 31 4200
797 62 4143
798 36 4156
799 34 4160
3500 31 4125
3501 0 1
3502 40 4208
3503 0 1
3504 32 4182
3505 0 1
3506 32 4214
3507 43 4160
3508 28 4171
3509 27 4122
3510 43 4156
3511 23 2
3512 0 1
3513 32 4215
3514 0 1
3515 0 1
3516 33 4163
3517 28 4165
3518 38 4139
3519 35 4162
3520 34 4145
3521 0 1
3522 0 1
3523 48 4191
3524 33 4183
3525 40 4165
3526 49 4162
3527 0 1
3528 0 1
3529 65 4159
3530 47 4132
3531 51 4149
3532 0 1
3533 38 4094
3534 0 1
3535 0 1
3536 27 4143
3537 35 4169
3538 0 1
3539 0 1
3540 32 4138
3541 36 4122
3542 36 4164
3543 33 4127
3544 34 4171
3545 42 4165
3546 35 4175
3547 43 4169
3548 43 4191
3549 0 1
3550 0 1
3551 0 1
3552 0 1
3553 0 1
3554 44 4202
3555 41 4125
3556 88 4109
3557 0 1
3558 36 4171
3559 35 4181
3560 31 4158
3561 98 4208
3562 0 1
3563 34 4113
3564 33 4103
3565 30 4177
3566 0 1
3567 0 1
3568 40 4168
3569 0 1
3570 0 1
3571 37 4152
3572 36 4128
3573 29 4117
3574 0 1
3575 39 4171
3576 0 1
3577 43 4170
3578 89 4166
3579 0 1
3580 34 4142
3581 0 1
3582 35 4163
3583 0 1
3584 33 4162
3585 35 4161
3586 41 4171
3587 0 1
3588 0 1
3589 33 4245
3590 34 4142
3591 31 4151
3592 44 4208
3593 0 1
3594 0 1
3595 42 4135
3596 39 4186
3597 35 4145
3598 29 4219
3599 50 4119
5200 52 4169
5201 36 4203
5202 0 1
5203 0 1
5204 35 4166
5205 40 4164
5206 31 4126
5207 0 1
5208 0 1
5209 97 4202
5210 0 1
5211 0 1
5212 0 1
5213 0 1
5214 0 1
5215 61 4173
5216 0 1
5217 47 4094
5218 0 1
5219 0 1
5220 46 4119
5221 35 4133
5222 55 4134
5223 0 1
5224 0 1
5225 0 1
5226 1 2
5227 46 4180
5228 10 2
5229 90 2
5230 66 4115
5231 0 1
5232 30 4146
5233 0 1
5234 85 4155
5235 35 4167
5236 50 4179
5237 0 1
5238 40 4146
5239 44 4154
5240 57 4170
5241 38 4154
5242 0 1
5243 37 4170
5244 0 1
5245 54 4181
5246 0 1
5247 33 4171
5248 61 4199
5249 40 4195
5250 0 1
5251 43 4201
5252 47 4127
5253 0 1
5254 0 1
5255 33 4144
5256 53 4138
5257 45 4141
5258 41 4150
5259 0 1
5260 48 4126
5261 0 1
5262 0 1
5263 0 1
5264 57 4137
5265 0 1
5266 41 4151
5267 31 4154
5268 0 1
5269 33 4161
5270 35 4175
5271 0 1
5272 45 4179
5273 43 4191
5274 31 4140
5275 0 1
5276 0 1
5277 33 4096
5278 0 1
5279 0 1
5280 0 1
5281 0 1
5282 53 4146
5283 0 1
5284 62 4184
5285 46 4163
5286 12 3
5287 40 4164
5288 42 4202
5289 48 4206
5290 0 1
5291 55 4160
5292 0 1
5293 39 4154
5294 36 4121
5295 36 4163
5296 0 1
5297 0 1
5298 0 1
5299 32 4077
6300 0 1
6301 0 1
6302 0 1
6303 36 4131
6304 0 1
6305 0 1
6306 95 4184
6307 0 1
6308 0 1
6309 47 4199
6310 0 1
6311 105 4185
6312 0 1
6313 22 2
6314 11 2
6315 0 1
6316 0 1
6317 0 1
6318 0 1
6319 0 1
6320 34 4130
6321 47 4149
6322 34 4128
6323 0 1
6324 0 1
6325 0 1
6326 29 4202
6327 54 4148
6328 12 2
6329 5 2
6330 53 4146
6331 33 4122
6332 74 4104
6333 57 4186
6334 0 1
6335 0 1
6336 0 1
6337 60 4183
6338 33 4154
6339 0 1
6340 0 1
6341 57 4136
6342 0 1
6343 59 4141
6344 98 4143
6345 0 1
6346 50 4165
6347 0 1
6348 0 1
6349 0 1
6350 0 1
6351 0 1
6352 0 1
6353 0 1
6354 2 2
6355 10 2
6356 0 1
6357 0 1
6358 39 4151
6359 35 4121
6360 0 1
6361 0 1
6362 33 4102
6363 44 4140
6364 0 1
6365 52 4180
6366 80 4192
6367 0 1
6368 0 1
6369 0 1
6370 34 4171
6371 0 1
6372 0 1
6373 37 4164
6374 0 1
6375 33 2
6376 0 1
6377 37 4164
6378 0 1
6379 0 1
6380 42 4177
6381 0 1
6382 52 4193
6383 0 1
6384 59 4160
6385 0 1
6386 53 4143
6387 0 1
6388 0 1
6389 0 1
6390 0 1
6391 0 1
6392 47 4172
6393 0 1
6394 0 1
6395 0 1
6396 0 1
6397 0 1
6398 0 1
6399 0 1
2200 36 4177
2201 31 4108
2202 0 1
2203 0 1
2204 34 4210
2205 34 4176
2206 30 4140
2207 32 4154
2208 32 4134
2209 33 4159
2210 35 4131
2211 29 4181
2212 34 4108
2213 30 4141
2214 31 4181
2215 38 4142
2216 33 4143
2217 35 4160
2218 32 4133
2219 42 4121
2220 33 4160
2221 31 4173
2222 42 4113
2223 30 4147
2224 39 4099
2225 28 4116
2226 30 4137
2227 32 4169
2228 33 4110
2229 35 4132
2230 36 4139
2231 32 4192
2232 33 4206
2233 34 4177
2234 33 4160
2235 33 4211
2236 36 4137
2237 34 4197
2238 34 4182
2239 0 1
2240 0 1
2241 41 4184
2242 35 4163
2243 54 4118
2244 32 4135
2245 32 4187
2246 38 4212
2247 30 4134
2248 34 4137
2249 41 4190
2250 33 4147
2251 34 4197
2252 33 4142
2253 35 4191
2254 29 4134
2255 41 4139
2256 30 4134
2257 37 4187
2258 32 4111
2259 37 4141
2260 35 4115
2261 39 4164
2262 32 4172
2263 0 1
2264 36 4159
2265 32 4149
2266 36 4168
2267 35 4202
2268 33 4174
2269 39 4175
2270 32 4160
2271 31 4174
2272 35 4154
2273 30 4125
2274 40 4179
2275 38 4132
2276 31 4134
2277 34 4228
2278 0 1
2279 0 1
2280 44 4123
2281 35 4103
2282 0 1
2283 33 4170
2284 45 4176
2285 39 4153
2286 34 4100
2287 56 4239
2288 34 4197
2289 33 4189
2290 34 4241
2291 32 4172
2292 34 4169
2293 0 1
2294 37 4166
2295 35 4179
2296 30 4114
2297 34 4205
2298 37 4157
2299 54 4117
4500 0 1
4501 79 4095
4502 32 4146
4503 51 4225
4504 63 4110
4505 48 4203
4506 38 4180
4507 34 4163
4508 35 4188
4509 38 4108
4510 36 4194
4511 35 4183
4512 40 4173
4513 38 4178
4514 87 4168
4515 37 4172
4516 32 4137
4517 43 4217
4518 31 4218
4519 49 4185
4520 0 1
4521 32 4176
4522 32 4184
4523 0 1
4524 0 1
4525 34 4140
4526 34 4158
4527 32 4174
4528 62 4177
4529 0 1
4530 0 1
4531 0 1
4532 40 4185
4533 38 4144
4534 0 1
4535 0 1
4536 0 1
4537 0 1
4538 33 4149
4539 40 4153
4540 0 1
4541 42 4204
4542 41 4185
4543 35 4158
4544 65 4054
4545 39 4181
4546 36 4160
4547 43 4119
4548 0 1
4549 0 1
4550 0 1
4551 0 1
4552 67 4137
4553 0 1
4554 0 1
4555 0 1
4556 4 2
4557 30 4163
4558 34 4158
4559 0 1
4560 39 4202
4561 0 1
4562 0 1
4563 49 4110
4564 45 4173
4565 121 4176
4566 0 1
4567 0 1
4568 0 1
4569 0 1
4570 1 2
4571 18 2
4572 36 4142
4573 0 1
4574 64 4172
4575 45 4138
4576 0 1
4577 32 4192
4578 33 4155
4579 38 4184
4580 33 4198
4581 33 4158
4582 33 4148
4583 0 1
4584 4 2
4585 2 2
4586 35 4132
4587 32 4169
4588 0 1
4589 0 1
4590 34 4122
4591 92 4154
4592 38 4145
4593 0 1
4594 54 4144
4595 37 4166
4596 37 4154
4597 35 4132
4598 31 4120
4599 43 4196
1300 31 4168
1301 35 4129
1302 35 4150
1303 32 4145
1304 35 4185
1305 32 4152
1306 32 4180
1307 31 4159
1308 37 4151
1309 34 4176
1310 33 4151
1311 35 4129
1312 32 4115
1313 0 1
1314 32 4123
1315 29 4197
1316 36 4154
1317 34 4137
1318 31 4218
1319 15 2
1320 6 2
1321 31 4144
1322 41 4143
1323 35 4156
1324 39 4164
1325 35 4191
1326 0 1
1327 0 1
1328 0 1
1329 35 4208
1330 46 4165
1331 61 4182
1332 35 4154
1333 32 4138
1334 69 4183
1335 33 4187
1336 33 4141
1337 38 4168
1338 32 4125
1339 32 4135
1340 36 4121
1341 42 4147
1342 32 4112
1343 43 4124
1344 35 4161
1345 61 4177
1346 88 4181
1347 0 1
1348 35 4106
1349 35 4184
1350 29 4099
1351 29 4158
1352 33 4150
1353 34 4157
1354 72 4135
1355 32 4138
1356 38 4135
1357 0 1
1358 40 4130
1359 34 4178
1360 34 4135
1361 31 4101
1362 37 4196
1363 38 4192
1364 29 4149
1365 34 4192
1366 0 1
1367 37 4132
1368 36 4206
1369 31 4150
1370 30 4173
1371 30 4145
1372 32 4158
1373 34 4121
1374 32 4137
1375 45 4181
1376 33 4155
1377 35 4184
1378 32 4146
1379 38 4134
1380 34 4165
1381 33 4132
1382 32 4184
1383 34 4161
1384 34 4186
1385 35 4121
1386 31 4142
1387 34 4182
1388 33 4103
1389 33 4175
1390 32 4182
1391 33 4178
1392 30 4132
1393 32 4168
1394 35 4133
1395 42 4182
1396 33 4151
1397 33 4177
1398 37 4134
1399 33 4188
4900 41 4166
4901 37 4201
4902 32 4166
4903 34 4212
4904 32 4116
4905 32 4164
4906 69 4148
4907 74 4164
4908 30 4162
4909 34 4120
4910 37 4200
4911 32 4154
4912 87 4200
4913 34 4163
4914 34 4204
4915 0 1
4916 50 4192
4917 36 4131
4918 37 4144
4919 27 4159
4920 47 4184
4921 55 4176
4922 53 4224
4923 0 1
4924 51 4181
4925 31 4189
4926 34 4168
4927 47 4129
4928 0 1
4929 43 4169
4930 3 2
4931 5 2
4932 0 1
4933 41 4171
4934 54 4129
4935 39 4147
4936 73 4091
4937 38 4226
4938 31 4170
4939 0 1
4940 47 4202
4941 34 4126
4942 0 1
4943 130 4179
4944 0 1
4945 41 4160
4946 121 4158
4947 0 1
4948 75 4164
4949 50 4092
4950 33 4102
4951 0 1
4952 43 4141
4953 36 4170
4954 36 4127
4955 0 1
4956 36 4220
4957 38 4153
4958 33 4193
4959 0 1
4960 0 1
4961 56 4137
4962 33 4138
4963 48 4159
4964 29 4141
4965 38 4192
4966 56 4186
4967 35 4174
4968 42 4195
4969 0 1
4970 34 4136
4971 0 1
4972 0 1
4973 45 4139
4974 39 4171
4975 68 4156
4976 37 4233
4977 0 1
4978 88 4176
4979 34 4200
4980 75 4172
4981 107 4175
4982 33 4154
4983 38 4125
4984 75 4144
4985 37 4135
4986 64 4139
4987 32 4171
4988 0 1
4989 0 1
4990 0 1
4991 0 1
4992 0 1
4993 32 4092
4994 48 4152
4995 0 1
4996 35 4111
4997 0 1
4998 41 4162
4999 6 2
2500 36 4161
2501 62 4131
2502 36 4210
2503 87 4141
2504 36 4129
2505 29 4151
2506 35 4160
2507 28 4113
2508 37 4186
2509 34 4174
2510 32 4156
2511 29 4166
2512 0 1
2513 57 4149
2514 30 4129
2515 44 4118
2516 33 4168
2517 29 4168
2518 31 4147
2519 43 4175
2520 35 4119
2521 32 4166
2522 32 4157
2523 33 4185
2524 35 4178
2525 0 1
2526 39 4173
2527 30 4128
2528 37 4165
2529 31 4154
2530 42 4165
2531 0 1
2532 0 1
2533 30 4147
2534 33 4139
2535 34 4111
2536 31 4159
2537 29 4172
2538 34 4143
2539 0 1
2540 34 4241
2541 33 4200
2542 45 4204
2543 75 4195
2544 0 1
2545 0 1
2546 39 4190
2547 35 4220
2548 31 4182
2549 36 4154
2550 28 4181
2551 0 1
2552 42 4191
2553 37 4184
2554 40 4146
2555 34 4191
2556 37 4168
2557 41 4204
2558 35 4122
2559 59 4161
2560 35 4174
2561 32 4160
2562 33 4103
2563 40 4083
2564 33 4166
2565 34 4134
2566 0 1
2567 33 4186
2568 36 4206
2569 33 4219
2570 36 4155
2571 31 4201
2572 35 4143
2573 31 4172
2574 32 4135
2575 32 4194
2576 35 4156
2577 36 4117
2578 35 4191
2579 38 4145
2580 34 4138
2581 0 1
2582 39 4165
2583 42 4170
2584 36 4108
2585 60 4205
2586 0 1
2587 39 4121
2588 12 2
2589 38 4179
2590 0 1
2591 47 4144
2592 30 4194
2593 40 4201
2594 36 4185
2595 6 2
2596 11 2
2597 0 1
2598 36 4180
2599 29 4135
4200 35 4140
4201 37 4142
4202 0 1
4203 37 4202
4204 0 1
4205 36 4124
4206 29 4197
4207 34 4163
4208 31 4173
4209 51 4164
4210 42 4119
4211 0 1
4212 53 4160
4213 34 4208
4214 35 4147
4215 42 4097
4216 34 4124
4217 37 4156
4218 31 4231
4219 29 4111
4220 33 4157
4221 43 4149
4222 43 4161
4223 39 4109
4224 38 4169
4225 37 4143
4226 40 4149
4227 0 1
4228 0 1
4229 35 4163
4230 41 4146
4231 53 4211
4232 0 1
4233 52 4162
4234 35 4161
4235 34 4190
4236 56 4180
4237 40 4170
4238 33 4172
4239 0 1
4240 0 1
4241 0 1
4242 40 4134
4243 38 4172
4244 41 4190
4245 0 1
4246 39 4187
4247 37 4136
4248 40 4183
4249 32 4153
4250 41 4185
4251 0 1
4252 34 4174
4253 34 4134
4254 35 4166
4255 0 1
4256 29 4239
4257 35 4156
4258 49 4132
4259 32 4161
4260 44 4202
4261 33 4161
4262 44 4134
4263 65 4164
4264 45 4156
4265 33 4120
4266 0 1
4267 39 4137
4268 0 1
4269 35 4179
4270 35 4175
4271 34 4145
4272 36 4172
4273 0 1
4274 0 1
4275 35 4160
4276 48 4129
4277 31 4158
4278 0 1
4279 90 4098
4280 32 4180
4281 41 4146
4282 41 4150
4283 0 1
4284 36 4200
4285 50 4155
4286 0 1
4287 30 4243
4288 48 4141
4289 36 4103
4290 60 4186
4291 0 1
4292 41 4213
4293 38 4187
4294 37 4163
4295 43 4192
4296 57 4137
4297 0 1
4298 0 1
4299 0 1
5900 0 1
5901 0 1
5902 0 1
5903 52 4152
5904 34 4166
5905 0 1
5906 0 1
5907 0 1
5908 42 4168
5909 74 4157
5910 55 4196
5911 0 1
5912 0 1
5913 0 1
5914 0 1
5915 0 1
5916 0 1
5917 44 4146
5918 34 4212
5919 80 4159
5920 57 4154
5921 0 1
5922 33 4124
5923 74 4153
5924 43 4169
5925 0 1
5926 62 4164
5927 34 4109
5928 53 4191
5929 37 4124
5930 0 1
5931 0 1
5932 29 4151
5933 0 1
5934 0 1
5935 0 1
5936 70 4126
5937 0 1
5938 58 4198
5939 0 1
5940 0 1
5941 0 1
5942 48 4147
5943 32 4148
5944 35 4175
5945 58 4171
5946 78 4158
5947 0 1
5948 0 1
5949 0 1
5950 35 4157
5951 85 4135
5952 0 1
5953 36 4282
5954 66 4153
5955 57 4171
5956 52 4169
5957 26 2
5958 68 2
5959 35 4196
5960 0 1
5961 34 4203
5962 0 1
5963 0 1
5964 72 4143
5965 31 4153
5966 42 4174
5967 32 4210
5968 40 4203
5969 0 1
5970 47 4163
5971 53 4167
5972 50 4193
5973 84 4167
5974 62 4163
5975 0 1
5976 0 1
5977 0 1
5978 50 4176
5979 32 4147
5980 38 4150
5981 0 1
5982 0 1
5983 0 1
5984 34 4167
5985 0 1
5986 0 1
5987 0 1
5988 0 1
5989 0 1
5990 0 1
5991 0 1
5992 0 1
5993 0 1
5994 37 4174
5995 43 4206
5996 0 1
5997 0 1
5998 0 1
5999 33 4117
6400 0 1
6401 45 4179
6402 0 1
6403 0 1
6404 38 4151
6405 0 1
6406 0 1
6407 0 1
6408 27 2
6409 2 2
6410 0 1
6411 50 4178
6412 64 4101
6413 0 1
6414 0 1
6415 0 1
6416 0 1
6417 0 1
6418 0 1
6419 0 1
6420 0 1
6421 0 1
6422 0 1
6423 0 1
6424 33 4138
6425 0 1
6426 0 1
6427 39 4123
6428 0 1
6429 0 1
6430 38 4226
6431 45 4198
6432 35 4107
6433 36 4133
6434 65 4188
6435 36 4173
6436 0 1
6437 40 4127
6438 0 1
6439 0 1
6440 29 4107
6441 39 4154
6442 31 4165
6443 0 1
6444 0 1
6445 42 4145
6446 0 1
6447 37 4161
6448 40 4144
6449 0 1
6450 0 1
6451 48 4167
6452 83 4182
6453 0 1
6454 0 1
6455 0 1
6456 36 4188
6457 0 1
6458 55 4117
6459 0 1
6460 0 1
6461 0 1
6462 38 4175
6463 37 4165
6464 0 1
6465 0 1
6466 38 4120
6467 39 4163
6468 33 4149
6469 0 1
6470 29 2
6471 38 4160
6472 0 1
6473 0 1
6474 0 1
6475 0 1
6476 0 1
6477 0 1
6478 0 1
6479 0 1
6480 42 4184
6481 0 1
6482 0 1
6483 0 1
6484 0 1
6485 40 4197
6486 51 4136
6487 0 1
6488 0 1
6489 0 1
6490 49 4129
6491 34 4114
6492 0 1
6493 0 1
6494 0 1
6495 0 1
6496 0 1
6497 0 1
6498 0 1
6499 39 4199
2900 0 1
2901 33 4160
2902 34 4123
2903 28 4137
2904 27 4136
2905 39 4190
2906 39 4145
2907 69 4152
2908 0 1
2909 35 4126
2910 33 4200
2911 34 4197
2912 31 4219
2913 53 4077
2914 92 4134
2915 0 1
2916 36 4189
2917 40 4134
2918 39 4174
2919 0 1
2920 37 4145
2921 34 4229
2922 35 4064
2923 42 4158
2924 39 4150
2925 31 4139
2926 52 4171
2927 34 4185
2928 32 4106
2929 36 4122
2930 40 4121
2931 47 4177
2932 35 4151
2933 30 4189
2934 35 4191
2935 0 1
2936 0 1
2937 31 4133
2938 36 4204
2939 37 4153
2940 33 4151
2941 33 4175
2942 58 4172
2943 29 4167
2944 32 4213
2945 40 4130
2946 43 4094
2947 32 4123
2948 36 4137
2949 32 4202
2950 41 4199
2951 34 4113
2952 33 4148
2953 0 1
2954 63 4140
2955 34 4198
2956 0 1
2957 0 1
2958 0 1
2959 0 1
2960 35 4136
2961 31 4132
2962 37 4235
2963 35 4147
2964 35 4171
2965 58 4194
2966 32 4182
2967 0 1
2968 33 4192
2969 31 4208
2970 28 4184
2971 31 4145
2972 0 1
2973 33 4171
2974 36 4112
2975 49 4185
2976 31 4166
2977 33 4161
2978 46 4122
2979 0 1
2980 39 4173
2981 0 1
2982 35 4175
2983 35 4094
2984 35 4134
2985 37 4132
2986 54 4170
2987 47 4181
2988 38 4127
2989 37 4173
2990 41 4133
2991 40 4181
2992 34 4151
2993 36 4267
2994 38 4126
2995 31 4197
2996 33 4129
2997 40 4090
2998 48 4184
2999 40 4164
