0 31 4199
1 32 4214
2 39 4132
3 31 4189
4 29 4160
5 34 4191
6 34 4176
7 31 4105
8 34 4202
9 40 4169
10 33 4166
11 32 4197
12 32 4132
13 31 4169
14 29 4191
15 31 4169
16 36 4189
17 29 4157
18 30 4191
19 30 4193
20 32 4166
21 31 4182
22 30 4140
23 0 1
24 40 4154
25 32 4133
26 31 4167
27 32 4129
28 33 4159
29 29 4159
30 33 4155
31 32 4169
32 27 4168
33 31 4138
34 32 4181
35 0 1
36 33 4130
37 38 4127
38 34 4111
39 34 4195
40 35 4213
41 37 4152
42 34 4160
43 30 4162
44 29 4133
45 34 4180
46 0 1
47 34 4201
48 30 4100
49 27 4146
50 0 1
51 33 4168
52 37 4099
53 46 4157
54 33 4207
55 36 4202
56 32 4151
57 37 4126
58 31 4172
59 34 4207
60 34 4192
61 29 4203
62 33 4074
63 39 4171
64 33 4155
65 32 4206
66 32 4239
67 30 4179
68 35 4129
69 30 4138
70 34 4149
71 34 4181
72 34 4104
73 35 4174
74 31 4175
75 50 4182
76 0 1
77 32 4150
78 31 4185
79 32 4200
80 30 4141
81 32 4152
82 30 4150
83 33 4091
84 32 4195
85 32 4198
86 31 4137
87 30 4134
88 29 4185
89 30 4140
90 34 4155
91 31 4117
92 32 4204
93 30 4187
94 34 4100
95 31 4150
96 29 4154
97 31 4092
98 35 4154
99 32 4159
100 30 4229
101 34 4202
102 34 4164
103 32 4123
104 37 4212
105 31 4147
106 34 4200
107 33 4158
108 37 4230
109 34 4168
110 27 4108
111 27 4118
112 32 4219
113 40 4159
114 35 4111
115 29 4181
116 48 4173
117 34 4167
118 33 4136
119 41 4179
120 31 4111
121 37 4168
122 19 2
123 30 4075
124 30 4117
125 27 4170
126 51 4136
127 34 4186
128 36 4173
129 52 4174
130 65 4106
131 36 4212
132 50 4159
133 36 4192
134 38 4220
135 36 4169
136 29 4170
137 33 4149
138 43 4150
139 41 4178
140 32 4196
141 30 4177
142 31 4161
143 34 4136
144 34 4147
145 36 4137
146 32 4167
147 33 4195
148 0 1
149 88 4154
150 33 4129
151 0 1
152 36 4136
153 31 4145
154 57 4139
155 47 4179
156 33 4163
157 41 4138
158 34 4163
159 39 4142
160 44 4178
161 29 4130
162 31 4170
163 30 4145
164 33 4180
165 33 4130
166 37 4155
167 0 1
168 39 4152
169 37 4167
170 31 4167
171 30 4189
172 32 4132
173 33 4198
174 31 4159
175 40 4126
176 31 4192
177 34 4172
178 0 1
179 0 1
180 34 4191
181 31 4135
182 31 4176
183 65 4189
184 38 4160
185 33 4120
186 30 4123
187 32 4203
188 36 4102
189 34 4180
190 32 4170
191 36 4158
192 32 4149
193 32 4138
194 35 4171
195 37 4162
196 33 4192
197 35 4190
198 33 4162
199 33 4160
200 50 4173
201 30 4120
202 30 4158
203 38 4167
204 33 4173
205 38 4130
206 35 4131
207 32 4122
208 32 4150
209 33 4142
210 30 4177
211 33 4170
212 35 4133
213 30 4168
214 33 4179
215 39 4174
216 30 4146
217 41 4144
218 30 4150
219 37 4157
220 35 4186
221 35 4185
222 40 4148
223 29 4201
224 36 4137
225 41 4188
226 30 4105
227 45 4174
228 28 4157
229 34 4151
230 35 4211
231 28 4150
232 33 4124
233 29 4182
234 32 4187
235 31 4198
236 40 4140
237 33 4159
238 28 4119
239 32 4208
240 33 4194
241 27 4145
242 35 4187
243 40 4109
244 32 4139
245 32 4167
246 35 4138
247 35 4147
248 49 4132
249 32 4170
250 29 4155
251 30 4146
252 38 4189
253 31 4131
254 30 4124
255 31 4104
256 32 4080
257 31 4102
258 29 4113
259 41 4113
260 32 4181
261 33 4141
262 31 4179
263 63 4176
264 32 4195
265 0 1
266 30 4144
267 34 4120
268 36 4145
269 42 4189
270 31 4154
271 40 4154
272 31 4183
273 30 4184
274 27 4171
275 34 4167
276 31 4167
277 54 4143
278 35 4167
279 33 4127
280 33 4150
281 31 4176
282 34 4202
283 34 4197
284 30 4145
285 30 4142
286 29 4175
287 36 4210
288 36 4228
289 31 4165
290 33 4155
291 30 4189
292 33 4197
293 34 4153
294 32 4160
295 30 4162
296 37 4131
297 37 4152
298 0 1
299 0 1
300 34 4197
301 34 4198
302 30 4119
303 29 4166
304 32 4114
305 33 4157
306 31 4177
307 39 4143
308 35 4144
309 33 4130
310 28 4194
311 33 4200
312 136 4129
313 37 4188
314 35 4084
315 32 4162
316 29 4156
317 32 4205
318 27 4140
319 31 4186
320 33 4138
321 30 4132
322 34 4174
323 28 4171
324 34 4156
325 32 4161
326 30 4179
327 29 4130
328 30 4175
329 31 4163
330 31 4134
331 32 4144
332 30 4189
333 34 4169
334 29 4113
335 32 4206
336 40 4127
337 70 4189
338 36 4194
339 0 1
340 77 4158
341 31 4176
342 41 4123
343 30 4113
344 29 4127
345 31 4106
346 0 1
347 36 4130
348 30 4171
349 33 4164
350 34 4204
351 29 4105
352 31 4169
353 0 1
354 38 4188
355 32 4178
356 34 4147
357 38 4165
358 33 4146
359 66 4156
360 32 4178
361 28 4145
362 29 4151
363 35 4155
364 0 1
365 0 1
366 0 1
367 0 1
368 46 4211
369 30 4147
370 0 1
371 32 4180
372 29 4169
373 32 4172
374 34 4118
375 32 4209
376 34 4139
377 28 4195
378 32 4157
379 6 2
380 14 2
381 0 1
382 55 4183
383 46 4169
384 33 4169
385 53 4177
386 35 4130
387 28 4127
388 35 4164
389 32 4209
390 30 4144
391 31 4157
392 33 4148
393 36 4148
394 0 1
395 0 1
396 32 4154
397 36 4144
398 29 4234
399 30 4161
400 35 4155
401 41 4226
402 29 4139
403 44 4149
404 30 4165
405 33 4144
406 35 4174
407 35 4194
408 35 4128
409 36 4219
410 38 4178
411 35 4185
412 30 4113
413 32 4192
414 49 4132
415 33 4107
416 31 4114
417 32 4148
418 36 4158
419 49 4136
420 34 4193
421 31 4138
422 31 4188
423 30 4160
424 34 4167
425 33 4137
426 31 4142
427 35 4160
428 27 4152
429 30 4111
430 30 4168
431 31 4152
432 34 4161
433 32 4179
434 33 4233
435 34 4173
436 34 4097
437 28 4179
438 36 4163
439 31 4121
440 31 4123
441 33 4149
442 32 4186
443 37 4144
444 32 4168
445 33 4133
446 0 1
447 40 4202
448 32 4121
449 32 4138
450 39 4131
451 33 4171
452 32 4170
453 32 4146
454 0 1
455 48 4164
456 28 4138
457 0 1
458 0 1
459 34 4099
460 32 4158
461 46 4164
462 35 4166
463 55 4160
464 53 4221
465 34 4120
466 31 4126
467 31 4185
468 32 4188
469 33 4183
470 37 4128
471 36 4180
472 44 4146
473 32 4196
474 31 4175
475 53 4120
476 46 4116
477 46 4116
478 36 4160
479 36 4142
480 33 4178
481 54 4150
482 43 4206
483 63 4207
484 0 1
485 38 4124
486 54 4185
487 31 4163
488 54 4165
489 33 4147
490 31 4175
491 29 4196
492 41 4148
493 32 4174
494 30 4116
495 39 4184
496 36 4174
497 32 4150
498 33 4142
499 32 4152
500 35 4146
501 76 4182
502 36 4188
503 38 4158
504 46 4165
505 32 4158
506 43 4174
507 38 4171
508 84 4184
509 37 4169
510 27 4150
511 33 4125
512 34 4195
513 31 4171
514 28 4142
515 34 4202
516 32 4168
517 31 4133
518 32 4202
519 75 4187
520 36 4201
521 33 4138
522 31 4153
523 31 4144
524 31 4168
525 31 4223
526 34 4173
527 28 4177
528 33 4148
529 33 4171
530 34 4188
531 32 4169
532 36 4156
533 42 4164
534 44 4130
535 31 4125
536 39 4172
537 33 4204
538 39 4158
539 37 4197
540 35 4158
541 32 4154
542 31 4172
543 37 4110
544 27 4175
545 34 4151
546 37 4127
547 36 4163
548 33 4220
549 32 4102
550 36 4134
551 39 4191
552 28 4163
553 0 1
554 31 4175
555 36 4194
556 54 4173
557 33 4139
558 47 4119
559 44 4093
560 32 4152
561 34 4149
562 36 4138
563 35 4151
564 31 4187
565 0 1
566 0 1
567 62 4194
568 34 4181
569 34 4124
570 61 4204
571 29 4140
572 40 4113
573 34 4147
574 32 4138
575 32 4174
576 28 4204
577 29 4159
578 31 4200
579 34 4162
580 29 4157
581 33 4145
582 31 4121
583 30 4144
584 29 4172
585 30 4177
586 28 4142
587 31 4195
588 30 4191
589 27 4163
590 35 4237
591 30 4182
592 30 4130
593 36 4095
594 33 4153
595 31 4131
596 35 4171
597 30 4183
598 37 4137
599 33 4161
600 32 4196
601 33 4131
602 33 4112
603 28 4120
604 34 4158
605 33 4174
606 43 4188
607 31 4198
608 32 4161
609 31 4163
610 44 4154
611 31 4123
612 33 4182
613 32 4134
614 35 4200
615 34 4178
616 33 4172
617 31 4129
618 32 4143
619 36 4172
620 31 4156
621 42 4117
622 32 4102
623 34 4162
624 31 4126
625 40 4160
626 29 4157
627 33 4117
628 35 4172
629 35 4182
630 30 4164
631 29 4081
632 30 4136
633 32 4157
634 33 4124
635 33 4194
636 35 4195
637 38 4213
638 35 4166
639 33 4174
640 31 4145
641 30 4200
642 34 4132
643 32 4189
644 31 4172
645 29 4163
646 30 4152
647 33 4146
648 33 4150
649 34 4174
650 31 4153
651 34 4163
652 34 4169
653 36 4158
654 33 4181
655 30 4143
656 33 4154
657 30 4143
658 37 4140
659 46 4151
660 39 4192
661 6 2
662 48 2
663 0 1
664 0 1
665 33 4085
666 31 4129
667 39 4088
668 34 4185
669 32 4137
670 32 4185
671 34 4137
672 34 4129
673 37 4179
674 31 4132
675 34 4210
676 33 4145
677 33 4163
678 30 4155
679 32 4140
680 34 4180
681 30 4193
682 31 4157
683 0 1
684 35 4200
685 52 4138
686 0 1
687 0 1
688 0 1
689 54 2
690 14 2
691 0 1
692 0 1
693 36 4204
694 31 4206
695 32 4116
696 33 4218
697 42 4135
698 31 4171
699 40 4220
700 32 4195
701 33 4195
702 32 4191
703 34 4197
704 34 4186
705 31 4181
706 39 4203
707 32 4143
708 32 4207
709 29 4160
710 29 4159
711 32 4180
712 33 4145
713 35 4149
714 29 4151
715 35 4131
716 33 4158
717 32 4147
718 33 4164
719 32 4153
720 29 4141
721 32 4112
722 35 4170
723 34 4140
724 30 4132
725 0 1
726 30 4195
727 32 4136
728 36 4173
729 36 4149
730 0 1
731 0 1
732 0 1
733 32 4089
734 27 4189
735 30 4175
736 27 4181
737 33 4171
738 29 4140
739 31 4123
740 31 4172
741 120 4182
742 30 4135
743 33 4168
744 90 4216
745 32 4171
746 31 4162
747 31 4107
748 34 4207
749 35 4161
750 37 4124
751 77 4135
752 32 4108
753 0 1
754 0 1
755 27 2
756 29 4154
757 32 4175
758 39 4167
759 36 4211
760 69 4182
761 32 4129
762 35 4149
763 36 4187
764 0 1
765 40 4131
766 34 4162
767 31 4130
768 32 4194
769 30 4155
770 40 4181
771 31 4190
772 33 4140
773 33 4134
774 32 4160
775 32 4205
776 34 4145
777 34 4169
778 31 4222
779 31 4169
780 32 4140
781 38 4154
782 37 4160
783 32 4191
784 28 4132
785 34 4221
786 34 4143
787 30 4153
788 31 4191
789 35 4197
790 29 4129
791 31 4150
792 33 4150
793 33 4166
794 29 4117
795 33 4100
796 30 4155
797 34 4134
798 33 4197
799 38 4151
800 30 4171
801 34 4142
802 36 4133
803 31 4131
804 30 4158
805 31 4106
806 28 4152
807 31 4145
808 31 4207
809 34 4178
810 32 4154
811 32 4148
812 34 4158
813 33 4159
814 33 4190
815 0 1
816 0 1
817 0 1
818 35 4072
819 38 4150
820 40 4147
821 32 4219
822 0 1
823 29 4178
824 34 4141
825 34 4131
826 35 4035
827 0 1
828 33 4159
829 29 4163
830 36 4185
831 0 1
832 34 4160
833 34 4171
834 32 4103
835 37 4134
836 33 4181
837 45 4122
838 0 1
839 31 4132
840 32 4120
841 34 4174
842 36 4146
843 33 4127
844 34 4146
845 35 4196
846 0 1
847 31 4170
848 37 4133
849 37 4150
850 33 4174
851 31 4137
852 34 4191
853 32 4155
854 30 4185
855 34 4150
856 34 4201
857 31 4115
858 34 4134
859 33 4108
860 34 4203
861 29 4172
862 33 4127
863 31 4147
864 39 4154
865 40 4137
866 0 1
867 46 4139
868 28 4119
869 34 4217
870 84 4155
871 40 4178
872 37 4181
873 0 1
874 44 4182
875 31 4155
876 35 4115
877 34 4140
878 32 4143
879 31 4148
880 37 4148
881 34 4169
882 31 4194
883 0 1
884 32 4139
885 30 4179
886 30 4206
887 33 4179
888 36 4158
889 37 4146
890 34 4158
891 32 4195
892 35 4185
893 37 4162
894 36 4146
895 43 4172
896 33 4180
897 34 4176
898 32 4197
899 37 4184
900 35 4180
901 30 4132
902 36 4187
903 31 4115
904 33 4161
905 34 4145
906 40 4161
907 34 4112
908 67 4129
909 31 4125
910 28 4087
911 32 4191
912 29 4134
913 35 4167
914 33 4149
915 31 4159
916 33 4196
917 27 4135
918 31 4087
919 35 4142
920 36 4120
921 32 4191
922 31 4180
923 33 4150
924 33 4124
925 30 4156
926 34 4164
927 32 4184
928 38 4170
929 43 4159
930 57 4165
931 43 4106
932 34 4118
933 31 4198
934 31 4165
935 34 4225
936 29 4183
937 34 4178
938 31 4206
939 73 4162
940 33 4180
941 36 4153
942 37 4148
943 34 4156
944 33 4228
945 32 4142
946 30 4125
947 32 4190
948 33 4058
949 34 4096
950 38 4123
951 41 4161
952 29 4147
953 32 4103
954 32 4167
955 34 4170
956 36 4149
957 30 4141
958 36 4071
959 34 4219
960 34 4140
961 30 4149
962 32 4096
963 38 4117
964 28 4176
965 33 4100
966 34 4171
967 35 4182
968 35 4184
969 34 4212
970 35 4148
971 30 4176
972 35 4185
973 33 4142
974 51 4164
975 41 4146
976 39 4159
977 42 4230
978 85 4127
979 32 4157
980 39 4212
981 29 4163
982 31 4161
983 28 4156
984 36 4162
985 31 4214
986 33 4168
987 38 4187
988 33 4141
989 35 4158
990 35 4135
991 31 4179
992 37 4152
993 34 4148
994 34 4154
995 28 4186
996 29 4173
997 31 4143
998 36 4157
999 32 4181
1000 36 4127
1001 31 4199
1002 34 4179
1003 30 4137
1004 38 4162
1005 135 4190
1006 57 4169
1007 36 4174
1008 35 4130
1009 37 4132
1010 31 4172
1011 35 4187
1012 0 1
1013 0 1
1014 41 4131
1015 35 4135
1016 32 4100
1017 33 4187
1018 31 4167
1019 26 4086
1020 31 4175
1021 34 4091
1022 30 4163
1023 34 4237
1024 42 4163
1025 33 4155
1026 30 4149
1027 34 4147
1028 37 4121
1029 37 4139
1030 33 4161
1031 38 4157
1032 34 4163
1033 31 4149
1034 32 4145
1035 33 4164
1036 36 4186
1037 34 4134
1038 33 4134
1039 40 4146
1040 28 4183
1041 34 4120
1042 32 4167
1043 56 4128
1044 40 4175
1045 33 4119
1046 34 4171
1047 37 4138
1048 29 4184
1049 31 4195
1050 31 4171
1051 32 4136
1052 29 4150
1053 0 1
1054 41 4133
1055 35 4160
1056 36 4153
1057 35 4166
1058 52 4133
1059 27 4136
1060 0 1
1061 30 4147
1062 0 1
1063 33 4147
1064 32 4145
1065 33 4185
1066 35 4211
1067 35 4196
1068 31 4170
1069 27 4155
1070 33 4152
1071 29 4114
1072 30 4158
1073 31 4150
1074 30 4193
1075 30 4176
1076 36 4127
1077 32 4187
1078 34 4141
1079 32 4145
1080 35 4152
1081 35 4194
1082 31 4205
1083 41 4183
1084 28 4174
1085 29 4190
1086 33 4127
1087 52 4134
1088 32 4158
1089 31 4191
1090 32 4155
1091 30 4163
1092 35 4164
1093 32 4155
1094 0 1
1095 0 1
1096 28 4148
1097 0 1
1098 0 1
1099 32 4177
1100 38 4131
1101 0 1
1102 0 1
1103 33 4186
1104 37 4179
1105 30 4156
1106 38 4167
1107 35 4173
1108 38 4156
1109 32 4111
1110 37 4157
1111 37 4147
1112 33 4167
1113 34 4161
1114 32 4162
1115 31 4229
1116 28 4176
1117 35 4174
1118 32 4206
1119 0 1
1120 43 4171
1121 29 4160
1122 32 4141
1123 33 4145
1124 0 1
1125 29 4164
1126 34 4128
1127 0 1
1128 18 2
1129 8 2
1130 0 1
1131 30 4205
1132 35 4134
1133 31 4115
1134 38 4121
1135 33 4226
1136 33 4165
1137 34 4151
1138 36 4151
1139 0 1
1140 34 4158
1141 30 4101
1142 0 1
1143 35 4157
1144 34 4150
1145 0 1
1146 36 4210
1147 57 4089
1148 37 4167
1149 34 4113
1150 36 4124
1151 95 4130
1152 31 4162
1153 36 4157
1154 47 4111
1155 31 4120
1156 32 4158
1157 36 4176
1158 34 4130
1159 35 4187
1160 34 4166
1161 28 4150
1162 30 4194
1163 36 4210
1164 33 4168
1165 28 4221
1166 34 4196
1167 36 4184
1168 36 4139
1169 34 4161
1170 31 4167
1171 37 4217
1172 0 1
1173 32 4127
1174 29 4101
1175 29 4126
1176 30 4164
1177 31 4153
1178 35 4147
1179 34 4152
1180 32 4161
1181 31 4157
1182 31 4103
1183 32 4148
1184 29 4151
1185 31 4127
1186 31 4143
1187 29 4156
1188 30 4171
1189 32 4165
1190 35 4173
1191 32 4133
1192 44 4098
1193 37 4145
1194 36 4121
1195 0 1
1196 52 4134
1197 47 4157
1198 38 4149
1199 35 4156
1200 34 4140
1201 37 4138
1202 31 4131
1203 37 4139
1204 34 4218
1205 35 4136
1206 38 4150
1207 31 4190
1208 37 4118
1209 32 4191
1210 30 4223
1211 33 4184
1212 33 4120
1213 34 4139
1214 31 4170
1215 33 4137
1216 32 4091
1217 29 4142
1218 34 4186
1219 36 4171
1220 37 4128
1221 34 4132
1222 31 4191
1223 37 4166
1224 0 1
1225 33 4115
1226 33 4194
1227 37 4189
1228 36 4172
1229 32 4111
1230 35 4198
1231 38 4187
1232 34 4211
1233 34 4151
1234 54 4137
1235 30 4137
1236 30 4154
1237 28 4193
1238 37 4167
1239 30 4106
1240 32 4159
1241 32 4199
1242 33 4163
1243 32 4144
1244 30 4122
1245 35 4147
1246 32 4170
1247 30 4197
1248 33 4172
1249 34 4195
1250 31 4155
1251 42 4087
1252 47 4131
1253 31 4191
1254 31 4187
1255 46 4155
1256 44 4192
1257 34 4176
1258 34 4129
1259 0 1
1260 33 4145
1261 51 4126
1262 30 4165
1263 33 4164
1264 29 4125
1265 35 4187
1266 43 4173
1267 0 1
1268 37 4242
1269 33 4191
1270 42 4194
1271 36 4170
1272 57 4149
1273 37 4179
1274 137 4166
1275 37 4117
1276 25 4140
1277 36 4109
1278 0 1
1279 39 4121
1280 38 4204
1281 30 4149
1282 31 4143
1283 33 4234
1284 36 4202
1285 34 4145
1286 36 4201
1287 31 4208
1288 38 4148
1289 35 4179
1290 30 4197
1291 43 4155
1292 36 4164
1293 0 1
1294 0 1
1295 33 4240
1296 43 4169
1297 37 4187
1298 0 1
1299 0 1
1300 32 4213
1301 34 4186
1302 34 4191
1303 31 4157
1304 42 4110
1305 34 4121
1306 33 4107
1307 30 4128
1308 28 4155
1309 31 4165
1310 35 4153
1311 39 4171
1312 31 4137
1313 33 4160
1314 31 4147
1315 33 4161
1316 34 4149
1317 32 4097
1318 37 4167
1319 41 2
1320 11 2
1321 35 4202
1322 31 4156
1323 46 4162
1324 31 4120
1325 30 4222
1326 0 1
1327 0 1
1328 0 1
1329 80 4115
1330 35 4153
1331 36 4120
1332 34 4167
1333 29 4142
1334 0 1
1335 54 4191
1336 35 4101
1337 36 4151
1338 30 4165
1339 43 4212
1340 49 4161
1341 30 4134
1342 31 4173
1343 36 4157
1344 36 4157
1345 38 4151
1346 33 4193
1347 0 1
1348 36 4155
1349 41 4182
1350 34 4109
1351 36 4152
1352 30 4202
1353 46 4135
1354 39 4215
1355 29 4215
1356 38 4119
1357 0 1
1358 68 4156
1359 34 4203
1360 38 4126
1361 30 4172
1362 34 4144
1363 36 4139
1364 34 4111
1365 0 1
1366 38 4152
1367 33 4117
1368 37 4153
1369 29 4123
1370 34 4162
1371 40 4164
1372 31 4181
1373 42 4160
1374 32 4153
1375 59 4185
1376 32 4166
1377 30 4148
1378 30 4155
1379 33 4117
1380 36 4142
1381 43 4199
1382 32 4213
1383 29 4177
1384 31 4176
1385 31 4183
1386 31 4171
1387 35 4149
1388 34 4175
1389 29 4114
1390 31 4158
1391 33 4164
1392 33 4144
1393 32 4181
1394 34 4179
1395 49 4150
1396 32 4121
1397 34 4129
1398 34 4095
1399 35 4122
1400 29 4175
1401 36 4118
1402 29 4117
1403 28 4181
1404 30 4109
1405 36 4155
1406 31 4161
1407 33 4162
1408 35 4163
1409 35 4189
1410 34 4164
1411 0 1
1412 32 4211
1413 0 1
1414 31 4119
1415 35 4186
1416 33 4136
1417 31 4206
1418 38 4141
1419 38 4172
1420 32 4157
1421 36 4175
1422 41 4135
1423 41 4154
1424 41 4150
1425 29 4189
1426 35 4143
1427 29 4123
1428 35 4154
1429 34 4121
1430 41 4183
1431 0 1
1432 32 4162
1433 30 4126
1434 35 4145
1435 33 4097
1436 31 4173
1437 0 1
1438 36 4154
1439 34 4152
1440 29 4139
1441 39 4155
1442 0 1
1443 35 4160
1444 0 1
1445 37 4194
1446 28 4125
1447 35 4211
1448 37 4162
1449 36 4185
1450 31 4143
1451 33 4115
1452 34 4151
1453 29 4153
1454 0 1
1455 60 4206
1456 46 4215
1457 70 4111
1458 37 4165
1459 0 1
1460 37 4183
1461 35 4070
1462 33 4119
1463 32 4178
1464 30 4169
1465 39 4167
1466 37 4144
1467 0 1
1468 41 4100
1469 0 1
1470 35 4205
1471 29 4158
1472 0 1
1473 0 1
1474 0 1
1475 29 4156
1476 31 4136
1477 36 4141
1478 34 4205
1479 36 4199
1480 44 4148
1481 85 4130
1482 34 4101
1483 32 4143
1484 32 4109
1485 32 4142
1486 40 4099
1487 34 4101
1488 38 4147
1489 36 4127
1490 34 4198
1491 30 4127
1492 34 4136
1493 33 4144
1494 31 4160
1495 34 4158
1496 32 4166
1497 33 4075
1498 33 4134
1499 33 4141
1500 39 4190
1501 34 4174
1502 34 4147
1503 36 4170
1504 37 4125
1505 37 4115
1506 36 4160
1507 36 4146
1508 0 1
1509 34 4143
1510 36 4168
1511 33 4148
1512 55 4191
1513 34 4140
1514 30 4153
1515 35 4129
1516 34 4098
1517 36 4152
1518 32 4128
1519 29 4160
1520 32 4187
1521 36 4215
1522 50 4179
1523 31 4137
1524 38 4173
1525 32 4164
1526 28 4175
1527 34 4168
1528 32 4194
1529 36 4172
1530 37 4187
1531 38 4159
1532 36 4141
1533 39 4200
1534 31 4138
1535 32 4171
1536 31 4159
1537 30 4232
1538 0 1
1539 35 4194
1540 38 4126
1541 34 4185
1542 32 4206
1543 43 4112
1544 31 4118
1545 28 4158
1546 29 4134
1547 34 4155
1548 31 4172
1549 36 4156
1550 37 4162
1551 30 4190
1552 36 4124
1553 32 4114
1554 31 4207
1555 31 4193
1556 34 4140
1557 34 4150
1558 31 4154
1559 36 4193
1560 32 4167
1561 35 4169
1562 34 4115
1563 46 4142
1564 38 4186
1565 37 4161
1566 35 4178
1567 34 4132
1568 28 4123
1569 32 4202
1570 33 4114
1571 0 1
1572 37 4182
1573 37 4140
1574 30 4153
1575 58 4114
1576 0 1
1577 29 4190
1578 33 4212
1579 32 4200
1580 39 4138
1581 34 4181
1582 31 4183
1583 31 4153
1584 33 4196
1585 33 4082
1586 31 4176
1587 36 4140
1588 33 4162
1589 32 4163
1590 38 4168
1591 31 4178
1592 53 4174
1593 32 4157
1594 36 4170
1595 31 4214
1596 37 4149
1597 36 4110
1598 33 4139
1599 40 4158
1600 34 4182
1601 28 4105
1602 37 4175
1603 34 4142
1604 34 4189
1605 31 4164
1606 32 4159
1607 0 1
1608 36 4181
1609 41 4167
1610 37 4144
1611 0 1
1612 34 4133
1613 0 1
1614 0 1
1615 32 4153
1616 40 4101
1617 32 4145
1618 36 4102
1619 31 4187
1620 45 4116
1621 32 4180
1622 64 4223
1623 29 4135
1624 36 4222
1625 28 4162
1626 32 4192
1627 29 4147
1628 35 4165
1629 31 4148
1630 31 4149
1631 35 4182
1632 30 4151
1633 31 4146
1634 34 4146
1635 32 4174
1636 37 4139
1637 34 4159
1638 36 4161
1639 33 4183
1640 30 4148
1641 30 4160
1642 32 4225
1643 31 4195
1644 33 4155
1645 34 4193
1646 30 4166
1647 35 4140
1648 38 4149
1649 34 4205
1650 32 4207
1651 35 4189
1652 30 4162
1653 37 4159
1654 34 4169
1655 32 4144
1656 33 4138
1657 32 4177
1658 31 4092
1659 34 4142
1660 33 4146
1661 28 4162
1662 33 4186
1663 37 4148
1664 35 4167
1665 0 1
1666 39 4121
1667 27 4131
1668 35 4159
1669 31 4174
1670 29 4195
1671 46 4180
1672 31 4134
1673 39 4168
1674 31 4171
1675 42 4195
1676 34 4162
1677 32 4177
1678 34 4110
1679 35 4112
1680 0 1
1681 31 4159
1682 44 4174
1683 30 4123
1684 33 4144
1685 33 4183
1686 35 4222
1687 34 4157
1688 36 4182
1689 34 4127
1690 32 4129
1691 31 4194
1692 30 4186
1693 32 4161
1694 30 4168
1695 30 4153
1696 32 4153
1697 31 4141
1698 36 4157
1699 0 1
1700 30 4135
1701 31 4159
1702 40 4153
1703 31 4199
1704 34 4159
1705 41 4078
1706 33 4147
1707 39 4188
1708 32 4128
1709 36 4169
1710 35 4213
1711 36 4157
1712 0 1
1713 33 4198
1714 0 1
1715 35 4156
1716 38 4150
1717 33 4155
1718 35 4155
1719 33 4149
1720 33 4182
1721 28 4135
1722 36 4154
1723 0 1
1724 0 1
1725 0 1
1726 29 4198
1727 37 4157
1728 42 4166
1729 35 4173
1730 34 4139
1731 35 4176
1732 35 4203
1733 28 4153
1734 97 4224
1735 62 4153
1736 44 4170
1737 31 4181
1738 33 4119
1739 36 4206
1740 32 4161
1741 35 4168
1742 32 4187
1743 37 4152
1744 33 4186
1745 35 4126
1746 37 4097
1747 34 4119
1748 43 4146
1749 30 4109
1750 32 4144
1751 31 4156
1752 36 4174
1753 30 4173
1754 32 4175
1755 35 4097
1756 31 4208
1757 0 1
1758 37 4139
1759 30 4172
1760 33 4172
1761 30 4163
1762 40 4174
1763 31 4108
1764 29 4119
1765 33 4144
1766 36 4157
1767 33 4118
1768 33 4152
1769 38 4159
1770 43 4106
1771 37 4177
1772 30 4194
1773 32 4158
1774 31 4105
1775 53 4197
1776 38 4146
1777 32 4155
1778 32 4204
1779 32 4163
1780 29 4156
1781 32 4160
1782 38 4177
1783 35 4144
1784 0 1
1785 34 4169
1786 0 1
1787 43 4209
1788 34 4204
1789 36 4172
1790 46 4144
1791 36 4165
1792 42 4163
1793 31 4163
1794 32 4122
1795 0 1
1796 31 4133
1797 32 4185
1798 30 4211
1799 30 4101
1800 31 4135
1801 0 1
1802 31 4153
1803 32 4115
1804 65 4168
1805 0 1
1806 47 4150
1807 31 4163
1808 29 4166
1809 0 1
1810 33 4162
1811 35 4213
1812 29 4189
1813 32 4176
1814 32 4131
1815 28 4158
1816 33 4128
1817 29 4192
1818 33 4156
1819 32 4112
1820 86 4205
1821 41 4205
1822 32 4131
1823 26 4108
1824 32 4157
1825 37 4164
1826 29 4186
1827 45 4197
1828 65 4143
1829 37 4165
1830 36 4168
1831 33 4161
1832 45 4154
1833 34 4118
1834 33 4139
1835 50 4141
1836 32 4153
1837 30 4126
1838 33 4144
1839 33 4145
1840 39 4218
1841 32 4146
1842 43 4135
1843 32 4187
1844 34 4158
1845 31 4146
1846 32 4162
1847 33 4145
1848 33 4163
1849 33 4199
1850 31 4130
1851 32 4156
1852 67 4142
1853 37 4162
1854 30 4193
1855 29 4190
1856 39 4149
1857 33 4158
1858 42 4187
1859 29 4175
1860 37 4129
1861 35 4164
1862 34 4097
1863 37 4138
1864 33 4184
1865 75 4119
1866 72 4125
1867 38 4164
1868 33 4233
1869 34 4190
1870 47 4148
1871 30 4188
1872 36 4212
1873 35 4105
1874 31 4146
1875 37 4179
1876 35 4119
1877 33 4133
1878 35 4206
1879 32 4158
1880 30 4167
1881 34 4178
1882 0 1
1883 0 1
1884 48 4148
1885 34 4162
1886 40 4137
1887 36 4167
1888 37 4177
1889 37 4185
1890 0 1
1891 34 4132
1892 36 4127
1893 32 4126
1894 35 4162
1895 31 4208
1896 36 4145
1897 30 4106
1898 32 4185
1899 52 4101
1900 36 4139
1901 42 4185
1902 44 4186
1903 65 4
1904 82 4177
1905 34 4208
1906 31 4158
1907 34 4126
1908 36 4214
1909 30 4150
1910 47 4151
1911 34 4123
1912 40 4111
1913 70 4147
1914 33 4158
1915 39 4172
1916 36 4158
1917 32 4164
1918 34 4127
1919 37 4142
1920 31 4133
1921 35 4170
1922 39 4175
1923 32 4211
1924 30 4082
1925 40 4208
1926 31 4179
1927 32 4116
1928 35 4123
1929 31 4103
1930 33 4197
1931 35 4177
1932 0 1
1933 32 4108
1934 0 1
1935 32 4177
1936 39 4159
1937 31 4114
1938 40 4159
1939 30 4111
1940 63 4166
1941 45 4164
1942 43 4161
1943 38 4143
1944 0 1
1945 74 4158
1946 35 4175
1947 35 4162
1948 0 1
1949 35 4110
1950 28 4157
1951 32 4147
1952 35 4144
1953 34 4183
1954 35 4157
1955 28 4150
1956 30 4198
1957 34 4116
1958 35 4155
1959 34 4201
1960 32 4199
1961 34 4141
1962 34 4136
1963 34 4200
1964 31 4150
1965 32 4145
1966 34 4073
1967 29 4124
1968 36 4155
1969 33 4196
1970 36 4153
1971 31 4150
1972 40 4171
1973 34 4196
1974 37 4128
1975 40 4193
1976 31 4206
1977 39 4136
1978 53 4139
1979 39 4130
1980 34 4197
1981 30 4193
1982 53 4142
1983 37 4193
1984 53 4166
1985 33 4159
1986 39 4199
1987 35 4204
1988 0 1
1989 34 4144
1990 35 4183
1991 31 4170
1992 30 4166
1993 73 4123
1994 46 4146
1995 33 4169
1996 32 4134
1997 33 4206
1998 28 4112
1999 36 4190
2000 64 4117
2001 33 4197
2002 32 4120
2003 33 4192
2004 49 4119
2005 74 4076
2006 35 4166
2007 31 4207
2008 0 1
2009 30 4138
2010 44 4117
2011 44 4186
2012 36 4163
2013 35 4134
2014 34 4141
2015 35 4228
2016 56 4142
2017 33 4143
2018 39 4168
2019 32 4172
2020 30 4132
2021 51 4139
2022 63 4111
2023 41 4178
2024 37 4169
2025 38 4168
2026 53 4200
2027 44 4091
2028 39 4146
2029 70 4149
2030 35 4168
2031 31 4114
2032 31 4161
2033 35 4151
2034 51 4185
2035 43 4066
2036 39 4230
2037 63 4164
2038 88 4159
2039 35 4167
2040 41 4216
2041 29 4131
2042 0 1
2043 46 4151
2044 30 4105
2045 38 4179
2046 38 4232
2047 38 4155
2048 45 4180
2049 34 4162
2050 37 4142
2051 74 4145
2052 62 4134
2053 43 4215
2054 39 4118
2055 33 4137
2056 34 4158
2057 67 4182
2058 31 4158
2059 38 4138
2060 33 4175
2061 33 4167
2062 34 4194
2063 32 4127
2064 43 4175
2065 30 4140
2066 31 4187
2067 34 4181
2068 29 4144
2069 38 4167
2070 38 4166
2071 36 4175
2072 38 4140
2073 0 1
2074 31 4173
2075 35 4130
2076 29 4140
2077 35 4204
2078 32 4153
2079 32 4147
2080 29 4169
2081 0 1
2082 35 4145
2083 36 4135
2084 29 4187
2085 36 4162
2086 36 4160
2087 31 4209
2088 35 4185
2089 32 4150
2090 32 4179
2091 33 4157
2092 34 4108
2093 33 4232
2094 0 1
2095 0 1
2096 30 4175
2097 40 4114
2098 39 4214
2099 38 4163
2100 32 4214
2101 39 4111
2102 28 4204
2103 35 4128
2104 38 4177
2105 35 4131
2106 36 4133
2107 31 4171
2108 36 4185
2109 33 4153
2110 33 4115
2111 30 4171
2112 42 4197
2113 38 4207
2114 0 1
2115 0 1
2116 0 1
2117 58 4162
2118 0 1
2119 47 4141
2120 0 1
2121 68 4149
2122 42 4153
2123 56 4182
2124 34 4147
2125 34 4149
2126 39 4162
2127 0 1
2128 39 4113
2129 36 4201
2130 0 1
2131 35 4161
2132 34 4190
2133 30 4185
2134 33 4193
2135 34 4184
2136 34 4177
2137 46 4189
2138 37 4105
2139 50 4152
2140 30 4210
2141 32 4166
2142 36 4174
2143 38 4167
2144 33 4145
2145 79 4147
2146 32 4190
2147 34 4117
2148 32 4211
2149 32 4156
2150 35 4153
2151 47 4176
2152 37 4220
2153 39 4170
2154 35 4148
2155 0 1
2156 33 4163
2157 41 4185
2158 0 1
2159 44 4132
2160 38 4170
2161 40 4150
2162 0 1
2163 37 4156
2164 33 4152
2165 36 4161
2166 0 1
2167 35 4200
2168 74 4147
2169 41 4170
2170 31 4160
2171 30 4190
2172 34 4204
2173 0 1
2174 0 1
2175 0 1
2176 35 4182
2177 0 1
2178 0 1
2179 32 4196
2180 39 4223
2181 37 4197
2182 34 4185
2183 34 4160
2184 41 4205
2185 44 4222
2186 0 1
2187 33 4086
2188 34 4176
2189 32 4168
2190 0 1
2191 33 4250
2192 34 4125
2193 64 4162
2194 35 4126
2195 39 4236
2196 39 4145
2197 34 4154
2198 31 4146
2199 31 4185
2200 32 4165
2201 0 1
2202 0 1
2203 0 1
2204 40 4206
2205 32 4150
2206 35 4179
2207 30 4165
2208 30 4117
2209 28 4180
2210 34 4135
2211 38 4150
2212 30 4195
2213 33 4155
2214 30 4199
2215 33 4183
2216 38 4137
2217 35 4136
2218 32 4141
2219 79 4088
2220 36 4148
2221 32 4164
2222 47 4110
2223 31 4220
2224 30 4158
2225 30 4189
2226 30 4134
2227 31 4154
2228 43 4161
2229 33 4169
2230 30 4171
2231 34 4189
2232 32 4164
2233 30 4127
2234 29 4149
2235 43 4166
2236 35 4125
2237 30 4157
2238 37 4185
2239 35 4197
2240 0 1
2241 38 4161
2242 35 4170
2243 46 4190
2244 30 4094
2245 30 4169
2246 31 4169
2247 32 4170
2248 30 4116
2249 32 4196
2250 31 4126
2251 30 4223
2252 45 4127
2253 34 4148
2254 30 4154
2255 37 4237
2256 36 4198
2257 30 4176
2258 37 4202
2259 33 4202
2260 33 4124
2261 34 4129
2262 35 4132
2263 36 4210
2264 30 4116
2265 33 4198
2266 32 4109
2267 31 4175
2268 32 4177
2269 28 4160
2270 30 4123
2271 30 4163
2272 31 4128
2273 30 4166
2274 33 4134
2275 36 4101
2276 31 4143
2277 30 4164
2278 0 1
2279 0 1
2280 0 1
2281 31 4199
2282 0 1
2283 31 4232
2284 33 4182
2285 29 4151
2286 42 4215
2287 33 4190
2288 37 4206
2289 35 4144
2290 36 4120
2291 31 4190
2292 40 4151
2293 0 1
2294 32 4171
2295 38 4179
2296 38 4175
2297 35 4116
2298 33 4211
2299 34 4171
2300 0 1
2301 36 4164
2302 36 4155
2303 38 4138
2304 0 1
2305 31 4128
2306 29 4139
2307 33 4144
2308 36 4187
2309 0 1
2310 0 1
2311 31 4173
2312 30 4156
2313 33 4125
2314 51 4169
2315 59 4173
2316 33 4152
2317 33 4092
2318 32 4171
2319 32 4196
2320 36 4103
2321 47 4111
2322 30 4151
2323 36 4145
2324 28 4146
2325 43 4159
2326 34 4164
2327 37 4149
2328 31 4143
2329 148 4147
2330 36 4175
2331 35 4153
2332 33 4131
2333 34 4196
2334 0 1
2335 63 4159
2336 12 2
2337 34 4177
2338 38 4218
2339 35 4141
2340 0 1
2341 39 4122
2342 34 4174
2343 45 4136
2344 34 4133
2345 33 4149
2346 36 4176
2347 36 4153
2348 36 4165
2349 29 4189
2350 35 4182
2351 35 4133
2352 52 4160
2353 35 4164
2354 38 4196
2355 38 4110
2356 38 4181
2357 0 1
2358 0 1
2359 40 4182
2360 31 4149
2361 31 4151
2362 35 4192
2363 0 1
2364 39 4112
2365 36 4158
2366 35 4143
2367 44 4173
2368 0 1
2369 36 4154
2370 53 4186
2371 31 4199
2372 30 4148
2373 0 1
2374 0 1
2375 34 4129
2376 33 4241
2377 33 4177
2378 0 1
2379 0 1
2380 38 4193
2381 33 4165
2382 30 4174
2383 61 4161
2384 7 2
2385 4 2
2386 59 4175
2387 32 4145
2388 56 4129
2389 43 4195
2390 0 1
2391 123 4153
2392 61 4191
2393 33 4166
2394 60 4156
2395 30 4160
2396 30 4171
2397 35 4163
2398 37 4216
2399 48 4150
2400 33 4150
2401 41 4147
2402 38 4127
2403 38 4150
2404 30 4168
2405 38 4179
2406 37 4228
2407 41 4090
2408 37 4154
2409 37 4179
2410 32 4141
2411 34 4136
2412 0 1
2413 33 4211
2414 37 4143
2415 35 4174
2416 36 4106
2417 38 4197
2418 0 1
2419 32 4135
2420 0 1
2421 0 1
2422 36 4176
2423 102 4065
2424 41 4164
2425 34 4164
2426 53 4214
2427 33 4185
2428 31 4153
2429 45 4169
2430 59 4180
2431 37 4176
2432 34 4170
2433 35 4154
2434 27 4143
2435 44 4190
2436 32 4193
2437 29 4147
2438 37 4158
2439 0 1
2440 43 4151
2441 43 4223
2442 39 4191
2443 34 4149
2444 39 4114
2445 44 4177
2446 33 4174
2447 31 4165
2448 37 4163
2449 35 4149
2450 44 4170
2451 38 4209
2452 32 4190
2453 33 4158
2454 31 4175
2455 36 4196
2456 36 4199
2457 31 4145
2458 31 4245
2459 38 4182
2460 33 4194
2461 35 4211
2462 37 4163
2463 30 4118
2464 0 1
2465 32 4225
2466 31 4155
2467 36 4142
2468 40 4168
2469 34 4132
2470 73 4156
2471 44 4147
2472 30 4211
2473 34 4154
2474 40 4179
2475 0 1
2476 34 4150
2477 36 4147
2478 0 1
2479 79 4176
2480 33 4183
2481 34 4193
2482 32 4159
2483 49 4203
2484 38 4126
2485 37 4175
2486 32 4191
2487 57 4156
2488 36 4171
2489 42 4208
2490 0 1
2491 53 4157
2492 64 4178
2493 0 1
2494 31 4105
2495 39 4158
2496 35 4144
2497 31 4204
2498 102 4136
2499 0 1
2500 33 4153
2501 0 1
2502 35 4152
2503 88 4131
2504 38 4097
2505 34 4167
2506 28 4180
2507 35 4164
2508 40 4228
2509 37 4229
2510 48 4133
2511 33 4161
2512 0 1
2513 72 4118
2514 33 4167
2515 34 4133
2516 29 4141
2517 33 4100
2518 40 4145
2519 57 4174
2520 36 4122
2521 30 4154
2522 39 4135
2523 31 4131
2524 35 4190
2525 0 1
2526 34 4152
2527 33 4126
2528 36 4118
2529 36 4107
2530 58 4163
2531 0 1
2532 0 1
2533 36 4162
2534 33 4182
2535 32 4167
2536 30 4165
2537 36 4134
2538 31 4173
2539 0 1
2540 31 4169
2541 35 4191
2542 44 4174
2543 50 4182
2544 0 1
2545 0 1
2546 50 4180
2547 36 4226
2548 32 4160
2549 36 4208
2550 33 4136
2551 0 1
2552 36 4191
2553 33 4139
2554 34 4197
2555 36 4147
2556 37 4145
2557 55 4116
2558 71 4122
2559 38 4189
2560 35 4150
2561 37 4138
2562 39 4161
2563 56 4149
2564 32 4144
2565 30 4159
2566 0 1
2567 32 4162
2568 35 4136
2569 47 4171
2570 31 4200
2571 34 4138
2572 33 4182
2573 32 4167
2574 36 4117
2575 37 4180
2576 31 4136
2577 34 4177
2578 41 4193
2579 32 4193
2580 44 4137
2581 0 1
2582 36 4157
2583 36 4110
2584 52 4129
2585 44 4174
2586 34 4147
2587 49 4153
2588 10 2
2589 33 4160
2590 55 4146
2591 42 4145
2592 34 4167
2593 29 4127
2594 39 4162
2595 53 4130
2596 69 4181
2597 0 1
2598 34 4132
2599 32 4167
2600 38 4160
2601 34 4193
2602 37 4150
2603 41 4193
2604 43 4143
2605 34 4196
2606 42 4206
2607 33 4158
2608 34 4147
2609 29 4143
2610 36 4222
2611 32 4207
2612 37 4185
2613 31 4171
2614 28 4146
2615 29 4130
2616 39 4153
2617 40 4191
2618 31 4176
2619 0 1
2620 33 4172
2621 38 4171
2622 0 1
2623 0 1
2624 34 4228
2625 36 4140
2626 0 1
2627 0 1
2628 34 4178
2629 0 1
2630 33 4143
2631 45 4162
2632 0 1
2633 36 4201
2634 35 4137
2635 33 4129
2636 37 4171
2637 36 4155
2638 33 4190
2639 0 1
2640 0 1
2641 52 4170
2642 0 1
2643 0 1
2644 63 4150
2645 37 4195
2646 34 4178
2647 39 4165
2648 0 1
2649 0 1
2650 0 1
2651 30 4192
2652 31 4158
2653 76 4190
2654 37 4155
2655 32 4191
2656 34 4167
2657 1 2
2658 33 4171
2659 34 4184
2660 0 1
2661 38 4183
2662 48 4134
2663 36 4141
2664 36 4144
2665 36 4175
2666 36 4139
2667 48 4165
2668 0 1
2669 69 4169
2670 35 4176
2671 31 4174
2672 45 4177
2673 29 4137
2674 47 4161
2675 84 4183
2676 59 4089
2677 33 4148
2678 33 4186
2679 59 4105
2680 36 4112
2681 41 4146
2682 41 4172
2683 92 4125
2684 32 4183
2685 32 4148
2686 30 4152
2687 39 4166
2688 30 4124
2689 38 4162
2690 60 4146
2691 36 4168
2692 0 1
2693 39 4227
2694 64 4184
2695 36 4125
2696 36 4163
2697 28 4212
2698 37 4186
2699 33 4146
2700 40 4189
2701 31 4171
2702 34 4210
2703 32 4186
2704 34 4192
2705 33 4122
2706 41 4150
2707 35 4177
2708 51 4190
2709 106 4185
2710 38 4133
2711 0 1
2712 30 4171
2713 35 4149
2714 36 4165
2715 33 4181
2716 0 1
2717 0 1
2718 30 4163
2719 33 4202
2720 37 4171
2721 37 4185
2722 34 4194
2723 29 4140
2724 34 4134
2725 37 4210
2726 45 4151
2727 33 4201
2728 37 4170
2729 47 4159
2730 44 4212
2731 33 4248
2732 39 4196
2733 57 4152
2734 0 1
2735 0 1
2736 0 1
2737 45 4122
2738 34 4145
2739 34 4169
2740 34 4127
2741 76 4193
2742 39 4160
2743 39 4121
2744 32 4201
2745 35 4171
2746 31 4146
2747 32 4144
2748 32 4150
2749 38 4164
2750 29 4173
2751 34 4135
2752 41 4172
2753 33 4172
2754 48 4143
2755 36 4180
2756 34 4143
2757 53 4139
2758 31 4115
2759 40 4195
2760 32 4153
2761 32 4183
2762 0 1
2763 50 4140
2764 52 4159
2765 0 1
2766 68 4126
2767 34 4114
2768 32 4163
2769 37 4128
2770 38 4180
2771 30 4174
2772 0 1
2773 30 4115
2774 39 4175
2775 41 4196
2776 33 4155
2777 31 4104
2778 35 4165
2779 31 4170
2780 34 4153
2781 30 4165
2782 34 4197
2783 35 4154
2784 33 4166
2785 36 4147
2786 31 4191
2787 30 4136
2788 34 4143
2789 31 4192
2790 38 4142
2791 30 4113
2792 33 4127
2793 82 4160
2794 31 4121
2795 34 4150
2796 38 4156
2797 34 4127
2798 32 4147
2799 0 1
2800 30 2
2801 9 2
2802 30 4166
2803 39 4105
2804 33 4182
2805 33 4133
2806 47 4201
2807 45 4194
2808 0 1
2809 0 1
2810 0 1
2811 0 1
2812 36 4154
2813 0 1
2814 0 1
2815 0 1
2816 0 1
2817 0 1
2818 33 4180
2819 61 4153
2820 65 4146
2821 32 4170
2822 34 4132
2823 36 4142
2824 0 1
2825 0 1
2826 47 4133
2827 34 4150
2828 33 4121
2829 40 4128
2830 33 4151
2831 36 4133
2832 0 1
2833 32 4158
2834 30 4116
2835 31 4157
2836 87 4172
2837 36 4206
2838 43 4107
2839 35 4209
2840 31 4155
2841 72 4168
2842 41 4151
2843 34 4160
2844 34 4149
2845 43 4150
2846 34 4135
2847 35 4169
2848 39 4170
2849 31 4204
2850 39 4123
2851 41 4219
2852 45 4179
2853 35 4158
2854 50 4147
2855 40 4199
2856 0 1
2857 37 4190
2858 36 4151
2859 38 4205
2860 31 4136
2861 63 4168
2862 37 4215
2863 38 4174
2864 33 4184
2865 48 4156
2866 40 4104
2867 0 1
2868 80 4168
2869 46 4170
2870 59 4167
2871 39 4204
2872 0 1
2873 32 4133
2874 45 4138
2875 27 4156
2876 35 4172
2877 34 4137
2878 29 4188
2879 30 4130
2880 39 4200
2881 29 4123
2882 34 4134
2883 34 4117
2884 33 4188
2885 41 4166
2886 29 4105
2887 39 4198
2888 43 4135
2889 31 4151
2890 35 4164
2891 66 4154
2892 0 1
2893 38 4108
2894 31 4121
2895 0 1
2896 37 4109
2897 36 4159
2898 45 4174
2899 51 4155
2900 0 1
2901 36 4081
2902 51 4192
2903 42 4080
2904 33 4159
2905 33 4141
2906 52 4113
2907 43 4176
2908 0 1
2909 38 4151
2910 34 4168
2911 29 4108
2912 30 4152
2913 32 4179
2914 37 4142
2915 0 1
2916 39 4183
2917 34 4156
2918 43 4144
2919 0 1
2920 53 4138
2921 32 4117
2922 41 4175
2923 57 4184
2924 45 4142
2925 33 4168
2926 35 4209
2927 40 4128
2928 38 4203
2929 38 4115
2930 42 4181
2931 40 4204
2932 33 4178
2933 36 4170
2934 34 4176
2935 0 1
2936 0 1
2937 33 4226
2938 31 4197
2939 32 4194
2940 29 4139
2941 34 4152
2942 46 4161
2943 34 4158
2944 33 4160
2945 31 4167
2946 39 4164
2947 34 4179
2948 34 4212
2949 35 4234
2950 36 4178
2951 44 4174
2952 33 4155
2953 45 4195
2954 54 4162
2955 38 4102
2956 0 1
2957 0 1
2958 0 1
2959 0 1
2960 35 4115
2961 31 4129
2962 32 4147
2963 31 4122
2964 37 4194
2965 37 4191
2966 34 4088
2967 0 1
2968 30 4145
2969 33 4174
2970 34 4190
2971 35 4197
2972 0 1
2973 38 4109
2974 36 4145
2975 37 4232
2976 33 4140
2977 32 4160
2978 33 4153
2979 0 1
2980 30 4154
2981 0 1
2982 0 1
2983 31 4163
2984 32 4158
2985 39 4165
2986 31 4159
2987 42 4154
2988 34 4164
2989 30 4119
2990 36 4132
2991 47 4168
2992 32 4157
2993 31 4182
2994 36 4174
2995 38 4131
2996 32 4125
2997 59 4229
2998 34 4202
2999 37 4179
3000 46 4150
3001 33 4173
3002 46 4130
3003 38 4204
3004 50 4153
3005 30 4186
3006 31 4181
3007 36 4102
3008 34 4181
3009 34 4201
3010 27 4173
3011 90 4150
3012 33 4158
3013 38 4105
3014 38 4164
3015 30 4174
3016 31 4165
3017 0 1
3018 63 4155
3019 53 4159
3020 42 4113
3021 0 1
3022 0 1
3023 35 4153
3024 0 1
3025 53 4185
3026 35 4146
3027 33 4188
3028 37 4098
3029 32 4146
3030 0 1
3031 30 4189
3032 32 4164
3033 0 1
3034 30 4135
3035 60 4187
3036 42 4151
3037 40 4168
3038 33 4171
3039 40 2
3040 72 4189
3041 0 1
3042 0 1
3043 6 2
3044 2 2
3045 38 4194
3046 19 2
3047 24 2
3048 33 4185
3049 37 4126
3050 38 4164
3051 36 4173
3052 42 4161
3053 43 4113
3054 40 4139
3055 29 4188
3056 37 4199
3057 49 4115
3058 36 4164
3059 0 1
3060 39 4140
3061 0 1
3062 36 4229
3063 31 4158
3064 35 4186
3065 32 4163
3066 33 4160
3067 32 4154
3068 35 4132
3069 37 4143
3070 33 4152
3071 33 4128
3072 42 4076
3073 13 2
3074 37 2
3075 36 4174
3076 30 4147
3077 32 4161
3078 38 4120
3079 0 1
3080 0 1
3081 33 4129
3082 40 4187
3083 42 4142
3084 38 4129
3085 36 4126
3086 30 4190
3087 27 4170
3088 45 4139
3089 47 4166
3090 33 4140
3091 43 4168
3092 0 1
3093 0 1
3094 79 4147
3095 49 4140
3096 33 4148
3097 68 4144
3098 30 4168
3099 35 4152
3100 37 4173
3101 34 4074
3102 37 4157
3103 36 4158
3104 40 4148
3105 43 4190
3106 32 4130
3107 44 4172
3108 34 4176
3109 40 4166
3110 0 1
3111 38 4157
3112 76 4161
3113 0 1
3114 30 4173
3115 29 4109
3116 34 4195
3117 32 4148
3118 33 4158
3119 45 4134
3120 40 4162
3121 39 4144
3122 0 1
3123 38 4180
3124 41 4221
3125 0 1
3126 35 4201
3127 37 4201
3128 40 4227
3129 35 4130
3130 0 1
3131 38 4217
3132 35 4211
3133 53 4187
3134 0 1
3135 33 4221
3136 39 4180
3137 30 4098
3138 0 1
3139 33 4226
3140 32 4168
3141 0 1
3142 0 1
3143 0 1
3144 60 4215
3145 37 4185
3146 33 4236
3147 33 4099
3148 36 4216
3149 34 4150
3150 0 1
3151 33 4135
3152 37 4177
3153 31 4151
3154 76 4192
3155 0 1
3156 0 1
3157 49 4144
3158 0 1
3159 11 3
3160 4 3
3161 8 3
3162 38 4169
3163 0 1
3164 33 4188
3165 0 1
3166 0 1
3167 9 2
3168 42 4174
3169 53 4157
3170 34 4143
3171 36 4170
3172 35 4195
3173 33 4162
3174 35 4172
3175 45 4151
3176 52 4194
3177 39 4151
3178 33 4102
3179 30 4148
3180 37 4146
3181 37 4129
3182 37 4197
3183 0 1
3184 43 4193
3185 34 4203
3186 32 4144
3187 31 4080
3188 37 4161
3189 31 4106
3190 34 4137
3191 32 4110
3192 30 4146
3193 0 1
3194 34 4166
3195 0 1
3196 40 4165
3197 35 4136
3198 36 4199
3199 0 1
3200 36 4200
3201 37 4204
3202 45 4214
3203 32 4169
3204 42 4226
3205 39 4187
3206 34 4160
3207 34 4167
3208 37 4125
3209 34 4157
3210 35 4161
3211 38 4185
3212 43 4206
3213 0 1
3214 0 1
3215 32 4116
3216 37 4186
3217 36 4103
3218 0 1
3219 31 4186
3220 0 1
3221 32 4210
3222 29 4134
3223 40 4145
3224 29 4172
3225 32 4171
3226 38 4128
3227 31 4083
3228 35 4158
3229 34 4168
3230 32 4172
3231 0 1
3232 34 4167
3233 47 4129
3234 41 4204
3235 35 4108
3236 39 4111
3237 0 1
3238 31 4193
3239 36 4176
3240 39 4114
3241 35 4121
3242 47 4174
3243 0 1
3244 0 1
3245 32 4092
3246 0 1
3247 28 4161
3248 37 4157
3249 37 4139
3250 37 4159
3251 36 4173
3252 0 1
3253 33 4170
3254 38 4112
3255 33 4161
3256 32 4138
3257 33 4163
3258 36 4123
3259 62 4189
3260 0 1
3261 39 4157
3262 37 4208
3263 0 1
3264 35 4143
3265 37 4125
3266 40 4148
3267 37 4144
3268 36 4183
3269 0 1
3270 40 4168
3271 72 4124
3272 33 4117
3273 35 4143
3274 34 4165
3275 35 4207
3276 33 4120
3277 0 1
3278 0 1
3279 36 4195
3280 36 4179
3281 34 4168
3282 39 4188
3283 45 4149
3284 36 4136
3285 0 1
3286 50 4162
3287 35 4159
3288 35 4152
3289 38 4125
3290 33 4138
3291 31 4125
3292 39 4179
3293 0 1
3294 0 1
3295 39 4153
3296 34 4175
3297 49 4151
3298 0 1
3299 0 1
3300 0 1
3301 0 1
3302 60 4169
3303 31 4169
3304 51 4154
3305 0 1
3306 51 4153
3307 33 4119
3308 41 4118
3309 0 1
3310 0 1
3311 38 4161
3312 31 4151
3313 31 4155
3314 0 1
3315 32 4166
3316 44 4179
3317 60 4180
3318 32 4173
3319 42 4128
3320 56 4154
3321 42 4128
3322 35 4191
3323 35 4181
3324 46 4129
3325 35 4194
3326 37 4181
3327 40 4158
3328 42 4138
3329 35 4158
3330 34 4183
3331 34 4131
3332 0 1
3333 57 4138
3334 37 4173
3335 39 4129
3336 31 4175
3337 32 4170
3338 0 1
3339 42 4202
3340 37 4190
3341 77 4112
3342 33 4139
3343 35 4154
3344 0 1
3345 92 4129
3346 34 4127
3347 28 4124
3348 34 4185
3349 33 4186
3350 0 1
3351 56 4100
3352 0 1
3353 40 4119
3354 76 4157
3355 33 4094
3356 51 4186
3357 0 1
3358 0 1
3359 34 4133
3360 0 1
3361 42 4096
3362 0 1
3363 0 1
3364 32 4130
3365 37 4106
3366 48 4099
3367 0 1
3368 0 1
3369 38 4109
3370 0 1
3371 33 4188
3372 5 2
3373 38 2
3374 0 1
3375 79 4111
3376 30 4134
3377 33 4149
3378 36 4190
3379 37 4194
3380 35 4197
3381 32 4160
3382 34 4191
3383 34 4181
3384 30 4182
3385 31 4235
3386 30 4171
3387 31 4120
3388 35 4120
3389 31 4159
3390 58 4147
3391 74 4133
3392 32 4178
3393 35 4184
3394 39 4218
3395 28 4116
3396 35 4168
3397 33 4124
3398 31 4122
3399 29 4116
3400 40 4144
3401 30 4137
3402 28 4111
3403 35 4142
3404 46 4168
3405 73 4163
3406 40 4162
3407 30 4186
3408 35 4152
3409 44 4171
3410 31 4129
3411 38 4186
3412 36 4159
3413 0 1
3414 33 4116
3415 34 4106
3416 34 4213
3417 38 4214
3418 57 4201
3419 38 4170
3420 37 4198
3421 43 4158
3422 32 4134
3423 35 4122
3424 32 4109
3425 48 4162
3426 30 4209
3427 42 4148
3428 31 4101
3429 31 4193
3430 37 4174
3431 38 4165
3432 28 4145
3433 43 4219
3434 37 4157
3435 39 4183
3436 82 4159
3437 31 4107
3438 42 4112
3439 34 4170
3440 30 4155
3441 32 4140
3442 30 4136
3443 30 4139
3444 35 4212
3445 34 4144
3446 32 4143
3447 52 4154
3448 29 4186
3449 41 4146
3450 72 4121
3451 37 4185
3452 68 4201
3453 42 4187
3454 33 4149
3455 45 4205
3456 0 1
3457 40 4186
3458 0 1
3459 0 1
3460 60 4174
3461 39 4180
3462 47 4136
3463 31 4160
3464 34 4093
3465 44 4152
3466 37 4166
3467 31 4133
3468 0 1
3469 53 4197
3470 45 4131
3471 0 1
3472 0 1
3473 33 4188
3474 38 4167
3475 30 4132
3476 35 4134
3477 34 4126
3478 68 4138
3479 35 4180
3480 42 4207
3481 35 4124
3482 36 4141
3483 34 4161
3484 30 4114
3485 63 4127
3486 33 4192
3487 51 4169
3488 36 4126
3489 30 4155
3490 31 4175
3491 0 1
3492 0 1
3493 0 1
3494 35 4191
3495 0 1
3496 53 4222
3497 66 4154
3498 0 1
3499 37 4161
3500 35 4185
3501 0 1
3502 36 4191
3503 0 1
3504 29 4169
3505 0 1
3506 30 4191
3507 42 4122
3508 35 4172
3509 31 4073
3510 33 4155
3511 5 2
3512 25 2
3513 55 4183
3514 0 1
3515 0 1
3516 31 4118
3517 39 4137
3518 31 4142
3519 42 4164
3520 31 4179
3521 0 1
3522 0 1
3523 43 4201
3524 34 4116
3525 38 4149
3526 38 4187
3527 0 1
3528 0 1
3529 71 4150
3530 41 4133
3531 42 4125
3532 0 1
3533 43 4160
3534 0 1
3535 0 1
3536 33 4114
3537 38 4179
3538 0 1
3539 0 1
3540 30 4152
3541 32 4155
3542 35 4148
3543 34 4147
3544 30 4102
3545 54 4145
3546 30 4199
3547 0 1
3548 41 4166
3549 0 1
3550 0 1
3551 0 1
3552 34 4132
3553 0 1
3554 36 4176
3555 30 4117
3556 37 4140
3557 33 4135
3558 31 4214
3559 36 4165
3560 35 4173
3561 40 4178
3562 0 1
3563 36 4176
3564 42 4144
3565 49 4150
3566 0 1
3567 0 1
3568 42 4164
3569 0 1
3570 0 1
3571 37 4116
3572 34 4218
3573 29 4173
3574 0 1
3575 88 4126
3576 0 1
3577 94 4168
3578 43 4097
3579 0 1
3580 37 4116
3581 0 1
3582 44 4176
3583 0 1
3584 32 4111
3585 29 4127
3586 42 4143
3587 0 1
3588 0 1
3589 35 4181
3590 31 4185
3591 35 4167
3592 53 4150
3593 0 1
3594 0 1
3595 54 4191
3596 40 4116
3597 38 4152
3598 35 4164
3599 56 4209
3600 34 4161
3601 33 4165
3602 0 1
3603 36 4134
3604 0 1
3605 51 4153
3606 42 4173
3607 35 4175
3608 38 4177
3609 41 4106
3610 32 4186
3611 38 4192
3612 51 4144
3613 45 4118
3614 34 4177
3615 40 4177
3616 41 4113
3617 42 4163
3618 0 1
3619 34 4172
3620 37 4167
3621 61 4208
3622 0 1
3623 33 4185
3624 36 4175
3625 0 1
3626 52 4147
3627 0 1
3628 39 4172
3629 38 4204
3630 48 4163
3631 44 4158
3632 42 4147
3633 40 4171
3634 33 4180
3635 0 1
3636 38 4233
3637 0 1
3638 34 4140
3639 33 4129
3640 60 4201
3641 35 4125
3642 0 1
3643 35 4195
3644 37 4194
3645 0 1
3646 33 4151
3647 0 1
3648 30 4088
3649 0 1
3650 37 4151
3651 44 4145
3652 44 4090
3653 48 4136
3654 30 4129
3655 0 1
3656 47 4205
3657 0 1
3658 54 4169
3659 31 4132
3660 34 4117
3661 0 1
3662 36 4196
3663 35 4129
3664 0 1
3665 45 4134
3666 37 4197
3667 47 4164
3668 30 4204
3669 48 4209
3670 39 4170
3671 39 4177
3672 0 1
3673 0 1
3674 27 4168
3675 36 4170
3676 51 4170
3677 31 4143
3678 36 4165
3679 44 4135
3680 0 1
3681 0 1
3682 35 4193
3683 0 1
3684 32 4177
3685 43 4138
3686 0 1
3687 35 4153
3688 32 4142
3689 35 4179
3690 48 4192
3691 73 4184
3692 0 1
3693 44 4181
3694 0 1
3695 0 1
3696 0 1
3697 0 1
3698 41 4161
3699 47 4176
3700 69 4169
3701 41 4081
3702 39 4189
3703 32 4161
3704 31 4174
3705 46 4187
3706 31 4157
3707 39 4218
3708 0 1
3709 0 1
3710 0 1
3711 0 1
3712 88 4206
3713 0 1
3714 54 4163
3715 39 4183
3716 39 4168
3717 48 4112
3718 0 1
3719 48 4198
3720 29 4161
3721 32 4143
3722 33 4156
3723 36 4172
3724 36 4199
3725 35 4130
3726 0 1
3727 34 4139
3728 44 4195
3729 35 4190
3730 40 4180
3731 32 4112
3732 33 4159
3733 0 1
3734 0 1
3735 55 4172
3736 55 4169
3737 0 1
3738 39 4204
3739 33 4193
3740 34 4217
3741 35 4164
3742 40 4165
3743 52 4150
3744 0 1
3745 0 1
3746 0 1
3747 33 4133
3748 37 4164
3749 32 4069
3750 0 1
3751 0 1
3752 47 4159
3753 35 4127
3754 50 4146
3755 0 1
3756 57 4169
3757 32 4167
3758 32 4170
3759 0 1
3760 32 4132
3761 35 4168
3762 33 4124
3763 41 4207
3764 57 4152
3765 33 4196
3766 0 1
3767 37 4167
3768 37 4147
3769 34 4100
3770 0 1
3771 55 4145
3772 0 1
3773 35 4184
3774 38 4175
3775 34 4133
3776 0 1
3777 35 4166
3778 58 4204
3779 0 1
3780 45 4189
3781 0 1
3782 0 1
3783 33 4210
3784 0 1
3785 31 4147
3786 42 4124
3787 0 1
3788 51 4153
3789 37 4140
3790 0 1
3791 37 4179
3792 51 4165
3793 33 4158
3794 38 4203
3795 40 4133
3796 41 4191
3797 34 4129
3798 38 4206
3799 0 1
3800 39 4149
3801 38 4177
3802 36 4123
3803 35 4163
3804 34 4156
3805 0 1
3806 37 4188
3807 51 4163
3808 55 4167
3809 0 1
3810 0 1
3811 34 4130
3812 0 1
3813 39 4127
3814 65 4175
3815 72 4152
3816 0 1
3817 0 1
3818 0 1
3819 40 4172
3820 0 1
3821 36 4148
3822 0 1
3823 45 4153
3824 0 1
3825 36 4197
3826 40 4106
3827 12 2
3828 3 2
3829 0 1
3830 29 4123
3831 0 1
3832 43 4154
3833 0 1
3834 52 4160
3835 0 1
3836 37 4161
3837 34 4139
3838 42 4224
3839 47 4202
3840 38 4150
3841 38 4152
3842 39 4178
3843 0 1
3844 32 4174
3845 0 1
3846 0 1
3847 0 1
3848 41 4115
3849 32 4147
3850 49 4105
3851 67 4190
3852 33 4133
3853 0 1
3854 34 4171
3855 32 4130
3856 0 1
3857 0 1
3858 0 1
3859 0 1
3860 42 4198
3861 31 4184
3862 35 4206
3863 47 4158
3864 52 4173
3865 40 4174
3866 33 4197
3867 0 1
3868 56 4166
3869 0 1
3870 50 4098
3871 33 4146
3872 0 1
3873 0 1
3874 0 1
3875 36 4138
3876 0 1
3877 0 1
3878 0 1
3879 32 4165
3880 0 1
3881 0 1
3882 41 4153
3883 40 4109
3884 37 4114
3885 34 4184
3886 43 4157
3887 35 4180
3888 0 1
3889 48 4170
3890 35 4182
3891 36 4151
3892 0 1
3893 43 4138
3894 42 4172
3895 44 4137
3896 43 4159
3897 40 4149
3898 0 1
3899 0 1
3900 0 1
3901 9 2
3902 3 2
3903 37 4156
3904 35 4183
3905 30 4120
3906 55 4131
3907 36 4188
3908 34 4181
3909 40 4166
3910 33 4160
3911 0 1
3912 31 4191
3913 31 4122
3914 34 4142
3915 32 4162
3916 32 4160
3917 34 4151
3918 35 4156
3919 37 4170
3920 62 4160
3921 49 4122
3922 34 4165
3923 34 4100
3924 48 4139
3925 33 4127
3926 41 4169
3927 0 1
3928 33 4165
3929 37 4174
3930 0 1
3931 40 4128
3932 30 4165
3933 37 4224
3934 36 4196
3935 49 4110
3936 49 4168
3937 33 4189
3938 0 1
3939 35 4197
3940 36 4117
3941 36 4133
3942 82 4092
3943 39 4115
3944 0 1
3945 56 4099
3946 68 4155
3947 42 4099
3948 45 4163
3949 47 4087
3950 34 4160
3951 43 4178
3952 34 4175
3953 0 1
3954 0 1
3955 0 1
3956 0 1
3957 0 1
3958 0 1
3959 0 1
3960 46 4147
3961 45 4118
3962 67 4137
3963 53 4139
3964 39 4175
3965 0 1
3966 0 1
3967 111 4128
3968 54 4127
3969 42 4152
3970 34 4157
3971 38 4195
3972 0 1
3973 0 1
3974 0 1
3975 0 1
3976 0 1
3977 0 1
3978 0 1
3979 33 4155
3980 31 4146
3981 32 4197
3982 39 4182
3983 33 4203
3984 28 4163
3985 33 4135
3986 0 1
3987 57 4203
3988 34 4154
3989 37 4191
3990 0 1
3991 0 1
3992 0 1
3993 0 1
3994 43 4167
3995 36 4204
3996 0 1
3997 0 1
3998 0 1
3999 0 1
4000 45 4185
4001 31 4182
4002 35 4171
4003 42 4146
4004 35 4156
4005 31 4206
4006 0 1
4007 31 4157
4008 42 4184
4009 35 4116
4010 0 1
4011 133 4177
4012 0 1
4013 0 1
4014 40 4122
4015 52 4187
4016 0 1
4017 36 4160
4018 30 4135
4019 35 4141
4020 40 4140
4021 36 4170
4022 37 4158
4023 44 4145
4024 32 4207
4025 36 4170
4026 39 4191
4027 43 4173
4028 32 4128
4029 57 4176
4030 36 4171
4031 55 4169
4032 41 4160
4033 36 4145
4034 34 4176
4035 0 1
4036 35 4171
4037 37 4138
4038 0 1
4039 0 1
4040 36 4174
4041 34 4144
4042 48 4111
4043 104 4155
4044 0 1
4045 36 4223
4046 32 4174
4047 0 1
4048 0 1
4049 0 1
4050 39 4167
4051 30 4152
4052 67 4158
4053 0 1
4054 0 1
4055 0 1
4056 0 1
4057 0 1
4058 0 1
4059 61 4124
4060 0 1
4061 44 4136
4062 44 4140
4063 104 4190
4064 34 4176
4065 34 4107
4066 29 4149
4067 0 1
4068 35 4132
4069 0 1
4070 32 4176
4071 0 1
4072 45 4208
4073 57 4183
4074 32 4128
4075 35 4163
4076 31 4162
4077 89 4196
4078 0 1
4079 64 4201
4080 43 4142
4081 31 4197
4082 32 4165
4083 0 1
4084 41 4124
4085 0 1
4086 32 4166
4087 76 4148
4088 0 1
4089 0 1
4090 37 4130
4091 35 4197
4092 61 4126
4093 56 4165
4094 0 1
4095 35 4142
4096 40 4126
4097 35 4128
4098 38 4160
4099 35 4133
4100 34 4199
4101 37 4169
4102 36 4183
4103 0 1
4104 38 4166
4105 31 4200
4106 35 4161
4107 41 4109
4108 0 1
4109 45 4125
4110 38 4175
4111 40 4182
4112 35 4146
4113 42 4132
4114 55 4142
4115 40 4225
4116 31 4159
4117 0 1
4118 31 4206
4119 33 4154
4120 40 4250
4121 37 4196
4122 54 4113
4123 34 4177
4124 40 4195
4125 48 4176
4126 0 1
4127 0 1
4128 33 4172
4129 30 4201
4130 39 4163
4131 32 4168
4132 47 4156
4133 38 4156
4134 37 4173
4135 0 1
4136 3 2
4137 9 2
4138 0 1
4139 35 4172
4140 41 4138
4141 35 4146
4142 38 4180
4143 63 4141
4144 53 4138
4145 34 4167
4146 40 4149
4147 38 4176
4148 37 4088
4149 30 4152
4150 34 4174
4151 42 4174
4152 39 4192
4153 0 1
4154 49 4178
4155 41 4145
4156 33 4167
4157 79 4181
4158 64 4199
4159 35 4121
4160 0 1
4161 0 1
4162 33 4183
4163 56 4146
4164 32 4171
4165 32 4172
4166 30 4124
4167 35 4165
4168 40 4149
4169 34 4235
4170 64 4175
4171 45 4218
4172 38 4147
4173 0 1
4174 37 4156
4175 35 4173
4176 68 4162
4177 33 4144
4178 38 4122
4179 0 1
4180 68 4115
4181 39 4162
4182 32 4161
4183 45 4148
4184 35 4163
4185 30 4164
4186 0 1
4187 0 1
4188 30 4202
4189 0 1
4190 35 4185
4191 0 1
4192 51 4150
4193 35 4138
4194 40 4190
4195 45 4171
4196 0 1
4197 41 4173
4198 0 1
4199 35 4212
4200 40 4142
4201 38 4243
4202 0 1
4203 45 4139
4204 35 4142
4205 36 4169
4206 35 4134
4207 40 4177
4208 48 4149
4209 73 4150
4210 37 4177
4211 0 1
4212 50 4165
4213 31 4145
4214 36 4167
4215 35 4187
4216 60 4148
4217 39 4206
4218 49 4144
4219 29 4183
4220 36 4083
4221 68 4118
4222 39 4118
4223 75 4110
4224 31 4152
4225 37 4143
4226 31 4158
4227 0 1
4228 0 1
4229 31 4140
4230 49 4139
4231 42 4165
4232 0 1
4233 59 4161
4234 36 4181
4235 29 4156
4236 36 4190
4237 28 4144
4238 38 4218
4239 0 1
4240 0 1
4241 0 1
4242 37 4186
4243 34 4174
4244 37 4166
4245 0 1
4246 48 4176
4247 34 4195
4248 37 4188
4249 37 4187
4250 42 4189
4251 0 1
4252 36 4231
4253 33 4171
4254 44 4167
4255 0 1
4256 35 4179
4257 33 4140
4258 62 4157
4259 0 1
4260 59 4224
4261 50 4149
4262 47 4121
4263 51 4119
4264 36 4161
4265 47 4171
4266 0 1
4267 50 4182
4268 0 1
4269 41 4137
4270 30 4186
4271 70 4157
4272 41 4134
4273 0 1
4274 0 1
4275 51 4147
4276 36 4169
4277 43 4224
4278 0 1
4279 36 4122
4280 32 4124
4281 0 1
4282 37 4150
4283 0 1
4284 47 4123
4285 42 4190
4286 0 1
4287 34 4189
4288 108 4138
4289 38 4169
4290 30 4167
4291 0 1
4292 46 4133
4293 71 4176
4294 43 4188
4295 35 4166
4296 0 1
4297 48 4191
4298 0 1
4299 0 1
4300 57 4139
4301 42 4153
4302 38 4148
4303 0 1
4304 48 4136
4305 55 4157
4306 48 4135
4307 52 4169
4308 0 1
4309 0 1
4310 0 1
4311 44 4119
4312 0 1
4313 42 4218
4314 50 4119
4315 42 4152
4316 0 1
4317 35 4136
4318 41 4181
4319 0 1
4320 35 4106
4321 39 4178
4322 0 1
4323 0 1
4324 0 1
4325 35 4154
4326 35 4131
4327 0 1
4328 34 4175
4329 0 1
4330 0 1
4331 45 4185
4332 32 4152
4333 33 4128
4334 35 4213
4335 54 4200
4336 0 1
4337 0 1
4338 0 1
4339 0 1
4340 0 1
4341 35 4138
4342 41 4143
4343 34 4169
4344 85 4187
4345 42 4198
4346 51 4186
4347 65 4151
4348 34 4187
4349 75 4180
4350 33 4173
4351 0 1
4352 35 4159
4353 0 1
4354 48 4225
4355 0 1
4356 72 4130
4357 0 1
4358 42 4182
4359 34 4143
4360 0 1
4361 0 1
4362 37 4199
4363 31 4208
4364 32 4138
4365 34 4146
4366 0 1
4367 0 1
4368 41 4184
4369 0 1
4370 36 4166
4371 0 1
4372 41 4163
4373 0 1
4374 0 1
4375 0 1
4376 29 4171
4377 53 4145
4378 31 4154
4379 0 1
4380 0 1
4381 35 4137
4382 76 4202
4383 46 4153
4384 0 1
4385 36 4173
4386 0 1
4387 40 4138
4388 37 4130
4389 38 4094
4390 70 4146
4391 41 4173
4392 0 1
4393 53 4187
4394 35 4154
4395 60 4159
4396 46 4152
4397 39 4169
4398 53 4124
4399 33 4172
4400 47 4131
4401 0 1
4402 0 1
4403 33 4123
4404 32 4176
4405 32 4108
4406 34 4179
4407 33 4152
4408 37 4083
4409 39 4212
4410 0 1
4411 31 4172
4412 49 4153
4413 30 4104
4414 37 4112
4415 0 1
4416 0 1
4417 0 1
4418 40 4201
4419 39 4183
4420 34 4100
4421 0 1
4422 36 4145
4423 34 4155
4424 31 4131
4425 36 4167
4426 0 1
4427 38 4148
4428 0 1
4429 44 4164
4430 63 4180
4431 40 4144
4432 68 4080
4433 43 4160
4434 50 4109
4435 0 1
4436 0 1
4437 0 1
4438 34 4199
4439 0 1
4440 0 1
4441 40 4109
4442 37 4169
4443 33 4123
4444 0 1
4445 0 1
4446 41 4169
4447 41 4168
4448 40 4205
4449 0 1
4450 0 1
4451 0 1
4452 0 1
4453 0 1
4454 41 4138
4455 40 4132
4456 0 1
4457 55 4179
4458 56 4134
4459 0 1
4460 0 1
4461 63 4171
4462 0 1
4463 34 4137
4464 42 4142
4465 0 1
4466 0 1
4467 31 4175
4468 0 1
4469 55 4170
4470 45 4188
4471 33 4142
4472 0 1
4473 0 1
4474 0 1
4475 0 1
4476 0 1
4477 0 1
4478 43 4155
4479 36 4186
4480 0 1
4481 0 1
4482 0 1
4483 54 4167
4484 41 4128
4485 37 4135
4486 35 4117
4487 0 1
4488 0 1
4489 0 1
4490 34 4148
4491 42 4150
4492 35 4149
4493 52 4155
4494 0 1
4495 65 4125
4496 74 4195
4497 45 4159
4498 32 4140
4499 0 1
4500 0 1
4501 44 4176
4502 40 4155
4503 52 4110
4504 40 4148
4505 42 4167
4506 0 1
4507 40 4166
4508 53 4154
4509 35 4153
4510 38 4164
4511 37 4144
4512 31 4120
4513 36 4182
4514 53 4140
4515 38 4190
4516 33 4130
4517 0 1
4518 39 4164
4519 58 4172
4520 0 1
4521 30 4114
4522 40 4132
4523 0 1
4524 0 1
4525 37 4137
4526 39 4163
4527 34 4110
4528 38 4194
4529 0 1
4530 0 1
4531 0 1
4532 73 4136
4533 33 4140
4534 0 1
4535 0 1
4536 0 1
4537 0 1
4538 31 4170
4539 56 4216
4540 0 1
4541 36 4184
4542 56 4237
4543 39 4193
4544 85 4159
4545 36 4087
4546 38 4115
4547 94 4196
4548 0 1
4549 0 1
4550 0 1
4551 0 1
4552 33 4150
4553 0 1
4554 0 1
4555 0 1
4556 3 2
4557 32 4190
4558 44 4117
4559 0 1
4560 49 4160
4561 0 1
4562 0 1
4563 45 4167
4564 60 4221
4565 50 4161
4566 0 1
4567 0 1
4568 0 1
4569 0 1
4570 23 2
4571 11 2
4572 101 4175
4573 37 4140
4574 103 4161
4575 37 4167
4576 0 1
4577 30 4201
4578 41 4156
4579 36 4133
4580 31 4148
4581 29 4134
4582 35 4219
4583 0 1
4584 5 2
4585 7 2
4586 36 4199
4587 33 4112
4588 0 1
4589 0 1
4590 30 4213
4591 38 4140
4592 33 4140
4593 0 1
4594 34 4180
4595 38 4132
4596 36 4165
4597 44 4193
4598 36 4194
4599 75 4139
4600 62 4200
4601 43 4152
4602 54 4145
4603 34 4155
4604 36 4163
4605 30 4158
4606 55 4147
4607 0 1
4608 43 4160
4609 39 4194
4610 32 4188
4611 31 4179
4612 0 1
4613 61 4147
4614 35 4170
4615 37 4115
4616 37 4193
4617 61 4186
4618 36 4230
4619 71 4144
4620 20 3
4621 42 4186
4622 61 4166
4623 0 1
4624 43 4140
4625 1 2
4626 32 4154
4627 45 4141
4628 35 4179
4629 0 1
4630 0 1
4631 33 4157
4632 34 4169
4633 0 1
4634 0 1
4635 0 1
4636 35 4154
4637 0 1
4638 31 4138
4639 52 4185
4640 52 4139
4641 34 4179
4642 32 4136
4643 36 4148
4644 50 4187
4645 0 1
4646 53 4182
4647 36 4183
4648 32 4186
4649 37 4109
4650 58 4200
4651 67 4185
4652 38 4197
4653 51 4186
4654 35 4155
4655 0 1
4656 44 4142
4657 0 1
4658 0 1
4659 40 4128
4660 0 1
4661 35 4135
4662 36 4157
4663 38 4122
4664 46 4175
4665 45 4201
4666 0 1
4667 0 1
4668 34 4165
4669 39 4183
4670 39 4187
4671 32 4180
4672 37 4151
4673 39 4167
4674 33 4120
4675 0 1
4676 0 1
4677 45 4155
4678 40 4156
4679 35 4124
4680 35 4181
4681 36 4184
4682 7 2
4683 0 1
4684 36 4130
4685 64 4109
4686 0 1
4687 41 4089
4688 36 4176
4689 36 4172
4690 37 4170
4691 32 4158
4692 0 1
4693 32 4128
4694 37 4175
4695 36 4140
4696 38 4140
4697 0 1
4698 37 4136
4699 46 4161
4700 29 4198
4701 0 1
4702 0 1
4703 47 4185
4704 0 1
4705 0 1
4706 0 1
4707 0 1
4708 0 1
4709 0 1
4710 33 4131
4711 33 4155
4712 35 4192
4713 37 4093
4714 33 4208
4715 60 4195
4716 39 4211
4717 60 4207
4718 0 1
4719 37 4160
4720 34 4154
4721 0 1
4722 35 4192
4723 34 4165
4724 0 1
4725 39 4175
4726 35 4148
4727 36 4160
4728 36 4124
4729 0 1
4730 0 1
4731 0 1
4732 0 1
4733 46 4153
4734 0 1
4735 33 4148
4736 40 4152
4737 33 4148
4738 36 4173
4739 53 4160
4740 59 4158
4741 42 4185
4742 31 4186
4743 32 4174
4744 53 4145
4745 34 4126
4746 47 4177
4747 37 4134
4748 35 4123
4749 0 1
4750 35 4116
4751 52 4117
4752 29 4180
4753 39 4203
4754 35 4108
4755 0 1
4756 0 1
4757 36 4126
4758 0 1
4759 0 1
4760 0 1
4761 0 1
4762 63 4127
4763 46 4161
4764 52 4144
4765 48 4182
4766 33 4217
4767 53 4201
4768 66 4173
4769 39 4209
4770 35 4148
4771 70 4111
4772 36 4174
4773 79 4094
4774 35 4198
4775 56 4154
4776 0 1
4777 0 1
4778 38 4145
4779 29 4194
4780 34 4167
4781 56 4171
4782 48 4132
4783 33 4179
4784 104 4180
4785 0 1
4786 76 4186
4787 0 1
4788 59 2
4789 0 1
4790 0 1
4791 2 2
4792 29 2
4793 0 1
4794 37 4204
4795 41 4153
4796 0 1
4797 0 1
4798 36 4138
4799 37 4110
4800 30 4168
4801 31 4181
4802 58 4102
4803 36 4120
4804 38 4175
4805 0 1
4806 0 1
4807 61 4169
4808 57 4157
4809 36 4185
4810 59 4151
4811 34 4118
4812 0 1
4813 34 4183
4814 0 1
4815 0 1
4816 47 4141
4817 0 1
4818 36 4208
4819 0 1
4820 0 1
4821 0 1
4822 41 4172
4823 0 1
4824 0 1
4825 0 1
4826 32 4169
4827 0 1
4828 0 1
4829 34 4170
4830 39 4123
4831 36 4124
4832 0 1
4833 0 1
4834 36 4178
4835 0 1
4836 0 1
4837 40 4180
4838 29 4121
4839 0 1
4840 52 4144
4841 32 4238
4842 0 1
4843 47 4162
4844 42 4159
4845 33 4175
4846 0 1
4847 45 4134
4848 31 4126
4849 35 4161
4850 37 4165
4851 0 1
4852 114 4107
4853 42 4205
4854 6 2
4855 0 1
4856 0 1
4857 0 1
4858 0 1
4859 69 4150
4860 40 4175
4861 36 4139
4862 0 1
4863 39 2
4864 33 4141
4865 0 1
4866 0 1
4867 37 4149
4868 38 4193
4869 39 4160
4870 32 4192
4871 37 4129
4872 0 1
4873 0 1
4874 38 4186
4875 34 4132
4876 46 4151
4877 35 4126
4878 53 4166
4879 34 4125
4880 53 4107
4881 41 4140
4882 37 4144
4883 35 4197
4884 33 4180
4885 39 4108
4886 41 4159
4887 38 4162
4888 66 4194
4889 46 4121
4890 27 4171
4891 36 4162
4892 37 4183
4893 36 4183
4894 42 4195
4895 34 4117
4896 48 4164
4897 37 4201
4898 31 4139
4899 36 4176
4900 50 4161
4901 36 4202
4902 37 4188
4903 41 4129
4904 47 4142
4905 37 4223
4906 36 4095
4907 44 4199
4908 70 4159
4909 75 4173
4910 35 4144
4911 42 4159
4912 80 4194
4913 42 4138
4914 82 4174
4915 45 4147
4916 44 4160
4917 54 4148
4918 67 4190
4919 32 4173
4920 65 4235
4921 57 4207
4922 53 4171
4923 34 4088
4924 42 4071
4925 38 4171
4926 45 4148
4927 40 4180
4928 0 1
4929 59 4188
4930 4 2
4931 63 2
4932 0 1
4933 37 4183
4934 35 4082
4935 65 4144
4936 0 1
4937 36 4186
4938 58 4158
4939 32 4193
4940 49 4135
4941 37 4148
4942 50 4110
4943 54 4204
4944 0 1
4945 36 4133
4946 72 4180
4947 0 1
4948 73 4106
4949 37 4181
4950 38 4155
4951 0 1
4952 37 4134
4953 34 4109
4954 37 4166
4955 33 4143
4956 50 4155
4957 36 4194
4958 30 4138
4959 0 1
4960 0 1
4961 37 4141
4962 30 4132
4963 54 4182
4964 33 4170
4965 0 1
4966 38 4147
4967 43 4137
4968 36 4178
4969 31 4137
4970 36 4106
4971 0 1
4972 47 4200
4973 33 4209
4974 43 4205
4975 52 4179
4976 45 4142
4977 0 1
4978 37 4180
4979 36 4163
4980 39 4167
4981 72 4178
4982 33 4154
4983 41 4134
4984 35 4120
4985 39 4145
4986 34 4221
4987 31 4159
4988 0 1
4989 36 4152
4990 0 1
4991 0 1
4992 0 1
4993 40 4198
4994 57 4162
4995 0 1
4996 34 4199
4997 0 1
4998 40 4171
4999 34 2
5000 2 2
5001 30 4104
5002 0 1
5003 42 4160
5004 40 4182
5005 32 4185
5006 35 4183
5007 32 4138
5008 38 4188
5009 35 4130
5010 36 4127
5011 38 4161
5012 32 4197
5013 34 4121
5014 82 4148
5015 36 4174
5016 50 4181
5017 39 4187
5018 42 4169
5019 48 4142
5020 29 4134
5021 45 4156
5022 71 4159
5023 41 4192
5024 148 4124
5025 39 4131
5026 34 4188
5027 0 1
5028 42 4141
5029 41 4142
5030 56 4093
5031 50 4103
5032 48 4168
5033 28 4160
5034 47 4125
5035 47 4230
5036 44 4135
5037 50 4157
5038 48 4206
5039 41 4139
5040 55 4161
5041 29 4094
5042 58 4110
5043 47 4164
5044 32 4109
5045 62 4169
5046 62 4154
5047 43 4191
5048 0 1
5049 79 4205
5050 34 4175
5051 78 4154
5052 39 4164
5053 44 4128
5054 44 4198
5055 0 1
5056 32 4164
5057 0 1
5058 37 4181
5059 38 4149
5060 38 4146
5061 35 4188
5062 49 4168
5063 35 4188
5064 59 4150
5065 40 4170
5066 0 1
5067 0 1
5068 33 4161
5069 0 1
5070 0 1
5071 40 4153
5072 41 4200
5073 0 1
5074 0 1
5075 37 4183
5076 39 4171
5077 0 1
5078 0 1
5079 9 2
5080 0 1
5081 0 1
5082 33 4100
5083 35 4168
5084 0 1
5085 52 4208
5086 34 4122
5087 58 4154
5088 6 2
5089 20 2
5090 0 1
5091 41 4206
5092 38 4119
5093 33 4127
5094 35 4206
5095 0 1
5096 41 4118
5097 0 1
5098 0 1
5099 48 4141
5100 0 1
5101 0 1
5102 0 1
5103 0 1
5104 0 1
5105 33 4152
5106 0 1
5107 34 4154
5108 85 4175
5109 53 4152
5110 0 1
5111 47 4162
5112 61 4167
5113 47 4208
5114 4 2
5115 35 2
5116 0 1
5117 66 4173
5118 0 1
5119 32 4169
5120 0 1
5121 0 1
5122 0 1
5123 44 4159
5124 0 1
5125 49 4172
5126 34 4112
5127 54 4115
5128 92 4117
5129 0 1
5130 0 1
5131 2 2
5132 21 2
5133 0 1
5134 33 4153
5135 0 1
5136 32 4187
5137 0 1
5138 35 4173
5139 0 1
5140 0 1
5141 42 4159
5142 0 1
5143 0 1
5144 0 1
5145 32 4233
5146 37 4180
5147 0 1
5148 0 1
5149 70 4194
5150 0 1
5151 0 1
5152 51 4147
5153 0 1
5154 0 1
5155 3 2
5156 12 2
5157 0 1
5158 0 1
5159 39 4128
5160 31 4206
5161 0 1
5162 46 4155
5163 0 1
5164 61 4147
5165 34 4162
5166 0 1
5167 35 4129
5168 0 1
5169 56 4206
5170 0 1
5171 33 4142
5172 0 1
5173 0 1
5174 0 1
5175 35 4187
5176 0 1
5177 0 1
5178 0 1
5179 39 4167
5180 0 1
5181 0 1
5182 0 1
5183 66 4107
5184 38 4178
5185 32 4124
5186 0 1
5187 31 4111
5188 0 1
5189 36 4172
5190 49 4182
5191 0 1
5192 0 1
5193 44 4162
5194 81 4186
5195 77 4190
5196 37 4201
5197 0 1
5198 0 1
5199 0 1
5200 35 4140
5201 76 4170
5202 0 1
5203 0 1
5204 35 4111
5205 37 4121
5206 34 4183
5207 0 1
5208 0 1
5209 42 4165
5210 0 1
5211 0 1
5212 0 1
5213 0 1
5214 0 1
5215 49 4176
5216 33 4193
5217 34 4163
5218 0 1
5219 0 1
5220 39 4210
5221 36 4144
5222 60 4166
5223 0 1
5224 0 1
5225 0 1
5226 6 2
5227 36 4185
5228 40 2
5229 28 2
5230 70 4153
5231 0 1
5232 37 4186
5233 0 1
5234 116 4116
5235 48 4125
5236 53 4171
5237 0 1
5238 52 4146
5239 39 4168
5240 37 4160
5241 33 4170
5242 0 1
5243 31 4132
5244 0 1
5245 31 4186
5246 0 1
5247 40 4190
5248 55 4123
5249 56 4189
5250 0 1
5251 37 4153
5252 75 4123
5253 0 1
5254 0 1
5255 32 4144
5256 40 4133
5257 0 1
5258 113 4162
5259 0 1
5260 40 4198
5261 0 1
5262 0 1
5263 0 1
5264 78 4207
5265 109 4129
5266 29 4162
5267 34 4144
5268 0 1
5269 0 1
5270 52 4198
5271 36 4197
5272 0 1
5273 34 4173
5274 34 4111
5275 0 1
5276 0 1
5277 34 4149
5278 0 1
5279 0 1
5280 0 1
5281 0 1
5282 35 4154
5283 0 1
5284 69 4213
5285 50 4123
5286 51 4168
5287 40 4134
5288 37 4164
5289 68 4125
5290 0 1
5291 61 4199
5292 0 1
5293 0 1
5294 38 4147
5295 30 4200
5296 0 1
5297 0 1
5298 0 1
5299 43 4118
5300 40 4160
5301 0 1
5302 15 2
5303 18 3
5304 0 1
5305 30 4180
5306 79 4108
5307 54 4200
5308 0 1
5309 45 4167
5310 0 1
5311 0 1
5312 0 1
5313 51 4118
5314 36 4127
5315 0 1
5316 38 4159
5317 40 4144
5318 76 4161
5319 56 4157
5320 0 1
5321 57 4092
5322 0 1
5323 0 1
5324 38 4124
5325 120 4224
5326 34 4171
5327 39 4179
5328 36 4120
5329 0 1
5330 9 2
5331 21 2
5332 0 1
5333 0 1
5334 0 1
5335 0 1
5336 83 4131
5337 31 4181
5338 0 1
5339 43 4189
5340 11 2
5341 0 1
5342 0 1
5343 0 1
5344 0 1
5345 42 4139
5346 31 4169
5347 42 4164
5348 30 4152
5349 45 4142
5350 53 4097
5351 0 1
5352 0 1
5353 0 1
5354 0 1
5355 32 4172
5356 43 4178
5357 40 4182
5358 34 4187
5359 73 4155
5360 0 1
5361 38 4129
5362 35 4184
5363 44 4156
5364 0 1
5365 0 1
5366 63 4126
5367 38 4146
5368 0 1
5369 0 1
5370 0 1
5371 57 4179
5372 42 4124
5373 44 4167
5374 63 4164
5375 38 4122
5376 49 4129
5377 0 1
5378 46 4154
5379 0 1
5380 41 4175
5381 0 1
5382 0 1
5383 41 4146
5384 55 4112
5385 57 4126
5386 0 1
5387 42 4183
5388 0 1
5389 35 4097
5390 46 4181
5391 0 1
5392 46 4201
5393 39 4196
5394 48 4160
5395 0 1
5396 0 1
5397 0 1
5398 0 1
5399 43 4171
5400 0 1
5401 0 1
5402 49 4153
5403 36 4156
5404 0 1
5405 0 1
5406 43 4147
5407 45 4198
5408 0 1
5409 0 1
5410 30 4126
5411 33 4112
5412 0 1
5413 0 1
5414 47 4134
5415 0 1
5416 46 4098
5417 0 1
5418 0 1
5419 41 4185
5420 36 4137
5421 46 4172
5422 0 1
5423 0 1
5424 51 4134
5425 38 4177
5426 0 1
5427 61 4173
5428 0 1
5429 63 4165
5430 41 4180
5431 2 2
5432 1 2
5433 0 1
5434 38 4111
5435 40 4144
5436 38 4133
5437 34 4163
5438 0 1
5439 0 1
5440 52 4180
5441 50 4193
5442 40 4150
5443 64 4140
5444 54 4201
5445 0 1
5446 43 4170
5447 68 4131
5448 0 1
5449 0 1
5450 77 4166
5451 34 4186
5452 38 4164
5453 0 1
5454 75 4161
5455 41 4122
5456 0 1
5457 0 1
5458 60 4220
5459 35 4193
5460 28 4130
5461 35 4134
5462 0 1
5463 0 1
5464 0 1
5465 15 2
5466 11 2
5467 34 4074
5468 0 1
5469 46 4173
5470 0 1
5471 62 4149
5472 0 1
5473 0 1
5474 42 4169
5475 33 4139
5476 40 4142
5477 0 1
5478 40 4207
5479 41 4140
5480 0 1
5481 0 1
5482 66 4176
5483 36 4206
5484 0 1
5485 33 4148
5486 47 4158
5487 33 4153
5488 41 4184
5489 31 4124
5490 42 4125
5491 52 4159
5492 37 4156
5493 34 4206
5494 44 4145
5495 56 4177
5496 38 4149
5497 36 4181
5498 0 1
5499 0 1
5500 0 1
5501 32 4192
5502 35 4153
5503 0 1
5504 46 4135
5505 0 1
5506 31 2
5507 5 2
5508 0 1
5509 0 1
5510 35 4104
5511 40 4165
5512 30 4173
5513 37 4164
5514 0 1
5515 33 4104
5516 41 4136
5517 1 2
5518 11 2
5519 0 1
5520 0 1
5521 0 1
5522 0 1
5523 37 4205
5524 38 4184
5525 174 4211
5526 32 4139
5527 44 4154
5528 0 1
5529 0 1
5530 36 4142
5531 0 1
5532 0 1
5533 0 1
5534 78 4180
5535 0 1
5536 0 1
5537 41 4110
5538 0 1
5539 34 4198
5540 59 4165
5541 0 1
5542 0 1
5543 34 4153
5544 0 1
5545 46 4181
5546 0 1
5547 0 1
5548 68 4152
5549 0 1
5550 0 1
5551 41 4171
5552 32 4150
5553 39 4171
5554 32 4216
5555 36 4160
5556 63 4148
5557 40 4164
5558 0 1
5559 23 2
5560 0 1
5561 0 1
5562 59 4139
5563 39 4154
5564 38 4165
5565 53 4166
5566 35 4166
5567 0 1
5568 0 1
5569 0 1
5570 31 4144
5571 0 1
5572 39 4091
5573 0 1
5574 0 1
5575 0 1
5576 0 1
5577 46 4189
5578 0 1
5579 0 1
5580 0 1
5581 59 4131
5582 43 4164
5583 37 4160
5584 0 1
5585 0 1
5586 46 4181
5587 32 4137
5588 0 1
5589 0 1
5590 32 4147
5591 40 4170
5592 0 1
5593 44 4154
5594 0 1
5595 59 4184
5596 0 1
5597 0 1
5598 0 1
5599 0 1
5600 0 1
5601 55 4148
5602 41 4180
5603 37 4192
5604 126 4146
5605 48 4173
5606 46 4143
5607 43 4160
5608 57 4125
5609 47 4119
5610 36 4162
5611 0 1
5612 46 4135
5613 77 4122
5614 44 4195
5615 36 4094
5616 69 4129
5617 0 1
5618 70 4114
5619 46 4194
5620 40 4182
5621 0 1
5622 72 4179
5623 43 4159
5624 89 4166
5625 47 4168
5626 0 1
5627 65 4169
5628 33 4155
5629 51 4205
5630 36 4225
5631 0 1
5632 85 4163
5633 38 4178
5634 80 4170
5635 35 4194
5636 41 4194
5637 134 4184
5638 33 4210
5639 45 4138
5640 36 4172
5641 45 4186
5642 35 4150
5643 0 1
5644 34 4117
5645 68 4145
5646 71 4171
5647 66 4128
5648 0 1
5649 0 1
5650 0 1
5651 0 1
5652 76 4139
5653 0 1
5654 0 1
5655 0 1
5656 38 4195
5657 41 4149
5658 42 4152
5659 51 4179
5660 34 4184
5661 33 4159
5662 59 4119
5663 31 4149
5664 0 1
5665 35 4122
5666 106 4155
5667 0 1
5668 37 4163
5669 0 1
5670 0 1
5671 0 1
5672 123 4136
5673 0 1
5674 47 4197
5675 0 1
5676 0 1
5677 0 1
5678 0 1
5679 42 4136
5680 36 4168
5681 0 1
5682 0 1
5683 40 4170
5684 0 1
5685 49 4171
5686 0 1
5687 38 4134
5688 0 1
5689 49 4093
5690 40 4240
5691 99 4168
5692 33 4163
5693 67 4146
5694 0 1
5695 0 1
5696 0 1
5697 33 4165
5698 0 1
5699 0 1
5700 0 1
5701 42 4181
5702 0 1
5703 0 1
5704 35 4213
5705 35 4091
5706 34 4136
5707 0 1
5708 0 1
5709 35 4156
5710 69 4142
5711 38 4138
5712 0 1
5713 41 4196
5714 0 1
5715 27 4141
5716 31 4166
5717 67 4176
5718 0 1
5719 0 1
5720 35 4194
5721 41 4197
5722 37 4193
5723 86 4198
5724 44 4150
5725 0 1
5726 0 1
5727 0 1
5728 17 2
5729 5 2
5730 52 4199
5731 37 4101
5732 0 1
5733 0 1
5734 0 1
5735 36 4155
5736 56 4158
5737 52 4162
5738 76 4206
5739 46 4174
5740 59 4131
5741 43 4191
5742 49 4172
5743 93 4205
5744 40 4127
5745 43 4153
5746 0 1
5747 0 1
5748 36 4149
5749 0 1
5750 0 1
5751 0 1
5752 0 1
5753 0 1
5754 0 1
5755 0 1
5756 40 4209
5757 0 1
5758 0 1
5759 0 1
5760 38 4155
5761 152 4118
5762 0 1
5763 46 4143
5764 0 1
5765 0 1
5766 5 2
5767 31 4110
5768 0 1
5769 47 4121
5770 0 1
5771 0 1
5772 0 1
5773 0 1
5774 0 1
5775 0 1
5776 0 1
5777 30 4171
5778 42 4222
5779 57 4149
5780 0 1
5781 55 4128
5782 0 1
5783 66 4151
5784 35 4095
5785 158 4199
5786 43 4152
5787 64 4177
5788 0 1
5789 0 1
5790 34 4174
5791 0 1
5792 0 1
5793 37 4176
5794 33 4161
5795 0 1
5796 0 1
5797 0 1
5798 0 1
5799 0 1
5800 0 1
5801 0 1
5802 37 4166
5803 44 4146
5804 47 4175
5805 62 4126
5806 34 4213
5807 0 1
5808 37 4136
5809 40 4172
5810 0 1
5811 0 1
5812 0 1
5813 0 1
5814 31 4157
5815 0 1
5816 0 1
5817 52 4106
5818 0 1
5819 38 4139
5820 55 4152
5821 35 4188
5822 0 1
5823 34 4147
5824 0 1
5825 44 4162
5826 97 4177
5827 73 4150
5828 0 1
5829 0 1
5830 0 1
5831 0 1
5832 36 4140
5833 37 4178
5834 0 1
5835 0 1
5836 47 4121
5837 42 4197
5838 0 1
5839 36 4166
5840 37 4103
5841 0 1
5842 0 1
5843 0 1
5844 34 4141
5845 0 1
5846 0 1
5847 90 4160
5848 141 4160
5849 47 4135
5850 0 1
5851 58 4184
5852 0 1
5853 0 1
5854 42 4179
5855 42 4141
5856 0 1
5857 32 4157
5858 0 1
5859 72 4143
5860 38 4121
5861 47 4180
5862 0 1
5863 27 4122
5864 0 1
5865 0 1
5866 0 1
5867 39 4179
5868 47 4092
5869 0 1
5870 41 4166
5871 34 4142
5872 0 1
5873 0 1
5874 0 1
5875 35 4136
5876 0 1
5877 45 4170
5878 34 4169
5879 31 4133
5880 0 1
5881 56 4149
5882 0 1
5883 37 4169
5884 0 1
5885 0 1
5886 31 4145
5887 37 4154
5888 0 1
5889 0 1
5890 0 1
5891 0 1
5892 0 1
5893 59 4096
5894 0 1
5895 0 1
5896 0 1
5897 0 1
5898 36 4150
5899 41 4158
5900 0 1
5901 0 1
5902 0 1
5903 41 4135
5904 38 4119
5905 0 1
5906 0 1
5907 0 1
5908 39 4183
5909 34 4205
5910 70 4194
5911 0 1
5912 0 1
5913 0 1
5914 0 1
5915 0 1
5916 0 1
5917 88 4146
5918 45 4183
5919 51 4161
5920 49 4124
5921 0 1
5922 33 4132
5923 43 4126
5924 34 4086
5925 34 4164
5926 56 4165
5927 36 4156
5928 41 4149
5929 0 1
5930 0 1
5931 0 1
5932 28 4194
5933 0 1
5934 0 1
5935 0 1
5936 43 4141
5937 0 1
5938 32 4192
5939 0 1
5940 0 1
5941 0 1
5942 41 4173
5943 31 4152
5944 35 4141
5945 37 4201
5946 110 4119
5947 0 1
5948 0 1
5949 29 4160
5950 0 1
5951 57 4174
5952 0 1
5953 34 4157
5954 40 4114
5955 72 4190
5956 0 1
5957 11 2
5958 19 2
5959 42 4195
5960 0 1
5961 0 1
5962 0 1
5963 0 1
5964 35 4141
5965 42 4163
5966 64 4161
5967 41 4170
5968 41 4188
5969 0 1
5970 72 4165
5971 57 4141
5972 69 4130
5973 78 4112
5974 50 4132
5975 0 1
5976 0 1
5977 0 1
5978 60 4146
5979 65 4146
5980 71 4202
5981 0 1
5982 0 1
5983 0 1
5984 43 4188
5985 0 1
5986 0 1
5987 0 1
5988 0 1
5989 38 4129
5990 0 1
5991 0 1
5992 0 1
5993 43 4105
5994 43 4157
5995 37 4151
5996 0 1
5997 0 1
5998 0 1
5999 50 4149
6000 35 4202
6001 61 4161
6002 44 4176
6003 39 4185
6004 44 4094
6005 33 4142
6006 0 1
6007 44 4126
6008 0 1
6009 63 4169
6010 43 4161
6011 0 1
6012 2 2
6013 0 1
6014 36 4164
6015 0 1
6016 0 1
6017 0 1
6018 41 4104
6019 0 1
6020 39 4134
6021 58 4139
6022 0 1
6023 0 1
6024 0 1
6025 50 4154
6026 0 1
6027 0 1
6028 0 1
6029 0 1
6030 0 1
6031 0 1
6032 0 1
6033 0 1
6034 0 1
6035 67 4186
6036 35 4102
6037 64 4122
6038 3 2
6039 35 4156
6040 62 4216
6041 0 1
6042 39 4159
6043 0 1
6044 0 1
6045 52 4134
6046 0 1
6047 44 4197
6048 0 1
6049 0 1
6050 0 1
6051 0 1
6052 0 1
6053 0 1
6054 0 1
6055 0 1
6056 98 4215
6057 56 4153
6058 0 1
6059 0 1
6060 0 1
6061 0 1
6062 54 4187
6063 31 4172
6064 33 4159
6065 0 1
6066 0 1
6067 51 4164
6068 42 4157
6069 34 4144
6070 0 1
6071 0 1
6072 39 4174
6073 37 4184
6074 51 4100
6075 41 4151
6076 0 1
6077 46 4190
6078 0 1
6079 0 1
6080 5 2
6081 3 2
6082 0 1
6083 47 4202
6084 0 1
6085 41 4182
6086 0 1
6087 0 1
6088 0 1
6089 0 1
6090 0 1
6091 0 1
6092 63 4184
6093 0 1
6094 0 1
6095 37 4174
6096 43 4123
6097 0 1
6098 52 4169
6099 36 4178
6100 0 1
6101 38 4168
6102 0 1
6103 0 1
6104 28 2
6105 0 1
6106 0 1
6107 98 4098
6108 0 1
6109 60 4105
6110 38 4154
6111 32 4187
6112 0 1
6113 0 1
6114 0 1
6115 0 1
6116 0 1
6117 0 1
6118 33 4143
6119 0 1
6120 0 1
6121 125 4166
6122 38 4207
6123 71 4139
6124 42 4174
6125 49 4167
6126 0 1
6127 40 4120
6128 36 4155
6129 42 4149
6130 0 1
6131 32 4106
6132 0 1
6133 34 4151
6134 0 1
6135 40 4186
6136 0 1
6137 0 1
6138 34 4167
6139 0 1
6140 34 4177
6141 0 1
6142 0 1
6143 39 4174
6144 41 4153
6145 0 1
6146 0 1
6147 60 4148
6148 7 2
6149 41 2
6150 0 1
6151 0 1
6152 0 1
6153 0 1
6154 45 4176
6155 46 4136
6156 0 1
6157 0 1
6158 35 4200
6159 35 4159
6160 0 1
6161 0 1
6162 0 1
6163 46 4226
6164 90 4106
6165 31 4147
6166 36 4134
6167 44 4153
6168 50 4164
6169 37 4133
6170 39 2
6171 14 2
6172 34 4161
6173 0 1
6174 49 4171
6175 0 1
6176 0 1
6177 0 1
6178 53 4126
6179 39 4131
6180 0 1
6181 0 1
6182 37 4158
6183 0 1
6184 0 1
6185 51 4130
6186 48 4090
6187 0 1
6188 0 1
6189 0 1
6190 31 4131
6191 42 4148
6192 33 4174
6193 0 1
6194 0 1
6195 0 1
6196 31 4155
6197 0 1
6198 0 1
6199 0 1
6200 0 1
6201 0 1
6202 0 1
6203 66 4150
6204 0 1
6205 0 1
6206 0 1
6207 35 4159
6208 0 1
6209 0 1
6210 0 1
6211 0 1
6212 12 2
6213 10 2
6214 0 1
6215 0 1
6216 0 1
6217 0 1
6218 41 4147
6219 0 1
6220 69 2
6221 34 4204
6222 48 4161
6223 0 1
6224 61 4136
6225 65 4157
6226 0 1
6227 0 1
6228 0 1
6229 0 1
6230 0 1
6231 37 4136
6232 0 1
6233 76 4123
6234 31 4141
6235 0 1
6236 38 4154
6237 34 4150
6238 0 1
6239 0 1
6240 0 1
6241 1 2
6242 75 4187
6243 0 1
6244 35 4174
6245 0 1
6246 80 4207
6247 0 1
6248 48 4141
6249 0 1
6250 0 1
6251 36 4144
6252 0 1
6253 0 1
6254 0 1
6255 0 1
6256 0 1
6257 54 4143
6258 91 4173
6259 0 1
6260 0 1
6261 84 4148
6262 60 4139
6263 0 1
6264 0 1
6265 117 4162
6266 0 1
6267 34 4177
6268 0 1
6269 0 1
6270 0 1
6271 0 1
6272 0 1
6273 0 1
6274 0 1
6275 40 4170
6276 53 4131
6277 47 4176
6278 39 4147
6279 92 4199
6280 65 4149
6281 51 4134
6282 80 4094
6283 79 4189
6284 62 4160
6285 73 4152
6286 65 4193
6287 37 4161
6288 52 4176
6289 44 4189
6290 57 4165
6291 37 4172
6292 66 4126
6293 43 4142
6294 37 4176
6295 0 1
6296 0 1
6297 0 1
6298 0 1
6299 31 4165
6300 0 1
6301 0 1
6302 44 4169
6303 32 4148
6304 0 1
6305 0 1
6306 66 4164
6307 0 1
6308 0 1
6309 34 4201
6310 0 1
6311 49 4201
6312 0 1
6313 1 2
6314 6 2
6315 54 4158
6316 0 1
6317 0 1
6318 0 1
6319 0 1
6320 52 4101
6321 37 4135
6322 38 4154
6323 0 1
6324 0 1
6325 0 1
6326 28 4134
6327 62 4126
6328 4 2
6329 43 2
6330 48 4217
6331 45 4139
6332 93 4166
6333 56 4166
6334 0 1
6335 0 1
6336 0 1
6337 34 4135
6338 36 4169
6339 0 1
6340 0 1
6341 39 4204
6342 0 1
6343 60 4132
6344 42 4179
6345 0 1
6346 33 4189
6347 0 1
6348 0 1
6349 0 1
6350 0 1
6351 0 1
6352 0 1
6353 0 1
6354 5 2
6355 4 2
6356 0 1
6357 0 1
6358 37 4155
6359 34 4163
6360 0 1
6361 0 1
6362 36 4084
6363 40 4166
6364 0 1
6365 42 4167
6366 75 4151
6367 0 1
6368 0 1
6369 0 1
6370 35 4125
6371 0 1
6372 0 1
6373 44 4179
6374 0 1
6375 18 2
6376 0 1
6377 52 4148
6378 0 1
6379 0 1
6380 41 4162
6381 0 1
6382 37 4174
6383 0 1
6384 0 1
6385 0 1
6386 40 4170
6387 0 1
6388 0 1
6389 0 1
6390 0 1
6391 0 1
6392 0 1
6393 0 1
6394 0 1
6395 0 1
6396 0 1
6397 0 1
6398 0 1
6399 0 1
6400 0 1
6401 48 4138
6402 0 1
6403 0 1
6404 44 4116
6405 0 1
6406 0 1
6407 0 1
6408 21 2
6409 14 2
6410 0 1
6411 38 4163
6412 51 4170
6413 0 1
6414 0 1
6415 48 4185
6416 0 1
6417 0 1
6418 0 1
6419 0 1
6420 0 1
6421 0 1
6422 0 1
6423 0 1
6424 31 4177
6425 0 1
6426 0 1
6427 33 4156
6428 0 1
6429 0 1
6430 63 4169
6431 0 1
6432 104 4092
6433 43 4152
6434 71 4150
6435 0 1
6436 0 1
6437 41 4175
6438 0 1
6439 0 1
6440 38 4083
6441 39 4154
6442 33 4169
6443 0 1
6444 0 1
6445 29 4130
6446 0 1
6447 56 4130
6448 36 4179
6449 0 1
6450 0 1
6451 59 4196
6452 30 4149
6453 0 1
6454 0 1
6455 0 1
6456 41 4133
6457 0 1
6458 36 4139
6459 0 1
6460 0 1
6461 0 1
6462 40 4137
6463 44 4161
6464 0 1
6465 0 1
6466 35 4167
6467 157 4193
6468 42 4123
6469 22 2
6470 103 2
6471 94 4155
6472 0 1
6473 0 1
6474 0 1
6475 0 1
6476 0 1
6477 0 1
6478 0 1
6479 0 1
6480 41 4099
6481 0 1
6482 0 1
6483 0 1
6484 0 1
6485 0 1
6486 0 1
6487 0 1
6488 54 4096
6489 0 1
6490 52 4170
6491 45 4127
6492 0 1
6493 0 1
6494 0 1
6495 0 1
6496 0 1
6497 0 1
6498 0 1
6499 37 4123
6500 4 2
6501 3 2
6502 0 1
6503 0 1
6504 0 1
6505 44 4147
6506 0 1
6507 51 4085
6508 36 4171
6509 0 1
6510 0 1
6511 0 1
6512 0 1
6513 0 1
6514 0 1
6515 0 1
6516 0 1
6517 0 1
6518 47 4153
6519 0 1
6520 0 1
6521 0 1
6522 0 1
6523 0 1
6524 37 4144
6525 0 1
6526 0 1
6527 0 1
6528 34 4212
6529 0 1
6530 97 4145
6531 41 4144
6532 0 1
6533 0 1
6534 0 1
6535 0 1
6536 0 1
6537 0 1
6538 0 1
6539 54 4147
6540 6 2
6541 27 2
6542 54 4168
6543 43 4140
6544 53 4144
6545 37 4158
6546 0 1
6547 0 1
6548 37 4143
6549 0 1
6550 37 4113
