0 33 4171
1 38 4171
2 38 4130
3 31 4193
4 30 4148
5 30 4181
6 33 4132
7 35 4153
8 29 4161
9 66 4163
10 30 4176
11 37 4154
12 32 4182
13 34 4156
14 30 4177
15 30 4105
16 31 4147
17 35 4178
18 32 4192
19 33 4195
20 34 4174
21 31 4134
22 30 4202
23 0 1
24 34 4175
25 32 4142
26 31 4154
27 44 4159
28 38 4128
29 32 4179
30 34 4151
31 31 4193
32 32 4110
33 29 4139
34 36 4144
35 0 1
36 34 4218
37 38 4199
38 31 4122
39 34 4169
40 37 4112
41 34 4110
42 32 4207
43 30 4144
44 32 4134
45 30 4136
46 0 1
47 34 4143
48 32 4187
49 34 4178
50 33 4128
51 28 4133
52 32 4195
53 42 4199
54 29 4135
55 34 4176
56 33 4182
57 31 4153
58 33 4162
59 30 4144
60 32 4130
61 33 4116
62 33 4191
63 37 4197
64 32 4199
65 32 4150
66 32 4174
67 33 4208
68 35 4138
69 30 4172
70 32 4175
71 33 4138
72 33 4179
73 34 4160
74 33 4093
75 57 4170
76 0 1
77 37 4171
78 37 4153
79 30 4169
80 34 4147
81 32 4181
82 34 4180
83 33 4198
84 35 4168
85 33 4137
86 32 4165
87 34 4173
88 33 4181
89 32 4192
90 32 4164
91 31 4204
92 31 4183
93 31 4141
94 31 4150
95 35 4204
96 35 4173
97 33 4187
98 32 4166
99 31 4166
100 37 4121
101 31 4168
102 28 4151
103 33 4142
104 30 4169
105 34 4193
106 32 4181
107 30 4123
108 33 4101
109 28 4169
110 30 4146
111 33 4131
112 32 4192
113 35 4200
114 41 4162
115 32 4164
116 41 4192
117 33 4139
118 33 4176
119 48 4172
120 32 4128
121 33 4143
122 75 4088
123 34 4149
124 36 4170
125 33 4207
126 35 4140
127 33 4178
128 33 4208
129 0 1
130 47 4138
131 51 4181
132 33 4178
133 31 4137
134 37 4147
135 48 4191
136 31 4161
137 30 4136
138 44 4124
139 43 4118
140 32 4144
141 33 4219
142 38 4187
143 32 4188
144 35 4164
145 51 4153
146 36 4155
147 32 4137
148 0 1
149 46 4149
150 36 4181
151 0 1
152 36 4111
153 36 4126
154 42 4168
155 44 4142
156 31 4183
157 53 4214
158 37 4113
159 59 4186
160 43 4200
161 32 4164
162 27 4170
163 29 4146
164 33 4134
165 31 4135
166 31 4103
167 38 4134
168 40 4186
169 41 4174
170 30 4179
171 32 4182
172 33 4177
173 29 4185
174 31 4194
175 35 4088
176 36 4190
177 32 4150
178 0 1
179 37 4169
180 37 4171
181 34 4180
182 33 4141
183 34 4176
184 33 4190
185 29 4175
186 36 4195
187 34 4179
188 31 4144
189 0 1
190 32 4160
191 39 4129
192 34 4174
193 25 4182
194 31 4191
195 39 4167
196 32 4163
197 29 4182
198 35 4184
199 31 4103
200 36 4211
201 32 4088
202 32 4142
203 32 4145
204 31 4241
205 42 4209
206 34 4174
207 34 4182
208 30 4162
209 31 4161
210 29 4206
211 33 4115
212 33 4133
213 28 4137
214 28 4168
215 35 4145
216 38 4163
217 44 4161
218 33 4131
219 36 4225
220 33 4166
221 37 4201
222 47 4183
223 32 4190
224 31 4152
225 44 4103
226 36 4135
227 41 4171
228 35 4129
229 31 4192
230 34 4165
231 30 4173
232 30 4173
233 30 4146
234 32 4191
235 41 4173
236 31 4182
237 36 4150
238 31 4133
239 30 4120
240 31 4146
241 29 4191
242 33 4172
243 41 4175
244 35 4139
245 31 4156
246 44 4159
247 32 4137
248 74 4113
249 31 4158
250 34 4149
251 33 4137
252 42 4208
253 38 4144
254 32 4215
255 57 4150
256 35 4130
257 34 4203
258 33 4138
259 41 4161
260 36 4159
261 35 4145
262 33 4135
263 41 4171
264 30 4166
265 0 1
266 31 4180
267 0 1
268 35 4198
269 47 4176
270 26 4153
271 34 4200
272 29 4125
273 28 4188
274 45 4136
275 34 4165
276 32 4133
277 39 4096
278 32 4209
279 33 4155
280 30 4141
281 27 4160
282 29 4152
283 31 4124
284 32 4151
285 31 4155
286 30 4166
287 53 4199
288 42 4131
289 31 4177
290 32 4099
291 35 4156
292 39 4187
293 31 4138
294 34 4177
295 30 4207
296 33 4220
297 34 4170
298 0 1
299 0 1
300 32 4132
301 37 4180
302 27 4145
303 30 4166
304 35 4203
305 31 4158
306 32 4133
307 31 4177
308 33 4200
309 34 4131
310 34 4226
311 35 4125
312 70 4177
313 32 4231
314 48 4159
315 33 4213
316 32 4133
317 29 4116
318 38 4135
319 30 4174
320 36 4175
321 33 4175
322 29 4147
323 32 4176
324 34 4135
325 33 4180
326 33 4177
327 29 4201
328 33 4165
329 32 4151
330 33 4188
331 37 4119
332 30 4139
333 32 4093
334 33 4218
335 35 4135
336 37 4144
337 66 4193
338 45 4163
339 0 1
340 45 4184
341 37 4123
342 32 4181
343 37 4199
344 29 4218
345 36 4175
346 0 1
347 30 4108
348 31 4165
349 34 4165
350 31 4182
351 30 4160
352 30 4135
353 0 1
354 33 4143
355 35 4163
356 32 4164
357 33 4200
358 35 4146
359 55 4143
360 31 4142
361 30 4115
362 32 4188
363 32 4173
364 0 1
365 0 1
366 0 1
367 0 1
368 55 4174
369 41 4134
370 0 1
371 30 4193
372 29 4184
373 34 4137
374 32 4131
375 34 4164
376 37 4194
377 30 4129
378 29 4131
379 5 2
380 0 1
381 33 4207
382 39 4124
383 35 4210
384 32 4161
385 62 4194
386 34 4118
387 36 4172
388 37 4146
389 34 4170
390 33 4133
391 35 4177
392 42 4149
393 32 4215
394 0 1
395 0 1
396 36 4173
397 33 4096
398 29 4173
399 34 4152
400 46 4176
401 37 4177
402 40 4159
403 37 4144
404 34 4150
405 37 4204
406 35 4163
407 29 4159
408 31 4169
409 38 4128
410 45 4194
411 37 4179
412 32 4085
413 36 4147
414 40 4178
415 35 4177
416 31 4202
417 31 4142
418 43 4129
419 0 1
420 31 4199
421 39 4214
422 36 4159
423 31 4145
424 31 4165
425 29 4118
426 33 4198
427 32 4137
428 32 4124
429 35 4218
430 28 4138
431 32 4199
432 33 4131
433 34 4149
434 28 4164
435 28 4145
436 30 4165
437 30 4194
438 32 4163
439 35 4175
440 31 4155
441 32 4193
442 37 4199
443 34 4093
444 32 4128
445 0 1
446 0 1
447 39 4126
448 35 4188
449 33 4146
450 32 4171
451 37 4136
452 34 4200
453 34 4144
454 0 1
455 37 4165
456 33 4175
457 0 1
458 0 1
459 35 4179
460 32 4132
461 33 4165
462 34 4155
463 34 4188
464 36 4190
465 31 4194
466 31 4193
467 29 4221
468 32 4223
469 55 4199
470 33 4166
471 45 4130
472 44 4155
473 32 4187
474 42 4097
475 51 4130
476 29 4172
477 37 4181
478 34 4060
479 35 4107
480 28 4164
481 32 4184
482 33 4187
483 50 4172
484 31 4100
485 40 4144
486 32 4169
487 34 4119
488 35 4153
489 46 4189
490 36 4132
491 29 4172
492 37 4170
493 67 4158
494 35 4184
495 44 4130
496 32 4201
497 31 4109
498 33 4158
499 37 4143
500 33 4205
501 66 4168
502 37 4145
503 39 4185
504 43 4115
505 32 4190
506 30 4137
507 47 4131
508 87 4170
509 35 4143
510 30 4141
511 32 4156
512 36 4190
513 31 4139
514 33 4112
515 32 4171
516 29 4129
517 33 4183
518 37 4111
519 0 1
520 51 4208
521 30 4115
522 33 4180
523 30 4230
524 34 4126
525 32 4150
526 37 4178
527 32 4102
528 40 4197
529 31 4104
530 32 4140
531 29 4177
532 35 4162
533 35 4146
534 34 4164
535 28 4163
536 28 4156
537 37 4154
538 43 4184
539 33 4125
540 34 4164
541 31 4168
542 33 4186
543 38 4164
544 32 4160
545 31 4196
546 32 4175
547 36 4139
548 31 4200
549 38 4078
550 35 4210
551 35 4157
552 36 4135
553 32 4155
554 29 4186
555 30 4164
556 43 4165
557 37 4190
558 38 4176
559 46 4094
560 36 4107
561 31 4180
562 39 4177
563 51 4132
564 36 4133
565 0 1
566 0 1
567 57 4164
568 33 4165
569 37 4160
570 40 4170
571 33 4175
572 35 4126
573 29 4143
574 34 4230
575 28 4175
576 33 4180
577 31 4172
578 28 4168
579 32 4142
580 35 4146
581 30 4133
582 29 4192
583 33 4172
584 41 4182
585 29 4154
586 28 4164
587 31 4127
588 33 4183
589 37 4123
590 32 4184
591 36 4178
592 31 4100
593 30 4206
594 35 4170
595 29 4159
596 31 4149
597 30 4183
598 32 4135
599 28 4145
600 33 4121
601 31 4120
602 32 4187
603 29 4192
604 33 4189
605 28 4135
606 36 4197
607 35 4190
608 29 4185
609 28 4130
610 50 4163
611 29 4180
612 31 4185
613 30 4189
614 26 4146
615 59 4201
616 29 4172
617 32 4107
618 33 4205
619 28 4161
620 33 4168
621 33 4176
622 36 4145
623 32 4131
624 30 4103
625 36 4192
626 35 4193
627 29 4175
628 32 4165
629 32 4151
630 35 4113
631 29 4197
632 31 4155
633 35 4158
634 86 4197
635 33 4137
636 30 4178
637 32 4197
638 33 4141
639 37 4141
640 34 4174
641 34 4165
642 30 4122
643 33 4166
644 31 4166
645 31 4145
646 29 4139
647 35 4208
648 32 4172
649 32 4214
650 32 4154
651 34 4151
652 28 4168
653 35 4153
654 34 4144
655 33 4202
656 29 4206
657 32 4176
658 32 4153
659 45 2
660 42 4179
661 9 2
662 2 2
663 0 1
664 0 1
665 37 4186
666 36 4117
667 35 4122
668 34 4159
669 34 4187
670 39 4187
671 33 4201
672 30 4137
673 39 4172
674 35 4161
675 34 4182
676 31 4152
677 34 4121
678 30 4202
679 33 4161
680 34 4137
681 32 4155
682 29 4109
683 0 1
684 46 4149
685 44 4180
686 0 1
687 0 1
688 0 1
689 54 2
690 20 2
691 0 1
692 0 1
693 32 4175
694 36 4177
695 31 4189
696 36 4195
697 33 4154
698 32 4130
699 33 4169
700 34 4184
701 38 4109
702 31 4147
703 37 4123
704 33 4138
705 37 4176
706 36 4202
707 30 4150
708 35 4151
709 32 4148
710 30 4163
711 29 4152
712 33 4137
713 31 4140
714 29 4190
715 32 4213
716 30 4155
717 28 4117
718 33 4118
719 34 4153
720 31 4137
721 31 4183
722 33 4147
723 35 4164
724 37 4176
725 44 4147
726 32 4190
727 31 4197
728 33 4182
729 53 4104
730 0 1
731 0 1
732 0 1
733 31 4124
734 30 4181
735 31 4110
736 37 4199
737 33 4109
738 35 4189
739 33 4143
740 31 4146
741 34 4159
742 29 4146
743 0 1
744 85 4179
745 28 4180
746 35 4205
747 36 4147
748 31 4098
749 32 4193
750 31 4201
751 73 4156
752 34 4174
753 0 1
754 0 1
755 7 2
756 29 4136
757 34 4185
758 33 4160
759 31 4150
760 40 4185
761 30 4185
762 37 4166
763 29 4102
764 0 1
765 33 4165
766 32 4121
767 34 4173
768 0 1
769 35 4127
770 53 4159
771 33 4164
772 29 4173
773 31 4195
774 33 4174
775 32 4156
776 32 4222
777 34 4159
778 34 4100
779 29 4084
780 40 4112
781 0 1
782 37 4178
783 30 4144
784 30 4164
785 35 4148
786 29 4188
787 33 4139
788 30 4209
789 31 4177
790 31 4181
791 32 4159
792 28 4154
793 30 4149
794 33 4198
795 36 4189
796 30 4115
797 43 4152
798 34 4141
799 31 4143
800 31 4168
801 31 4111
802 32 4129
803 30 4166
804 31 4160
805 28 4134
806 31 4217
807 27 4133
808 32 4159
809 34 4116
810 33 4144
811 33 4138
812 32 4186
813 41 4193
814 40 4136
815 0 1
816 0 1
817 0 1
818 37 4211
819 37 4176
820 32 4141
821 32 4173
822 0 1
823 34 4086
824 33 4178
825 35 4163
826 34 4176
827 0 1
828 32 4170
829 24 4130
830 33 4145
831 0 1
832 33 4178
833 34 4214
834 34 4183
835 30 4186
836 28 4148
837 45 4192
838 0 1
839 30 4185
840 33 4193
841 31 4177
842 34 4219
843 30 4193
844 34 4143
845 33 4154
846 0 1
847 41 4163
848 36 4149
849 32 4112
850 36 4168
851 33 4218
852 32 4146
853 31 4140
854 34 4161
855 36 4119
856 32 4175
857 28 4120
858 32 4196
859 31 4144
860 29 4126
861 32 4164
862 28 4146
863 34 4107
864 37 4057
865 33 4167
866 0 1
867 35 4170
868 36 4138
869 36 4153
870 82 4218
871 36 4199
872 36 4147
873 0 1
874 90 4142
875 38 4130
876 36 4133
877 32 4100
878 35 4178
879 31 4181
880 32 4176
881 29 4173
882 29 4177
883 0 1
884 33 4140
885 34 4157
886 28 4161
887 32 4183
888 38 4213
889 30 4194
890 29 4101
891 30 4160
892 30 4170
893 34 4151
894 41 4118
895 77 4118
896 33 4147
897 33 4195
898 35 4176
899 37 4178
900 32 4140
901 37 4145
902 35 4176
903 32 4170
904 29 4195
905 36 4148
906 36 4253
907 39 4171
908 31 4109
909 35 4149
910 32 4196
911 26 4163
912 33 4157
913 32 4196
914 30 4191
915 32 4211
916 33 4151
917 34 4117
918 31 4210
919 33 4170
920 34 4187
921 31 4103
922 31 4083
923 33 4153
924 29 4142
925 31 4112
926 34 4100
927 35 4175
928 32 4164
929 41 4202
930 41 4144
931 83 4173
932 30 4170
933 32 4133
934 35 4153
935 34 4136
936 34 4184
937 34 4152
938 33 4145
939 70 4158
940 36 4118
941 37 4183
942 33 4195
943 31 4126
944 35 4163
945 35 4152
946 30 4128
947 32 4154
948 29 4223
949 28 4202
950 37 4197
951 32 4117
952 37 4109
953 32 4143
954 29 4173
955 31 4132
956 36 4164
957 29 4142
958 39 4206
959 33 4120
960 30 4200
961 33 4160
962 34 4140
963 34 4185
964 30 4148
965 34 4166
966 36 4146
967 34 4183
968 31 4112
969 35 4183
970 31 4193
971 31 4147
972 30 4158
973 39 4172
974 36 4172
975 40 4168
976 36 4204
977 37 4199
978 32 4158
979 98 4158
980 38 4155
981 28 4122
982 33 4157
983 32 4127
984 34 4158
985 28 4102
986 32 4159
987 31 4148
988 32 4143
989 31 4154
990 34 4133
991 38 4188
992 32 4170
993 36 4158
994 28 4153
995 32 4145
996 30 4191
997 33 4213
998 43 4131
999 33 4179
1000 32 4203
1001 30 4181
1002 30 4116
1003 37 4195
1004 33 4153
1005 65 4162
1006 59 4150
1007 39 4146
1008 33 4124
1009 38 4190
1010 32 4181
1011 34 4134
1012 0 1
1013 0 1
1014 57 4138
1015 32 4155
1016 28 4188
1017 32 4123
1018 30 4133
1019 30 4161
1020 35 4198
1021 31 4161
1022 31 4140
1023 32 4131
1024 31 4158
1025 32 4196
1026 32 4170
1027 31 4178
1028 36 4149
1029 31 4201
1030 31 4160
1031 35 4163
1032 29 4144
1033 35 4159
1034 38 4175
1035 38 4181
1036 36 4155
1037 33 4183
1038 36 4151
1039 35 4120
1040 33 4160
1041 30 4137
1042 32 4155
1043 62 4085
1044 30 4138
1045 32 4158
1046 33 4100
1047 38 4142
1048 32 4138
1049 34 4162
1050 32 4160
1051 30 4148
1052 31 4105
1053 0 1
1054 38 4182
1055 32 4155
1056 32 4170
1057 32 4143
1058 13 2
1059 34 4172
1060 36 4143
1061 36 4147
1062 45 4217
1063 34 4216
1064 35 4138
1065 33 4193
1066 36 4175
1067 31 4135
1068 29 4155
1069 36 4131
1070 35 4133
1071 35 4184
1072 33 4176
1073 29 4176
1074 33 4162
1075 33 4190
1076 33 4137
1077 32 4154
1078 30 4167
1079 31 4083
1080 30 4180
1081 35 4161
1082 38 4203
1083 32 4179
1084 29 4221
1085 33 4229
1086 33 4161
1087 40 4153
1088 34 4104
1089 32 4179
1090 32 4140
1091 34 4164
1092 29 4154
1093 32 4160
1094 0 1
1095 0 1
1096 30 4178
1097 0 1
1098 0 1
1099 33 4196
1100 31 4172
1101 0 1
1102 0 1
1103 33 4157
1104 42 4166
1105 26 4188
1106 31 4155
1107 35 4220
1108 32 4161
1109 30 4176
1110 37 4126
1111 36 4165
1112 33 4143
1113 32 4208
1114 29 4182
1115 30 4093
1116 34 4160
1117 0 1
1118 39 4198
1119 0 1
1120 92 4194
1121 30 4133
1122 28 4144
1123 34 4151
1124 33 4155
1125 27 4175
1126 35 4177
1127 0 1
1128 55 2
1129 89 2
1130 0 1
1131 32 4174
1132 34 4227
1133 35 4158
1134 31 4107
1135 35 4184
1136 30 4180
1137 48 4145
1138 32 4120
1139 0 1
1140 0 1
1141 35 4160
1142 0 1
1143 41 4194
1144 32 4179
1145 0 1
1146 32 4156
1147 78 4164
1148 31 4151
1149 40 4147
1150 35 4163
1151 38 4158
1152 34 4131
1153 31 4169
1154 37 4158
1155 31 4147
1156 32 4154
1157 33 4141
1158 34 4164
1159 30 4174
1160 54 4174
1161 36 4122
1162 30 4125
1163 33 4177
1164 31 4152
1165 33 4188
1166 29 4140
1167 37 4192
1168 32 4192
1169 36 4157
1170 36 4209
1171 34 4151
1172 0 1
1173 31 4211
1174 30 4185
1175 31 4157
1176 36 4176
1177 26 4135
1178 36 4206
1179 38 4179
1180 29 4198
1181 30 4141
1182 35 4150
1183 30 4142
1184 33 4183
1185 35 4146
1186 34 4142
1187 34 4137
1188 33 4224
1189 31 4178
1190 33 4139
1191 31 4167
1192 53 4209
1193 40 4121
1194 35 4140
1195 0 1
1196 31 4212
1197 36 4206
1198 37 4189
1199 35 4174
1200 33 4176
1201 37 4130
1202 38 4161
1203 41 4181
1204 37 4169
1205 38 4188
1206 57 4131
1207 46 4134
1208 36 4168
1209 30 4208
1210 30 4177
1211 33 4145
1212 37 4175
1213 35 4186
1214 30 4157
1215 33 4156
1216 30 4095
1217 36 4102
1218 33 4185
1219 37 4200
1220 31 4185
1221 33 4141
1222 36 4120
1223 34 4127
1224 0 1
1225 31 4153
1226 27 4094
1227 31 4156
1228 36 4168
1229 30 4141
1230 32 4139
1231 38 4101
1232 31 4168
1233 31 4119
1234 72 4149
1235 31 4169
1236 34 4177
1237 35 4214
1238 37 4121
1239 35 4141
1240 38 4184
1241 40 4097
1242 36 4187
1243 33 4148
1244 33 4152
1245 30 4153
1246 33 4106
1247 32 4158
1248 29 4169
1249 33 4091
1250 35 4142
1251 62 4163
1252 63 4093
1253 32 4173
1254 37 4199
1255 39 4229
1256 33 4109
1257 31 4169
1258 33 4180
1259 68 4069
1260 31 4117
1261 49 4151
1262 41 4151
1263 35 4158
1264 34 4156
1265 38 4253
1266 49 4160
1267 34 4180
1268 38 4154
1269 30 4147
1270 33 4189
1271 38 4205
1272 50 4182
1273 134 4189
1274 103 4132
1275 46 4161
1276 34 4152
1277 30 4188
1278 99 4206
1279 35 4140
1280 34 4149
1281 32 4199
1282 32 4180
1283 32 4132
1284 34 4189
1285 32 4189
1286 35 4169
1287 35 4137
1288 30 4155
1289 31 4213
1290 33 4123
1291 38 4123
1292 34 4153
1293 0 1
1294 0 1
1295 34 4172
1296 45 4128
1297 30 4173
1298 0 1
1299 0 1
1300 34 4171
1301 35 4145
1302 38 4180
1303 36 4106
1304 37 4170
1305 31 4221
1306 37 4141
1307 36 4176
1308 34 4153
1309 34 4214
1310 31 4156
1311 30 4113
1312 29 4105
1313 35 4180
1314 29 4123
1315 32 4114
1316 42 4164
1317 35 4156
1318 26 4125
1319 3 2
1320 20 2
1321 32 4168
1322 44 4201
1323 33 4113
1324 36 4177
1325 34 4162
1326 0 1
1327 0 1
1328 0 1
1329 36 4156
1330 35 4160
1331 38 4157
1332 32 4181
1333 46 4186
1334 0 1
1335 57 4177
1336 32 4168
1337 48 4193
1338 29 4193
1339 38 4183
1340 36 4151
1341 36 4213
1342 35 4137
1343 45 4168
1344 34 4186
1345 38 4191
1346 31 4209
1347 0 1
1348 28 4186
1349 70 4155
1350 35 4159
1351 35 4206
1352 33 4136
1353 35 4206
1354 32 4194
1355 31 4127
1356 39 4200
1357 0 1
1358 46 4157
1359 31 4120
1360 42 4132
1361 35 4169
1362 34 4105
1363 35 4183
1364 33 4133
1365 35 4157
1366 60 4143
1367 36 4146
1368 36 4133
1369 31 4208
1370 39 4137
1371 39 4129
1372 33 4126
1373 39 4162
1374 33 4202
1375 47 4143
1376 35 4157
1377 35 4155
1378 33 4193
1379 37 4147
1380 30 4150
1381 37 4087
1382 33 4167
1383 30 4133
1384 38 4128
1385 35 4149
1386 31 4162
1387 33 4097
1388 35 4174
1389 32 4192
1390 34 4133
1391 30 4159
1392 33 4179
1393 31 4188
1394 35 4177
1395 42 4184
1396 32 4171
1397 30 4186
1398 27 4146
1399 30 4117
1400 35 4193
1401 35 4170
1402 33 4155
1403 31 4124
1404 32 4097
1405 38 4168
1406 32 4177
1407 30 4171
1408 35 4156
1409 40 4156
1410 33 4173
1411 0 1
1412 30 4176
1413 55 4212
1414 34 4151
1415 33 4119
1416 31 4159
1417 33 4202
1418 31 4139
1419 37 4130
1420 42 4141
1421 33 4154
1422 47 4156
1423 37 4195
1424 43 4198
1425 34 4139
1426 30 4182
1427 33 4185
1428 59 4146
1429 33 4158
1430 0 1
1431 0 1
1432 34 4158
1433 31 4175
1434 33 4178
1435 33 4139
1436 33 4169
1437 0 1
1438 45 4167
1439 37 4179
1440 34 4058
1441 45 4143
1442 0 1
1443 33 4232
1444 0 1
1445 35 4125
1446 33 4166
1447 34 4198
1448 37 4161
1449 35 4144
1450 28 4232
1451 35 4146
1452 32 4151
1453 30 4168
1454 0 1
1455 41 4097
1456 36 4175
1457 66 4155
1458 42 4156
1459 0 1
1460 50 4124
1461 42 4222
1462 29 4190
1463 36 4133
1464 30 4126
1465 43 4169
1466 49 4173
1467 0 1
1468 33 4147
1469 0 1
1470 32 4168
1471 37 4155
1472 37 4164
1473 0 1
1474 0 1
1475 32 4147
1476 38 4135
1477 48 4150
1478 31 4125
1479 40 4093
1480 50 4183
1481 44 4199
1482 38 4141
1483 32 4195
1484 34 4162
1485 31 4140
1486 32 4123
1487 36 4112
1488 37 4137
1489 36 4181
1490 32 4198
1491 30 4165
1492 31 4151
1493 34 4183
1494 34 4126
1495 34 4196
1496 29 4109
1497 34 4189
1498 33 4179
1499 32 4176
1500 42 4166
1501 32 4107
1502 33 4189
1503 40 4159
1504 37 4188
1505 39 4129
1506 39 4156
1507 34 4182
1508 0 1
1509 33 4138
1510 38 4147
1511 35 4170
1512 36 4216
1513 0 1
1514 28 4097
1515 36 4173
1516 35 4160
1517 33 4151
1518 35 4127
1519 32 4174
1520 30 4157
1521 32 4166
1522 37 4135
1523 37 4171
1524 35 4170
1525 34 4177
1526 33 4130
1527 32 4171
1528 34 4155
1529 38 4186
1530 33 4159
1531 51 4196
1532 36 4161
1533 36 4160
1534 38 4161
1535 27 4164
1536 41 4171
1537 36 4175
1538 47 4173
1539 39 4193
1540 35 4174
1541 32 4127
1542 33 4132
1543 42 4152
1544 39 4173
1545 28 4147
1546 33 4144
1547 33 4157
1548 33 4134
1549 37 4203
1550 33 4146
1551 32 4186
1552 37 4146
1553 33 4194
1554 32 4146
1555 47 4185
1556 30 4147
1557 41 4171
1558 31 4177
1559 33 4144
1560 35 4154
1561 37 4146
1562 40 4113
1563 43 4126
1564 40 4189
1565 33 4164
1566 33 4184
1567 29 4148
1568 31 4172
1569 35 4164
1570 32 4204
1571 0 1
1572 59 4160
1573 38 4141
1574 38 4148
1575 45 4112
1576 0 1
1577 29 4162
1578 34 4114
1579 35 4121
1580 38 4137
1581 35 4176
1582 35 4212
1583 29 4133
1584 36 4131
1585 32 4177
1586 28 4165
1587 33 4167
1588 33 4200
1589 35 4146
1590 31 4149
1591 36 4180
1592 50 4107
1593 29 4153
1594 31 4158
1595 31 4126
1596 36 4140
1597 33 4154
1598 35 4197
1599 38 4141
1600 35 4160
1601 31 4146
1602 33 4146
1603 34 4184
1604 31 4165
1605 36 4130
1606 36 4195
1607 53 4120
1608 36 4166
1609 34 4134
1610 49 4163
1611 39 4147
1612 34 4158
1613 0 1
1614 0 1
1615 33 4213
1616 32 4095
1617 36 4205
1618 31 4184
1619 32 4140
1620 48 4217
1621 30 4160
1622 36 4180
1623 31 4111
1624 31 4120
1625 33 4109
1626 29 4140
1627 33 4149
1628 30 4163
1629 35 4192
1630 34 4170
1631 31 4188
1632 32 4171
1633 32 4121
1634 30 4166
1635 35 4217
1636 34 4138
1637 38 4171
1638 30 4150
1639 32 4183
1640 27 4117
1641 36 4186
1642 35 4127
1643 28 4111
1644 32 4176
1645 29 4123
1646 31 4156
1647 32 4147
1648 34 4177
1649 31 4157
1650 33 4161
1651 33 4250
1652 35 4133
1653 39 4167
1654 30 4127
1655 31 4203
1656 34 4135
1657 36 4171
1658 32 4156
1659 32 4168
1660 32 4132
1661 39 4111
1662 33 4145
1663 33 4169
1664 39 4165
1665 0 1
1666 40 4118
1667 32 4120
1668 41 4184
1669 47 4129
1670 28 4166
1671 34 4168
1672 33 4123
1673 39 4146
1674 30 4156
1675 48 4166
1676 35 4216
1677 36 4128
1678 29 4147
1679 36 4174
1680 0 1
1681 35 4130
1682 43 4127
1683 33 4182
1684 30 4105
1685 30 4173
1686 31 4230
1687 38 4143
1688 35 4153
1689 32 4172
1690 34 4216
1691 31 4180
1692 29 4134
1693 37 4173
1694 35 4161
1695 33 4143
1696 37 4124
1697 37 4140
1698 30 4139
1699 0 1
1700 34 4175
1701 32 4132
1702 35 4139
1703 33 4156
1704 29 4200
1705 64 4175
1706 41 4190
1707 45 4043
1708 30 4158
1709 34 4231
1710 30 4164
1711 35 4222
1712 0 1
1713 43 4133
1714 0 1
1715 32 4126
1716 41 4142
1717 28 4117
1718 32 4181
1719 33 4125
1720 43 4211
1721 43 4209
1722 33 4199
1723 42 4167
1724 0 1
1725 0 1
1726 37 4168
1727 36 4229
1728 72 4104
1729 35 4118
1730 29 4157
1731 33 4183
1732 35 4131
1733 36 4169
1734 60 4138
1735 36 4171
1736 38 4177
1737 34 4191
1738 28 4126
1739 38 4172
1740 37 4173
1741 30 4179
1742 30 4243
1743 36 4188
1744 36 4161
1745 37 4153
1746 32 4085
1747 31 4133
1748 39 4120
1749 33 4169
1750 36 4186
1751 32 4211
1752 31 4121
1753 34 4175
1754 33 4159
1755 30 4159
1756 34 4152
1757 0 1
1758 33 4196
1759 36 4142
1760 30 4183
1761 37 4182
1762 39 4169
1763 32 4150
1764 30 4137
1765 33 4198
1766 30 4130
1767 31 4123
1768 33 4154
1769 33 4173
1770 35 4191
1771 32 4167
1772 34 4116
1773 30 4119
1774 33 4199
1775 0 1
1776 35 4152
1777 35 4166
1778 36 4128
1779 37 4191
1780 32 4139
1781 35 4111
1782 34 4116
1783 41 4182
1784 0 1
1785 28 4134
1786 0 1
1787 34 4199
1788 36 4105
1789 54 4110
1790 53 4175
1791 33 4190
1792 40 4135
1793 36 4093
1794 31 4148
1795 0 1
1796 34 4156
1797 30 4150
1798 31 4138
1799 37 4188
1800 33 4147
1801 0 1
1802 41 4134
1803 33 4184
1804 0 1
1805 0 1
1806 0 1
1807 39 4125
1808 32 4148
1809 0 1
1810 33 4178
1811 36 4173
1812 29 4168
1813 34 4170
1814 32 4174
1815 33 4121
1816 35 4174
1817 35 4174
1818 31 4102
1819 32 4146
1820 46 4168
1821 34 4168
1822 33 4160
1823 32 4192
1824 34 4150
1825 36 4135
1826 34 4181
1827 53 4172
1828 44 4124
1829 36 4148
1830 29 4113
1831 34 4141
1832 33 4222
1833 31 4162
1834 36 4153
1835 43 4136
1836 31 4171
1837 29 4111
1838 33 4181
1839 31 4168
1840 41 4143
1841 33 4115
1842 59 4162
1843 33 4154
1844 30 4152
1845 38 4172
1846 30 4150
1847 41 4145
1848 29 4146
1849 31 4187
1850 35 4190
1851 35 4130
1852 0 1
1853 34 4182
1854 35 4130
1855 28 4147
1856 35 4177
1857 35 4140
1858 131 4167
1859 29 4167
1860 53 4168
1861 36 4152
1862 37 4149
1863 36 4157
1864 34 4148
1865 61 4
1866 97 4109
1867 38 4168
1868 28 4129
1869 34 4181
1870 37 4133
1871 35 4192
1872 33 4182
1873 40 4162
1874 36 4134
1875 33 4095
1876 34 4151
1877 34 4147
1878 32 4160
1879 34 4202
1880 35 4134
1881 32 4187
1882 0 1
1883 0 1
1884 35 4123
1885 37 4174
1886 34 4150
1887 37 4137
1888 38 4146
1889 38 4184
1890 0 1
1891 35 4188
1892 31 4114
1893 27 4169
1894 36 4165
1895 34 4168
1896 0 1
1897 29 4150
1898 34 4144
1899 37 4166
1900 33 4139
1901 35 4114
1902 102 4165
1903 96 4183
1904 98 4
1905 30 4143
1906 39 4167
1907 33 4153
1908 37 4130
1909 28 4217
1910 46 4130
1911 35 4197
1912 48 4145
1913 47 4204
1914 33 4091
1915 35 4134
1916 32 4195
1917 35 4182
1918 33 4163
1919 35 4197
1920 34 4107
1921 28 4115
1922 36 4178
1923 29 4166
1924 35 4186
1925 57 4137
1926 32 4149
1927 37 4156
1928 33 4172
1929 34 4134
1930 36 4156
1931 30 4159
1932 38 4157
1933 33 4145
1934 34 4179
1935 30 4156
1936 31 4180
1937 34 4157
1938 44 4157
1939 70 4162
1940 45 4177
1941 55 4131
1942 38 4165
1943 48 4165
1944 0 1
1945 50 4097
1946 43 4130
1947 33 4142
1948 0 1
1949 47 4178
1950 33 4147
1951 29 4176
1952 38 4164
1953 37 4213
1954 33 4143
1955 29 4170
1956 32 4159
1957 33 4094
1958 33 4135
1959 38 4166
1960 30 4160
1961 38 4134
1962 34 4138
1963 30 4120
1964 37 4138
1965 32 4183
1966 39 4143
1967 33 4221
1968 34 4126
1969 42 4122
1970 33 4125
1971 63 4145
1972 38 4137
1973 32 4162
1974 40 4152
1975 55 4105
1976 29 4163
1977 34 4157
1978 46 4171
1979 37 4170
1980 27 4107
1981 34 4204
1982 36 4122
1983 36 4213
1984 32 4137
1985 37 4186
1986 35 4183
1987 33 4164
1988 0 1
1989 43 4125
1990 31 4108
1991 29 4176
1992 31 4206
1993 44 4181
1994 35 4138
1995 30 4187
1996 34 4107
1997 34 4225
1998 35 4148
1999 35 4174
2000 36 4172
2001 36 4140
2002 35 4138
2003 29 4136
2004 35 4152
2005 35 4175
2006 0 1
2007 34 4172
2008 36 4202
2009 65 4166
2010 42 4141
2011 67 4117
2012 28 4152
2013 33 4185
2014 69 4126
2015 49 4149
2016 42 4165
2017 35 4175
2018 32 4160
2019 36 4177
2020 33 4138
2021 42 4161
2022 34 4210
2023 32 4153
2024 39 4129
2025 52 4207
2026 99 4169
2027 68 4105
2028 47 4114
2029 79 4174
2030 32 4169
2031 29 4131
2032 53 4168
2033 36 4198
2034 63 4162
2035 34 4159
2036 31 4179
2037 58 4135
2038 40 4146
2039 44 4192
2040 38 4171
2041 33 4140
2042 33 4146
2043 41 4112
2044 32 4183
2045 33 4204
2046 49 4179
2047 52 4180
2048 36 4190
2049 32 4121
2050 33 4147
2051 79 4157
2052 39 4177
2053 98 4207
2054 32 4176
2055 47 4165
2056 40 4132
2057 44 4143
2058 38 4106
2059 32 4077
2060 34 4143
2061 31 4165
2062 31 4196
2063 42 4153
2064 48 4236
2065 38 4171
2066 39 4152
2067 32 4180
2068 32 4188
2069 33 4192
2070 34 4236
2071 31 4117
2072 46 4086
2073 38 4145
2074 45 4140
2075 31 4178
2076 36 4186
2077 29 4141
2078 41 4192
2079 40 4162
2080 33 4230
2081 0 1
2082 33 4129
2083 32 4106
2084 33 4111
2085 36 4180
2086 38 4164
2087 59 4129
2088 38 4142
2089 31 4187
2090 28 4122
2091 35 4139
2092 37 4189
2093 32 4204
2094 0 1
2095 0 1
2096 41 4164
2097 40 4141
2098 31 4159
2099 34 4205
2100 34 4136
2101 40 4174
2102 30 4104
2103 31 4136
2104 37 4171
2105 29 4098
2106 36 4137
2107 31 4161
2108 32 4106
2109 37 4126
2110 36 4148
2111 34 4129
2112 36 4094
2113 0 1
2114 0 1
2115 0 1
2116 0 1
2117 50 4146
2118 0 1
2119 56 4143
2120 0 1
2121 38 4205
2122 53 4127
2123 42 4210
2124 37 4106
2125 31 4206
2126 35 4212
2127 34 4161
2128 36 4162
2129 37 4176
2130 42 4127
2131 35 4151
2132 33 4152
2133 30 4155
2134 31 4146
2135 30 4146
2136 36 4199
2137 39 4120
2138 43 4139
2139 33 4171
2140 34 4191
2141 35 4165
2142 37 4168
2143 28 4162
2144 31 4158
2145 49 4167
2146 30 4156
2147 51 4114
2148 34 4168
2149 36 4174
2150 38 4144
2151 31 4155
2152 32 4156
2153 38 4162
2154 37 4171
2155 0 1
2156 37 4165
2157 43 4167
2158 0 1
2159 39 4171
2160 72 4156
2161 31 4201
2162 0 1
2163 33 4191
2164 32 4159
2165 62 4188
2166 0 1
2167 41 4115
2168 112 4158
2169 55 4105
2170 31 4160
2171 32 4123
2172 40 4195
2173 0 1
2174 65 4206
2175 0 1
2176 82 4182
2177 0 1
2178 0 1
2179 35 4120
2180 38 4163
2181 38 4176
2182 36 4129
2183 30 4139
2184 34 4145
2185 60 4172
2186 0 1
2187 31 4132
2188 42 4190
2189 31 4164
2190 0 1
2191 38 4150
2192 30 4161
2193 41 4112
2194 31 4212
2195 38 4204
2196 37 4146
2197 40 4167
2198 32 4170
2199 39 4165
2200 40 4166
2201 53 4158
2202 0 1
2203 0 1
2204 38 4151
2205 29 4160
2206 32 4176
2207 34 4168
2208 33 4095
2209 33 4175
2210 44 4113
2211 31 4125
2212 33 4153
2213 28 4152
2214 35 4163
2215 33 4108
2216 31 4141
2217 35 4173
2218 37 4142
2219 33 4132
2220 31 4156
2221 34 4162
2222 0 1
2223 31 4175
2224 31 4178
2225 34 4240
2226 34 4120
2227 33 4184
2228 35 4179
2229 33 4190
2230 36 4145
2231 40 4122
2232 32 4152
2233 32 4150
2234 34 4153
2235 39 4168
2236 37 4159
2237 38 4145
2238 36 4161
2239 30 4150
2240 0 1
2241 48 4095
2242 34 4108
2243 55 4146
2244 30 4164
2245 33 4132
2246 30 4163
2247 33 4177
2248 32 4165
2249 32 4123
2250 29 4191
2251 32 4180
2252 34 4226
2253 34 4103
2254 32 4147
2255 34 4155
2256 31 4177
2257 35 4170
2258 32 4168
2259 0 1
2260 33 4184
2261 34 4166
2262 31 4177
2263 42 4104
2264 31 4176
2265 33 4072
2266 39 4134
2267 29 4122
2268 34 4198
2269 33 4171
2270 37 4208
2271 32 4197
2272 33 4187
2273 27 4161
2274 37 4204
2275 31 4227
2276 34 4188
2277 31 4193
2278 0 1
2279 0 1
2280 62 4149
2281 31 4161
2282 0 1
2283 32 4143
2284 41 4127
2285 38 4139
2286 49 4115
2287 48 4211
2288 34 4128
2289 31 4137
2290 33 4135
2291 49 4178
2292 45 4211
2293 0 1
2294 31 4142
2295 36 4173
2296 51 4177
2297 35 4177
2298 34 4157
2299 48 4186
2300 0 1
2301 30 4157
2302 27 4112
2303 35 4193
2304 0 1
2305 39 4148
2306 34 4200
2307 35 4160
2308 37 4160
2309 0 1
2310 0 1
2311 34 4187
2312 33 4170
2313 38 4171
2314 45 4154
2315 34 4168
2316 34 4196
2317 38 4198
2318 31 4208
2319 28 4129
2320 37 4141
2321 48 4197
2322 32 4169
2323 32 4145
2324 34 4161
2325 36 4150
2326 39 4175
2327 30 4102
2328 37 4201
2329 43 4125
2330 32 4149
2331 36 4165
2332 41 4200
2333 29 4108
2334 0 1
2335 67 4146
2336 49 2
2337 46 4132
2338 35 4144
2339 34 4184
2340 0 1
2341 30 4122
2342 32 4104
2343 0 1
2344 42 4147
2345 33 4179
2346 40 4169
2347 36 4157
2348 33 4141
2349 36 4145
2350 45 4160
2351 35 4206
2352 58 4128
2353 30 4162
2354 33 4149
2355 37 4156
2356 45 4166
2357 0 1
2358 0 1
2359 35 4102
2360 27 4167
2361 41 4194
2362 33 4176
2363 0 1
2364 59 4161
2365 34 4185
2366 52 4157
2367 49 4135
2368 0 1
2369 38 4162
2370 55 4221
2371 36 4184
2372 30 4144
2373 0 1
2374 0 1
2375 36 4206
2376 41 4143
2377 33 4133
2378 0 1
2379 0 1
2380 41 4154
2381 35 4206
2382 31 4152
2383 43 4155
2384 0 1
2385 4 2
2386 30 4180
2387 53 4143
2388 55 4170
2389 66 4162
2390 0 1
2391 5 2
2392 58 4185
2393 33 4206
2394 35 4177
2395 31 4181
2396 34 4171
2397 35 4175
2398 43 4185
2399 40 4138
2400 34 4157
2401 35 4145
2402 41 4163
2403 47 4212
2404 30 4162
2405 32 4145
2406 35 4163
2407 41 4148
2408 35 4203
2409 37 4190
2410 35 4095
2411 33 4138
2412 0 1
2413 40 4166
2414 37 4175
2415 34 4154
2416 35 4164
2417 36 4195
2418 36 4190
2419 31 4146
2420 0 1
2421 0 1
2422 51 4224
2423 71 4149
2424 48 4221
2425 40 4195
2426 49 4165
2427 36 4154
2428 39 4168
2429 36 4153
2430 28 4106
2431 34 4115
2432 37 4104
2433 29 4197
2434 33 4242
2435 38 4173
2436 37 4189
2437 40 4223
2438 28 4156
2439 0 1
2440 41 4180
2441 30 4149
2442 44 4131
2443 33 4103
2444 33 4150
2445 32 4154
2446 36 4129
2447 37 4159
2448 45 4125
2449 31 4177
2450 40 4162
2451 39 4210
2452 30 4160
2453 33 4199
2454 38 4150
2455 30 4161
2456 36 4115
2457 31 4178
2458 32 4170
2459 38 4154
2460 31 4185
2461 31 4133
2462 34 4124
2463 34 4200
2464 0 1
2465 54 4180
2466 31 4163
2467 31 4107
2468 49 4165
2469 31 4174
2470 40 4173
2471 49 4173
2472 34 4141
2473 31 4141
2474 35 4166
2475 0 1
2476 34 4123
2477 38 4148
2478 0 1
2479 57 4193
2480 36 4205
2481 29 4167
2482 32 4188
2483 31 4158
2484 57 4185
2485 38 4094
2486 31 4186
2487 36 4192
2488 33 4181
2489 34 4187
2490 0 1
2491 0 1
2492 47 4180
2493 0 1
2494 32 4137
2495 34 4176
2496 36 4161
2497 37 4165
2498 49 4143
2499 0 1
2500 25 4085
2501 62 4199
2502 30 4166
2503 51 4156
2504 39 4186
2505 37 4156
2506 36 4145
2507 63 4155
2508 31 4158
2509 37 4131
2510 47 4196
2511 50 4149
2512 0 1
2513 33 4161
2514 33 4140
2515 33 4207
2516 30 4150
2517 38 4144
2518 35 4196
2519 50 4109
2520 30 4155
2521 32 4139
2522 35 4183
2523 36 4150
2524 35 4195
2525 0 1
2526 32 4080
2527 35 4161
2528 30 4188
2529 37 4139
2530 40 4156
2531 0 1
2532 0 1
2533 31 4176
2534 34 4154
2535 31 4131
2536 31 4194
2537 38 4154
2538 31 4144
2539 0 1
2540 35 4192
2541 34 4144
2542 47 4173
2543 49 4155
2544 0 1
2545 0 1
2546 52 4150
2547 34 4115
2548 43 4139
2549 34 4160
2550 33 4093
2551 0 1
2552 36 4146
2553 44 4128
2554 32 4195
2555 34 4155
2556 29 4146
2557 35 4181
2558 44 4153
2559 45 4135
2560 30 4152
2561 31 4180
2562 35 4122
2563 42 4170
2564 34 4127
2565 34 4158
2566 0 1
2567 36 4134
2568 42 4176
2569 34 4145
2570 38 4150
2571 35 4107
2572 37 4138
2573 31 4113
2574 38 4133
2575 46 4163
2576 36 4175
2577 37 4135
2578 40 4132
2579 32 4209
2580 26 4175
2581 0 1
2582 31 4197
2583 38 4157
2584 43 4158
2585 42 4149
2586 41 4160
2587 46 4191
2588 3 2
2589 36 4206
2590 1 2
2591 42 4150
2592 35 4126
2593 41 4183
2594 45 4131
2595 37 4149
2596 65 4200
2597 0 1
2598 44 4155
2599 32 4213
2600 38 4194
2601 35 4127
2602 38 4126
2603 37 4146
2604 0 1
2605 35 4170
2606 41 4191
2607 38 4181
2608 34 4127
2609 30 4141
2610 43 4208
2611 44 4135
2612 34 4195
2613 34 4155
2614 33 4188
2615 31 4165
2616 36 4155
2617 35 4124
2618 32 4207
2619 0 1
2620 31 4156
2621 41 4132
2622 0 1
2623 32 4148
2624 35 4153
2625 38 4158
2626 0 1
2627 0 1
2628 33 4097
2629 0 1
2630 41 4169
2631 0 1
2632 0 1
2633 35 4153
2634 35 4156
2635 36 4166
2636 39 4178
2637 28 4186
2638 43 4160
2639 0 1
2640 0 1
2641 37 4174
2642 0 1
2643 0 1
2644 0 1
2645 31 4154
2646 33 4167
2647 0 1
2648 0 1
2649 0 1
2650 0 1
2651 34 4160
2652 33 4141
2653 71 4152
2654 32 4091
2655 40 4102
2656 36 4142
2657 36 4110
2658 42 4160
2659 33 4131
2660 0 1
2661 47 4130
2662 46 4171
2663 36 4175
2664 44 4190
2665 38 4129
2666 31 4122
2667 59 4140
2668 0 1
2669 48 4146
2670 30 4180
2671 31 4176
2672 33 4116
2673 37 4127
2674 0 1
2675 40 4121
2676 31 4114
2677 43 4137
2678 38 4134
2679 42 4140
2680 33 4226
2681 31 4095
2682 44 4112
2683 72 4162
2684 38 4127
2685 36 4186
2686 33 4143
2687 40 4178
2688 36 4156
2689 36 4173
2690 44 4204
2691 76 4147
2692 0 1
2693 33 4197
2694 45 4144
2695 35 4166
2696 32 4155
2697 37 4156
2698 36 4110
2699 37 4181
2700 0 1
2701 42 4204
2702 32 4127
2703 34 4173
2704 36 4138
2705 34 4194
2706 33 4139
2707 31 4208
2708 38 4157
2709 31 4165
2710 38 4184
2711 0 1
2712 35 4134
2713 32 4120
2714 37 4163
2715 41 4164
2716 0 1
2717 54 4106
2718 40 4193
2719 31 4172
2720 33 4126
2721 30 4104
2722 30 4168
2723 34 4135
2724 31 4197
2725 32 4235
2726 36 4195
2727 33 4206
2728 36 4136
2729 0 1
2730 39 4177
2731 39 4153
2732 34 4205
2733 35 4156
2734 0 1
2735 0 1
2736 0 1
2737 41 4138
2738 31 4127
2739 34 4188
2740 32 4131
2741 43 4149
2742 35 4143
2743 32 4155
2744 33 4117
2745 42 4203
2746 34 4152
2747 33 4123
2748 30 4120
2749 36 4223
2750 32 4146
2751 38 4171
2752 38 4154
2753 33 4124
2754 53 4165
2755 0 1
2756 32 4201
2757 38 4170
2758 34 4087
2759 33 4144
2760 35 4194
2761 34 4127
2762 0 1
2763 64 4180
2764 35 4207
2765 0 1
2766 40 4195
2767 40 4138
2768 54 4160
2769 41 4123
2770 0 1
2771 38 4164
2772 0 1
2773 31 4180
2774 37 4109
2775 43 4170
2776 33 4162
2777 35 4225
2778 0 1
2779 35 4150
2780 30 4180
2781 34 4168
2782 40 4193
2783 32 4160
2784 30 4165
2785 35 4125
2786 29 4135
2787 41 4143
2788 33 4133
2789 34 4143
2790 48 4162
2791 32 4184
2792 33 4141
2793 73 4170
2794 30 4182
2795 32 4211
2796 33 4167
2797 41 4096
2798 35 4162
2799 0 1
2800 46 2
2801 10 2
2802 32 4162
2803 56 4084
2804 31 4179
2805 34 4174
2806 32 4197
2807 41 4135
2808 0 1
2809 0 1
2810 0 1
2811 0 1
2812 44 4114
2813 0 1
2814 0 1
2815 0 1
2816 0 1
2817 0 1
2818 29 4160
2819 63 4129
2820 46 4182
2821 64 4143
2822 31 4158
2823 34 4167
2824 0 1
2825 0 1
2826 38 4175
2827 37 4167
2828 37 4135
2829 50 4186
2830 34 4131
2831 35 4080
2832 0 1
2833 35 4196
2834 30 4181
2835 39 4126
2836 51 4157
2837 42 4154
2838 35 4157
2839 61 4160
2840 34 4175
2841 41 4153
2842 34 4165
2843 0 1
2844 33 4078
2845 70 4149
2846 29 4169
2847 39 4147
2848 39 4122
2849 33 4156
2850 34 4156
2851 42 4176
2852 31 4134
2853 43 4145
2854 33 4161
2855 33 4119
2856 0 1
2857 45 4134
2858 32 4158
2859 34 4159
2860 28 4202
2861 33 4148
2862 34 4145
2863 45 4153
2864 31 4127
2865 36 4141
2866 34 4172
2867 57 4152
2868 0 1
2869 34 4124
2870 55 4125
2871 32 4197
2872 0 1
2873 34 4158
2874 53 4177
2875 31 4207
2876 36 4189
2877 38 4175
2878 32 4177
2879 31 4145
2880 36 4163
2881 32 4184
2882 34 4114
2883 31 4099
2884 31 4143
2885 35 4194
2886 33 4123
2887 36 4150
2888 0 1
2889 42 4123
2890 37 4158
2891 43 4174
2892 0 1
2893 42 4175
2894 34 4151
2895 0 1
2896 31 4147
2897 33 4122
2898 36 4240
2899 67 4146
2900 0 1
2901 34 4198
2902 32 4163
2903 33 4149
2904 34 4202
2905 30 4180
2906 39 4179
2907 70 4166
2908 72 4099
2909 37 4168
2910 32 4174
2911 34 4125
2912 31 4150
2913 79 4138
2914 36 4108
2915 0 1
2916 36 4179
2917 31 4156
2918 36 4184
2919 0 1
2920 78 4213
2921 32 4155
2922 35 4153
2923 55 4148
2924 35 4167
2925 33 4170
2926 34 4151
2927 39 4141
2928 34 4173
2929 34 4178
2930 35 4133
2931 34 4175
2932 31 4126
2933 33 4134
2934 42 4156
2935 0 1
2936 0 1
2937 38 4143
2938 32 4119
2939 36 4136
2940 35 4200
2941 29 4144
2942 32 4166
2943 36 4154
2944 32 4102
2945 0 1
2946 33 4179
2947 31 4147
2948 34 4169
2949 33 4136
2950 35 4149
2951 43 4163
2952 48 4167
2953 0 1
2954 36 4185
2955 59 4226
2956 0 1
2957 0 1
2958 0 1
2959 0 1
2960 33 4204
2961 32 4172
2962 35 4201
2963 31 4193
2964 34 4153
2965 0 1
2966 32 4138
2967 0 1
2968 36 4127
2969 32 4211
2970 34 4156
2971 32 4193
2972 0 1
2973 35 4155
2974 31 4109
2975 38 4196
2976 36 4160
2977 35 4197
2978 32 4129
2979 0 1
2980 31 4175
2981 0 1
2982 35 4182
2983 39 4149
2984 33 4166
2985 37 4143
2986 36 4147
2987 36 4187
2988 45 4190
2989 31 4102
2990 40 4172
2991 44 4165
2992 35 4107
2993 44 4176
2994 47 4199
2995 35 4162
2996 27 4143
2997 35 4152
2998 34 4187
2999 36 4170
3000 44 4193
3001 31 4146
3002 40 4159
3003 53 4159
3004 48 4152
3005 34 4099
3006 36 4126
3007 29 4156
3008 35 4170
3009 32 4165
3010 32 4133
3011 44 4177
3012 31 4211
3013 32 4140
3014 34 4214
3015 37 4184
3016 35 4178
3017 0 1
3018 71 4150
3019 76 4198
3020 60 4158
3021 0 1
3022 0 1
3023 38 4172
3024 0 1
3025 39 4144
3026 0 1
3027 26 4175
3028 36 4180
3029 30 4154
3030 37 4166
3031 30 4110
3032 37 4195
3033 0 1
3034 28 4112
3035 35 4152
3036 33 4155
3037 31 4166
3038 41 4141
3039 2 2
3040 58 4136
3041 0 1
3042 0 1
3043 6 2
3044 1 2
3045 95 4150
3046 115 4144
3047 12 2
3048 39 4182
3049 36 4149
3050 31 4113
3051 32 4148
3052 30 4109
3053 50 4189
3054 39 4106
3055 42 4093
3056 44 4193
3057 40 4164
3058 43 4141
3059 0 1
3060 37 4143
3061 0 1
3062 36 4144
3063 36 4152
3064 42 4157
3065 28 4136
3066 36 4191
3067 35 4143
3068 35 4191
3069 35 4169
3070 31 4198
3071 33 4213
3072 97 4162
3073 20 2
3074 63 2
3075 34 4099
3076 33 4097
3077 34 4182
3078 31 4158
3079 0 1
3080 0 1
3081 37 4171
3082 36 4075
3083 46 4163
3084 33 4188
3085 30 4121
3086 32 4191
3087 28 4109
3088 43 4169
3089 34 4143
3090 32 4111
3091 44 4163
3092 0 1
3093 0 1
3094 37 4113
3095 48 4149
3096 51 4186
3097 42 4176
3098 31 4165
3099 34 4126
3100 32 4177
3101 31 4112
3102 37 4182
3103 34 4105
3104 43 4191
3105 61 4153
3106 35 4162
3107 38 4115
3108 36 4157
3109 49 4212
3110 0 1
3111 35 4142
3112 67 4181
3113 0 1
3114 29 4162
3115 30 4128
3116 33 4168
3117 34 4109
3118 37 4174
3119 49 4134
3120 33 4179
3121 32 4193
3122 67 4137
3123 33 4154
3124 39 4180
3125 41 4191
3126 38 4187
3127 31 4145
3128 31 4179
3129 35 4169
3130 0 1
3131 36 4127
3132 32 4106
3133 60 4170
3134 0 1
3135 34 4181
3136 0 1
3137 33 4119
3138 0 1
3139 34 4149
3140 32 4146
3141 0 1
3142 0 1
3143 0 1
3144 65 4138
3145 57 4193
3146 33 4161
3147 38 4166
3148 38 4176
3149 35 4147
3150 0 1
3151 53 4109
3152 36 4156
3153 37 4194
3154 64 4104
3155 0 1
3156 0 1
3157 38 4151
3158 0 1
3159 4 3
3160 7 3
3161 3 3
3162 35 4156
3163 0 1
3164 36 4157
3165 0 1
3166 0 1
3167 16 2
3168 29 4138
3169 38 4160
3170 40 4124
3171 35 4175
3172 43 4164
3173 33 4099
3174 36 4185
3175 35 4197
3176 34 4125
3177 51 4218
3178 36 4142
3179 51 4163
3180 32 4160
3181 36 4084
3182 38 4202
3183 0 1
3184 32 4153
3185 34 4159
3186 33 4163
3187 38 4175
3188 31 4204
3189 31 4195
3190 38 4167
3191 34 4146
3192 34 4196
3193 0 1
3194 44 4121
3195 0 1
3196 36 4129
3197 39 4135
3198 34 4160
3199 0 1
3200 65 4165
3201 36 4197
3202 53 4113
3203 35 4164
3204 30 4149
3205 35 4176
3206 90 4153
3207 36 4181
3208 32 4138
3209 35 4193
3210 32 4187
3211 38 4211
3212 33 4177
3213 0 1
3214 0 1
3215 30 4186
3216 35 4181
3217 31 4193
3218 0 1
3219 52 4189
3220 0 1
3221 33 4140
3222 37 4184
3223 34 4157
3224 35 4174
3225 43 4179
3226 84 4051
3227 31 4145
3228 47 4148
3229 32 4158
3230 35 4178
3231 38 4144
3232 35 4146
3233 38 4168
3234 37 4129
3235 0 1
3236 38 4148
3237 0 1
3238 39 4179
3239 37 4132
3240 31 4170
3241 39 4173
3242 53 4196
3243 34 4080
3244 0 1
3245 34 4139
3246 38 4169
3247 41 4151
3248 32 4162
3249 38 4153
3250 34 4141
3251 43 4127
3252 0 1
3253 72 4156
3254 37 4136
3255 33 4232
3256 29 4127
3257 36 4186
3258 35 4220
3259 36 4153
3260 0 1
3261 35 4129
3262 34 4161
3263 0 1
3264 47 4129
3265 32 4137
3266 39 4149
3267 38 4152
3268 33 4145
3269 0 1
3270 38 4153
3271 37 4147
3272 37 4154
3273 38 4161
3274 42 4154
3275 35 4104
3276 40 4163
3277 0 1
3278 0 1
3279 35 4186
3280 32 4187
3281 40 4135
3282 36 4115
3283 45 4179
3284 37 4202
3285 0 1
3286 37 4203
3287 32 4119
3288 43 4154
3289 79 4223
3290 36 4145
3291 34 4219
3292 34 4175
3293 0 1
3294 0 1
3295 44 4148
3296 36 4151
3297 37 4161
3298 0 1
3299 0 1
3300 0 1
3301 0 1
3302 55 4224
3303 33 4207
3304 43 4129
3305 0 1
3306 34 4180
3307 38 4119
3308 34 4153
3309 44 4183
3310 0 1
3311 34 4104
3312 34 4121
3313 41 4154
3314 0 1
3315 31 4162
3316 0 1
3317 38 4154
3318 26 4129
3319 40 4203
3320 42 4203
3321 37 4091
3322 34 4177
3323 36 4168
3324 53 4116
3325 45 4159
3326 42 4121
3327 28 4173
3328 105 4155
3329 51 4192
3330 61 4099
3331 50 4163
3332 0 1
3333 47 4177
3334 41 4117
3335 37 4206
3336 32 4151
3337 35 4168
3338 0 1
3339 48 4116
3340 46 4142
3341 37 4165
3342 33 4168
3343 76 4173
3344 0 1
3345 44 4184
3346 35 4135
3347 38 4169
3348 33 4148
3349 35 4190
3350 0 1
3351 43 4114
3352 0 1
3353 36 4135
3354 0 1
3355 62 4138
3356 32 4146
3357 0 1
3358 0 1
3359 35 4100
3360 0 1
3361 47 4136
3362 0 1
3363 0 1
3364 48 4141
3365 50 4185
3366 36 4103
3367 45 4193
3368 0 1
3369 43 4140
3370 0 1
3371 33 4198
3372 30 2
3373 6 2
3374 0 1
3375 66 4108
3376 34 4133
3377 31 4116
3378 40 4166
3379 33 4130
3380 36 4162
3381 33 4167
3382 43 4173
3383 33 4189
3384 31 4161
3385 34 4178
3386 32 4221
3387 33 4199
3388 30 4122
3389 33 4225
3390 51 4140
3391 42 4192
3392 40 4137
3393 29 4164
3394 31 4117
3395 33 4162
3396 34 4132
3397 29 4174
3398 44 4157
3399 46 4171
3400 30 4147
3401 38 4154
3402 33 4140
3403 34 4171
3404 34 4125
3405 52 4165
3406 38 4136
3407 35 4119
3408 31 4170
3409 37 4204
3410 33 4144
3411 37 4160
3412 42 4187
3413 38 4145
3414 31 4135
3415 37 4140
3416 34 4090
3417 55 4162
3418 40 4177
3419 44 4184
3420 40 4159
3421 43 4118
3422 30 4194
3423 35 4188
3424 37 4198
3425 41 4137
3426 32 4171
3427 35 4241
3428 35 4171
3429 35 4126
3430 51 4197
3431 32 4163
3432 32 4173
3433 56 4175
3434 103 4153
3435 41 4203
3436 37 4190
3437 33 4164
3438 51 4157
3439 30 4103
3440 37 4152
3441 35 4182
3442 48 4192
3443 30 4153
3444 34 4166
3445 33 4132
3446 34 4150
3447 35 4167
3448 40 4152
3449 38 4136
3450 41 4179
3451 98 4179
3452 39 4166
3453 61 4213
3454 29 4146
3455 56 4157
3456 0 1
3457 39 4126
3458 0 1
3459 0 1
3460 59 4130
3461 40 4145
3462 44 4148
3463 35 4223
3464 31 4164
3465 42 4121
3466 31 4133
3467 41 4213
3468 35 4153
3469 32 4127
3470 50 4152
3471 0 1
3472 45 4120
3473 31 4190
3474 32 4173
3475 32 4181
3476 36 4139
3477 34 4227
3478 40 4193
3479 33 4192
3480 43 4117
3481 28 4208
3482 35 4191
3483 35 4196
3484 41 4180
3485 32 4186
3486 35 4171
3487 152 4208
3488 46 4148
3489 35 4176
3490 34 4134
3491 0 1
3492 0 1
3493 0 1
3494 46 4177
3495 0 1
3496 40 4114
3497 61 4152
3498 0 1
3499 37 4135
3500 39 4191
3501 0 1
3502 47 4181
3503 0 1
3504 35 4121
3505 0 1
3506 35 4155
3507 37 4194
3508 32 4161
3509 32 4194
3510 49 4151
3511 10 2
3512 8 2
3513 34 4104
3514 0 1
3515 0 1
3516 39 4171
3517 37 4163
3518 34 4162
3519 46 4176
3520 40 4160
3521 0 1
3522 0 1
3523 30 4136
3524 50 4166
3525 38 4168
3526 41 4163
3527 0 1
3528 0 1
3529 39 4204
3530 44 4148
3531 36 4208
3532 0 1
3533 0 1
3534 0 1
3535 0 1
3536 32 4137
3537 34 4200
3538 0 1
3539 0 1
3540 33 4151
3541 37 4190
3542 42 4154
3543 40 4132
3544 33 4198
3545 35 4192
3546 36 4203
3547 41 4179
3548 31 4125
3549 0 1
3550 0 1
3551 0 1
3552 66 4137
3553 0 1
3554 42 4144
3555 38 4114
3556 51 4222
3557 40 4142
3558 35 4134
3559 37 4197
3560 40 4163
3561 48 4161
3562 0 1
3563 36 4150
3564 35 4183
3565 33 4121
3566 0 1
3567 0 1
3568 35 4178
3569 0 1
3570 0 1
3571 32 4162
3572 38 4102
3573 37 4115
3574 0 1
3575 36 4197
3576 0 1
3577 46 4149
3578 54 4172
3579 0 1
3580 37 4203
3581 0 1
3582 44 4230
3583 0 1
3584 34 4096
3585 31 4101
3586 37 4186
3587 0 1
3588 0 1
3589 33 4167
3590 32 4166
3591 31 4129
3592 34 4124
3593 0 1
3594 0 1
3595 91 4159
3596 41 4106
3597 32 4113
3598 33 4155
3599 38 4115
3600 38 4190
3601 33 4105
3602 0 1
3603 55 4117
3604 0 1
3605 34 4144
3606 30 4173
3607 66 4147
3608 34 4129
3609 35 4162
3610 31 4172
3611 33 4208
3612 39 4160
3613 44 4165
3614 30 4152
3615 35 4136
3616 46 4198
3617 40 4176
3618 0 1
3619 37 4122
3620 36 4150
3621 35 4096
3622 49 4140
3623 34 4159
3624 36 4140
3625 0 1
3626 45 4183
3627 53 4158
3628 36 4175
3629 41 4183
3630 59 4166
3631 71 4135
3632 50 4115
3633 47 4192
3634 33 4169
3635 0 1
3636 39 4156
3637 0 1
3638 46 4091
3639 34 4192
3640 50 4179
3641 34 4188
3642 0 1
3643 31 4147
3644 35 4144
3645 0 1
3646 36 4148
3647 0 1
3648 39 4229
3649 0 1
3650 30 4141
3651 37 4181
3652 31 4111
3653 39 4182
3654 38 4104
3655 0 1
3656 35 4159
3657 0 1
3658 42 4178
3659 40 4145
3660 52 4177
3661 0 1
3662 32 4151
3663 36 4172
3664 0 1
3665 48 4157
3666 42 4186
3667 41 4150
3668 34 4187
3669 87 4146
3670 36 4146
3671 38 4191
3672 60 4189
3673 0 1
3674 32 4139
3675 34 4182
3676 37 4168
3677 37 4169
3678 37 4170
3679 30 4200
3680 0 1
3681 0 1
3682 41 4160
3683 0 1
3684 36 4165
3685 28 4151
3686 0 1
3687 38 4168
3688 47 4163
3689 49 4098
3690 42 4149
3691 65 4189
3692 0 1
3693 72 4165
3694 0 1
3695 0 1
3696 0 1
3697 0 1
3698 38 4215
3699 31 4129
3700 59 4159
3701 0 1
3702 31 4201
3703 36 4117
3704 37 4148
3705 37 4170
3706 36 4214
3707 31 4169
3708 0 1
3709 0 1
3710 0 1
3711 0 1
3712 35 4190
3713 0 1
3714 48 4155
3715 45 4190
3716 36 4146
3717 38 4119
3718 0 1
3719 61 4186
3720 45 4207
3721 28 4145
3722 33 4170
3723 39 4190
3724 32 4207
3725 39 4200
3726 0 1
3727 39 4119
3728 52 4154
3729 49 4179
3730 33 4182
3731 40 4134
3732 45 4213
3733 0 1
3734 0 1
3735 96 4169
3736 107 4188
3737 0 1
3738 56 4131
3739 34 4121
3740 39 4179
3741 35 4193
3742 34 4179
3743 33 4127
3744 0 1
3745 0 1
3746 0 1
3747 38 4112
3748 33 4251
3749 46 4161
3750 0 1
3751 0 1
3752 35 4180
3753 35 4182
3754 47 4117
3755 0 1
3756 35 4135
3757 35 4159
3758 36 4134
3759 0 1
3760 33 4144
3761 32 4133
3762 46 4153
3763 46 4149
3764 55 4214
3765 0 1
3766 38 4155
3767 0 1
3768 34 4139
3769 39 4151
3770 0 1
3771 34 4168
3772 0 1
3773 40 4145
3774 43 4118
3775 36 4179
3776 0 1
3777 38 4114
3778 42 4131
3779 0 1
3780 46 4155
3781 67 4183
3782 0 1
3783 32 4145
3784 0 1
3785 32 4158
3786 33 4150
3787 0 1
3788 51 4180
3789 41 4208
3790 64 4135
3791 35 4119
3792 42 4189
3793 42 4179
3794 38 4140
3795 0 1
3796 36 4244
3797 35 4132
3798 35 4222
3799 0 1
3800 41 4177
3801 33 4175
3802 32 4137
3803 38 4168
3804 34 4174
3805 0 1
3806 32 4208
3807 35 4154
3808 40 4142
3809 0 1
3810 0 1
3811 47 4105
3812 0 1
3813 59 4166
3814 58 4169
3815 38 4180
3816 0 1
3817 0 1
3818 0 1
3819 41 4218
3820 0 1
3821 45 4085
3822 0 1
3823 38 4174
3824 0 1
3825 35 4167
3826 33 4230
3827 36 2
3828 4 2
3829 0 1
3830 31 4167
3831 0 1
3832 39 4142
3833 0 1
3834 65 4215
3835 0 1
3836 32 4127
3837 32 4157
3838 37 4167
3839 38 4179
3840 54 4207
3841 62 4187
3842 63 4148
3843 0 1
3844 38 4151
3845 0 1
3846 0 1
3847 0 1
3848 47 4169
3849 34 4129
3850 40 4097
3851 63 4135
3852 50 4148
3853 0 1
3854 31 4150
3855 36 4132
3856 0 1
3857 0 1
3858 0 1
3859 0 1
3860 40 4179
3861 63 4156
3862 36 4139
3863 55 4145
3864 34 4143
3865 35 4179
3866 56 4189
3867 0 1
3868 68 4167
3869 0 1
3870 48 4202
3871 29 4129
3872 0 1
3873 0 1
3874 0 1
3875 34 4153
3876 0 1
3877 0 1
3878 0 1
3879 37 4176
3880 0 1
3881 0 1
3882 35 4120
3883 32 4108
3884 33 4165
3885 33 4182
3886 40 4201
3887 32 4098
3888 0 1
3889 39 4201
3890 31 4138
3891 31 4159
3892 0 1
3893 30 4139
3894 46 4143
3895 47 4197
3896 37 4164
3897 43 4179
3898 0 1
3899 0 1
3900 0 1
3901 13 2
3902 26 2
3903 36 4181
3904 51 4172
3905 39 4206
3906 40 4114
3907 0 1
3908 32 4144
3909 44 4194
3910 33 4161
3911 40 4147
3912 36 4109
3913 32 4191
3914 32 4155
3915 35 4118
3916 73 4209
3917 33 4153
3918 46 4216
3919 32 4137
3920 78 4132
3921 40 4184
3922 33 4193
3923 56 4164
3924 66 4184
3925 82 4171
3926 44 4132
3927 36 4187
3928 0 1
3929 43 4128
3930 53 4103
3931 31 4151
3932 40 4149
3933 28 4197
3934 53 4177
3935 0 1
3936 49 4140
3937 36 4156
3938 0 1
3939 34 4158
3940 38 4146
3941 43 4207
3942 43 4090
3943 41 4188
3944 37 4132
3945 88 4182
3946 41 4143
3947 46 4165
3948 54 4188
3949 0 1
3950 36 4109
3951 39 4130
3952 33 4160
3953 40 4186
3954 0 1
3955 0 1
3956 0 1
3957 40 4153
3958 0 1
3959 0 1
3960 32 4178
3961 36 4163
3962 58 4192
3963 37 4123
3964 49 4179
3965 0 1
3966 0 1
3967 78 4178
3968 22 2
3969 91 4107
3970 37 4182
3971 37 4149
3972 0 1
3973 0 1
3974 0 1
3975 0 1
3976 0 1
3977 0 1
3978 0 1
3979 53 4164
3980 38 4172
3981 35 4125
3982 0 1
3983 38 4236
3984 32 4162
3985 31 4160
3986 0 1
3987 35 4210
3988 42 4164
3989 32 4120
3990 0 1
3991 0 1
3992 0 1
3993 0 1
3994 62 4155
3995 42 4206
3996 0 1
3997 0 1
3998 0 1
3999 0 1
4000 0 1
4001 31 4155
4002 27 4158
4003 30 4161
4004 37 4130
4005 35 4187
4006 0 1
4007 41 4128
4008 37 4172
4009 32 4137
4010 0 1
4011 34 4120
4012 0 1
4013 0 1
4014 0 1
4015 31 4153
4016 0 1
4017 46 4174
4018 37 4173
4019 51 4172
4020 35 4128
4021 47 4195
4022 0 1
4023 56 4214
4024 30 4191
4025 38 4138
4026 95 4101
4027 32 4182
4028 31 4123
4029 36 4119
4030 37 4161
4031 31 4107
4032 38 4154
4033 37 4132
4034 30 4137
4035 0 1
4036 33 4169
4037 35 4167
4038 0 1
4039 0 1
4040 51 4198
4041 77 4124
4042 44 4170
4043 70 4134
4044 0 1
4045 37 4154
4046 41 4183
4047 0 1
4048 0 1
4049 0 1
4050 40 4095
4051 37 4122
4052 0 1
4053 0 1
4054 0 1
4055 0 1
4056 40 4143
4057 0 1
4058 0 1
4059 57 4149
4060 0 1
4061 41 4202
4062 38 4128
4063 0 1
4064 35 4129
4065 32 4131
4066 29 4180
4067 46 4189
4068 41 4156
4069 0 1
4070 35 4146
4071 0 1
4072 45 4136
4073 47 4146
4074 33 4128
4075 40 4139
4076 35 4134
4077 60 4176
4078 0 1
4079 38 4175
4080 33 4168
4081 33 4108
4082 38 4124
4083 0 1
4084 77 4135
4085 0 1
4086 39 4187
4087 40 4193
4088 0 1
4089 0 1
4090 30 4115
4091 38 4186
4092 43 4123
4093 36 4157
4094 0 1
4095 40 4169
4096 38 4195
4097 34 4178
4098 36 4150
4099 40 4144
4100 30 4112
4101 36 4162
4102 36 4086
4103 0 1
4104 31 4140
4105 36 4159
4106 35 4147
4107 79 4151
4108 0 1
4109 0 1
4110 35 4189
4111 45 4140
4112 39 4195
4113 37 4136
4114 43 4145
4115 38 4140
4116 38 4167
4117 0 1
4118 34 4161
4119 33 4106
4120 34 4153
4121 0 1
4122 0 1
4123 35 4165
4124 36 4160
4125 51 4175
4126 0 1
4127 0 1
4128 38 4120
4129 36 4170
4130 32 4163
4131 31 4143
4132 38 4139
4133 0 1
4134 68 4190
4135 0 1
4136 1 2
4137 16 2
4138 33 4099
4139 42 4185
4140 47 4157
4141 38 4237
4142 34 4165
4143 38 4133
4144 38 4196
4145 40 4144
4146 47 4181
4147 36 4144
4148 40 4198
4149 31 4163
4150 58 4172
4151 42 4135
4152 40 4172
4153 0 1
4154 43 4203
4155 49 4136
4156 40 4175
4157 72 4182
4158 52 4156
4159 45 4121
4160 0 1
4161 0 1
4162 42 4204
4163 0 1
4164 46 4208
4165 42 4178
4166 36 4171
4167 40 4092
4168 38 4168
4169 44 4167
4170 36 4139
4171 52 4174
4172 32 4194
4173 0 1
4174 32 4181
4175 30 4204
4176 36 4131
4177 30 4165
4178 36 4187
4179 68 4188
4180 40 4111
4181 0 1
4182 34 4156
4183 37 4173
4184 36 4125
4185 38 4180
4186 0 1
4187 0 1
4188 36 4144
4189 0 1
4190 35 4202
4191 0 1
4192 34 4108
4193 33 4233
4194 95 4153
4195 32 4067
4196 0 1
4197 0 1
4198 0 1
4199 35 4158
4200 38 4142
4201 50 4218
4202 0 1
4203 33 4127
4204 34 4211
4205 29 4134
4206 0 1
4207 31 4163
4208 33 4127
4209 42 4176
4210 43 4217
4211 0 1
4212 0 1
4213 36 4119
4214 31 4098
4215 34 4150
4216 50 4180
4217 35 4133
4218 33 4153
4219 33 4154
4220 30 4173
4221 47 4169
4222 41 4189
4223 0 1
4224 44 4123
4225 33 4170
4226 37 4175
4227 0 1
4228 0 1
4229 32 4137
4230 36 4151
4231 0 1
4232 0 1
4233 85 4116
4234 28 4071
4235 31 4140
4236 42 4173
4237 34 4138
4238 40 4214
4239 0 1
4240 0 1
4241 0 1
4242 38 4162
4243 32 4135
4244 38 4150
4245 0 1
4246 50 4180
4247 33 4132
4248 62 4124
4249 38 4111
4250 46 4178
4251 0 1
4252 37 4167
4253 30 4132
4254 45 4131
4255 0 1
4256 35 4155
4257 40 4146
4258 35 4168
4259 42 4126
4260 44 4147
4261 46 4134
4262 54 4141
4263 61 4149
4264 49 4127
4265 41 4105
4266 0 1
4267 37 4157
4268 0 1
4269 44 4162
4270 35 4137
4271 42 4158
4272 37 4119
4273 0 1
4274 0 1
4275 34 4187
4276 39 4150
4277 37 4146
4278 0 1
4279 34 4159
4280 44 4185
4281 37 4191
4282 34 4187
4283 0 1
4284 52 4139
4285 49 4135
4286 0 1
4287 32 4151
4288 44 4153
4289 35 4126
4290 35 4172
4291 0 1
4292 64 4116
4293 41 4194
4294 32 4210
4295 37 4138
4296 44 4146
4297 67 4173
4298 0 1
4299 0 1
4300 47 4174
4301 36 4100
4302 47 4169
4303 0 1
4304 40 4138
4305 38 4172
4306 69 4159
4307 0 1
4308 0 1
4309 0 1
4310 0 1
4311 67 4164
4312 0 1
4313 38 4115
4314 39 4143
4315 38 4151
4316 0 1
4317 39 4170
4318 35 4156
4319 0 1
4320 40 4156
4321 33 4174
4322 0 1
4323 0 1
4324 0 1
4325 41 4184
4326 39 4147
4327 41 4174
4328 32 4159
4329 0 1
4330 0 1
4331 47 4211
4332 44 4206
4333 54 4150
4334 34 4147
4335 36 4149
4336 0 1
4337 0 1
4338 0 1
4339 0 1
4340 0 1
4341 28 4128
4342 40 4162
4343 47 4172
4344 35 4162
4345 37 4160
4346 40 4149
4347 38 4123
4348 37 4170
4349 56 4175
4350 34 4117
4351 49 4193
4352 36 4105
4353 0 1
4354 56 4211
4355 0 1
4356 49 4134
4357 0 1
4358 44 4172
4359 35 4146
4360 0 1
4361 0 1
4362 33 4132
4363 32 4133
4364 30 4150
4365 34 4142
4366 0 1
4367 39 4161
4368 42 4217
4369 0 1
4370 34 4135
4371 30 4120
4372 41 4166
4373 0 1
4374 0 1
4375 0 1
4376 44 4202
4377 38 4142
4378 31 4169
4379 0 1
4380 0 1
4381 36 4164
4382 40 4159
4383 44 4127
4384 41 4165
4385 33 4154
4386 0 1
4387 44 4191
4388 36 4149
4389 44 4171
4390 50 4143
4391 36 4178
4392 0 1
4393 47 4188
4394 0 1
4395 52 4158
4396 37 4155
4397 59 4128
4398 59 4199
4399 41 4151
4400 37 4176
4401 0 1
4402 0 1
4403 35 4160
4404 33 4156
4405 31 4188
4406 36 4099
4407 30 4213
4408 46 4097
4409 0 1
4410 0 1
4411 37 4140
4412 33 4129
4413 35 4161
4414 32 4159
4415 0 1
4416 0 1
4417 0 1
4418 39 4152
4419 37 4173
4420 59 4190
4421 0 1
4422 47 4157
4423 58 4173
4424 0 1
4425 35 4169
4426 44 4147
4427 32 4163
4428 0 1
4429 38 4158
4430 59 4187
4431 37 4191
4432 43 4182
4433 36 4182
4434 0 1
4435 0 1
4436 0 1
4437 0 1
4438 73 4196
4439 0 1
4440 0 1
4441 32 4227
4442 43 4150
4443 44 4186
4444 0 1
4445 0 1
4446 0 1
4447 33 4201
4448 48 4168
4449 0 1
4450 0 1
4451 0 1
4452 0 1
4453 0 1
4454 36 4178
4455 38 4163
4456 0 1
4457 47 4186
4458 75 2
4459 0 1
4460 37 4157
4461 40 4138
4462 0 1
4463 69 4134
4464 63 4111
4465 0 1
4466 0 1
4467 28 4180
4468 0 1
4469 40 4159
4470 56 4131
4471 39 4140
4472 0 1
4473 70 4154
4474 0 1
4475 0 1
4476 0 1
4477 0 1
4478 37 4149
4479 35 4157
4480 0 1
4481 0 1
4482 0 1
4483 48 4140
4484 41 4195
4485 40 4151
4486 39 4153
4487 0 1
4488 0 1
4489 68 4099
4490 34 4142
4491 34 4185
4492 118 4142
4493 61 4190
4494 0 1
4495 42 4208
4496 32 4172
4497 31 4198
4498 34 4193
4499 0 1
4500 0 1
4501 43 4181
4502 38 4112
4503 39 4173
4504 48 4135
4505 41 4099
4506 39 4198
4507 29 4164
4508 37 4223
4509 34 4173
4510 37 4167
4511 44 4142
4512 0 1
4513 42 4150
4514 45 4151
4515 35 4114
4516 30 4216
4517 50 4177
4518 33 4174
4519 50 4171
4520 0 1
4521 30 4190
4522 42 4172
4523 0 1
4524 0 1
4525 39 4185
4526 49 4169
4527 38 4120
4528 53 4147
4529 0 1
4530 0 1
4531 0 1
4532 57 4211
4533 40 4161
4534 0 1
4535 0 1
4536 0 1
4537 0 1
4538 33 4120
4539 38 4112
4540 0 1
4541 35 4138
4542 43 4149
4543 38 4190
4544 34 4175
4545 34 4149
4546 33 4168
4547 46 4228
4548 0 1
4549 0 1
4550 0 1
4551 0 1
4552 31 4133
4553 0 1
4554 0 1
4555 0 1
4556 42 4132
4557 38 4179
4558 45 4162
4559 0 1
4560 44 4141
4561 0 1
4562 0 1
4563 64 4150
4564 45 4190
4565 31 4092
4566 0 1
4567 0 1
4568 0 1
4569 0 1
4570 0 1
4571 7 2
4572 60 4166
4573 43 4103
4574 69 4176
4575 55 4126
4576 0 1
4577 34 4158
4578 40 4184
4579 33 4169
4580 33 4156
4581 40 4206
4582 35 4161
4583 0 1
4584 13 2
4585 2 2
4586 45 4143
4587 36 4145
4588 0 1
4589 0 1
4590 41 4129
4591 45 4150
4592 44 4169
4593 0 1
4594 35 4180
4595 36 4142
4596 34 4213
4597 45 4176
4598 38 4107
4599 70 4171
4600 33 4136
4601 33 4112
4602 35 4161
4603 33 4127
4604 54 4155
4605 49 4063
4606 35 4126
4607 56 4124
4608 34 4162
4609 49 4183
4610 42 4229
4611 38 4184
4612 0 1
4613 41 4155
4614 34 4168
4615 40 4158
4616 41 4088
4617 69 4123
4618 35 4168
4619 37 4143
4620 55 4167
4621 39 4184
4622 41 4131
4623 0 1
4624 31 4169
4625 2 2
4626 0 1
4627 37 4173
4628 36 4154
4629 0 1
4630 0 1
4631 30 4167
4632 37 4165
4633 0 1
4634 30 4094
4635 0 1
4636 36 4137
4637 0 1
4638 34 4151
4639 35 4168
4640 42 4165
4641 34 4155
4642 35 4158
4643 30 4146
4644 55 4149
4645 0 1
4646 50 4124
4647 41 4214
4648 34 4159
4649 34 4194
4650 35 4215
4651 32 4203
4652 45 4195
4653 33 4171
4654 31 4126
4655 38 4210
4656 0 1
4657 0 1
4658 44 4168
4659 35 4112
4660 0 1
4661 51 4176
4662 46 4150
4663 35 4164
4664 38 4098
4665 41 4173
4666 0 1
4667 0 1
4668 34 4184
4669 39 4157
4670 44 4176
4671 42 4116
4672 34 4182
4673 34 4221
4674 39 4212
4675 0 1
4676 0 1
4677 32 4133
4678 31 4186
4679 47 4181
4680 70 4172
4681 46 4089
4682 0 1
4683 21 2
4684 36 4114
4685 49 4180
4686 0 1
4687 27 4148
4688 42 4161
4689 44 4176
4690 35 4180
4691 0 1
4692 0 1
4693 36 4158
4694 36 4151
4695 31 4168
4696 35 4168
4697 0 1
4698 31 4151
4699 35 4150
4700 0 1
4701 0 1
4702 38 4162
4703 42 4178
4704 0 1
4705 0 1
4706 0 1
4707 0 1
4708 0 1
4709 0 1
4710 33 4168
4711 37 4171
4712 34 4260
4713 48 4164
4714 31 4136
4715 34 4175
4716 33 4150
4717 66 4146
4718 0 1
4719 33 4157
4720 38 4165
4721 0 1
4722 34 4095
4723 80 4098
4724 0 1
4725 44 4153
4726 33 4189
4727 45 4174
4728 36 4186
4729 0 1
4730 0 1
4731 0 1
4732 0 1
4733 31 4155
4734 0 1
4735 30 4165
4736 48 4144
4737 0 1
4738 32 4147
4739 39 4197
4740 58 4165
4741 57 4185
4742 30 4156
4743 34 4136
4744 53 4176
4745 34 4160
4746 0 1
4747 0 1
4748 35 4160
4749 0 1
4750 38 4162
4751 0 1
4752 36 4161
4753 47 4225
4754 31 4188
4755 0 1
4756 0 1
4757 35 4113
4758 0 1
4759 0 1
4760 0 1
4761 0 1
4762 52 4180
4763 44 4192
4764 41 4166
4765 35 4160
4766 44 4156
4767 75 4177
4768 0 1
4769 32 4165
4770 34 4166
4771 34 4173
4772 36 4170
4773 45 4123
4774 35 4178
4775 40 4253
4776 0 1
4777 0 1
4778 33 4167
4779 40 4117
4780 39 4176
4781 33 4137
4782 37 4166
4783 42 4131
4784 47 4217
4785 0 1
4786 61 4112
4787 0 1
4788 41 2
4789 0 1
4790 0 1
4791 2 2
4792 24 2
4793 0 1
4794 37 4195
4795 42 4126
4796 0 1
4797 0 1
4798 38 4172
4799 39 4142
4800 31 4141
4801 44 4223
4802 35 4167
4803 0 1
4804 30 4158
4805 0 1
4806 0 1
4807 48 4145
4808 91 4153
4809 46 4158
4810 46 4150
4811 41 4150
4812 0 1
4813 42 4160
4814 0 1
4815 48 4173
4816 49 4109
4817 0 1
4818 42 4148
4819 0 1
4820 0 1
4821 0 1
4822 44 4159
4823 0 1
4824 0 1
4825 0 1
4826 40 4135
4827 0 1
4828 0 1
4829 52 4161
4830 49 4135
4831 32 4128
4832 0 1
4833 0 1
4834 85 4175
4835 0 1
4836 0 1
4837 42 4194
4838 53 4150
4839 0 1
4840 57 4122
4841 62 4121
4842 0 1
4843 50 4149
4844 39 4194
4845 36 4161
4846 0 1
4847 38 4181
4848 61 4123
4849 36 4193
4850 43 4131
4851 0 1
4852 93 4163
4853 65 4174
4854 38 2
4855 0 1
4856 0 1
4857 0 1
4858 0 1
4859 45 4136
4860 77 4152
4861 45 4160
4862 40 4186
4863 83 4128
4864 64 4146
4865 0 1
4866 0 1
4867 39 4102
4868 33 4191
4869 30 4161
4870 36 4151
4871 37 4147
4872 0 1
4873 0 1
4874 40 4201
4875 35 4152
4876 39 4191
4877 36 4140
4878 60 4123
4879 43 4141
4880 31 4163
4881 59 4127
4882 32 4171
4883 32 4179
4884 31 4160
4885 40 4204
4886 61 4190
4887 54 4188
4888 40 4158
4889 0 1
4890 51 4191
4891 33 4106
4892 31 4167
4893 35 4133
4894 47 4170
4895 37 4130
4896 32 4141
4897 0 1
4898 30 4117
4899 36 4147
4900 57 4219
4901 37 4122
4902 45 4129
4903 40 4129
4904 32 4141
4905 32 4178
4906 41 4101
4907 103 4157
4908 36 4198
4909 39 4127
4910 37 4174
4911 39 4160
4912 39 4166
4913 48 4181
4914 32 4227
4915 43 4182
4916 52 4165
4917 33 4151
4918 35 4186
4919 32 4161
4920 38 4151
4921 37 4191
4922 63 4203
4923 33 4148
4924 51 4138
4925 30 4147
4926 41 4172
4927 34 4105
4928 0 1
4929 34 4144
4930 15 2
4931 43 2
4932 0 1
4933 0 1
4934 58 4152
4935 27 4134
4936 50 4155
4937 65 4201
4938 32 4113
4939 34 4184
4940 50 4114
4941 32 4146
4942 31 4152
4943 45 4142
4944 0 1
4945 33 4149
4946 33 4152
4947 0 1
4948 32 4185
4949 56 4115
4950 41 4192
4951 0 1
4952 32 4168
4953 46 4154
4954 34 4177
4955 32 4175
4956 33 4161
4957 0 1
4958 35 4190
4959 0 1
4960 0 1
4961 34 4200
4962 34 4186
4963 53 4194
4964 37 4113
4965 56 4137
4966 49 4133
4967 0 1
4968 35 4181
4969 43 4153
4970 31 4200
4971 0 1
4972 38 4124
4973 32 4204
4974 47 2
4975 50 4210
4976 37 4124
4977 0 1
4978 33 4165
4979 38 4132
4980 74 4195
4981 42 4107
4982 36 4183
4983 32 4165
4984 49 4167
4985 41 4150
4986 30 4087
4987 31 4150
4988 0 1
4989 31 4148
4990 0 1
4991 0 1
4992 0 1
4993 36 4121
4994 39 4178
4995 0 1
4996 35 4133
4997 0 1
4998 40 4128
4999 28 2
5000 50 2
5001 38 4145
5002 0 1
5003 35 4143
5004 37 4172
5005 39 4084
5006 39 4105
5007 36 4152
5008 29 4173
5009 37 4180
5010 0 1
5011 0 1
5012 38 4127
5013 34 4103
5014 33 4174
5015 40 4161
5016 41 4157
5017 0 1
5018 38 4211
5019 33 4131
5020 30 4156
5021 47 4176
5022 42 4179
5023 40 4112
5024 52 4169
5025 34 4136
5026 0 1
5027 0 1
5028 38 4165
5029 44 4179
5030 48 4226
5031 35 4136
5032 43 4142
5033 0 1
5034 39 4177
5035 36 4189
5036 43 4139
5037 40 4161
5038 0 1
5039 36 4158
5040 0 1
5041 35 4147
5042 51 4181
5043 36 4189
5044 34 4171
5045 63 4212
5046 58 4149
5047 38 4169
5048 32 4174
5049 68 4155
5050 39 4186
5051 43 4179
5052 59 4186
5053 31 4122
5054 46 4169
5055 34 4109
5056 43 4136
5057 0 1
5058 31 4186
5059 46 4184
5060 43 4174
5061 37 4212
5062 37 4126
5063 33 4139
5064 43 4116
5065 0 1
5066 0 1
5067 0 1
5068 55 4108
5069 0 1
5070 0 1
5071 44 4172
5072 42 4190
5073 0 1
5074 0 1
5075 34 4198
5076 39 4196
5077 0 1
5078 9 2
5079 14 2
5080 0 1
5081 0 1
5082 40 4139
5083 0 1
5084 67 4169
5085 42 4165
5086 35 4185
5087 50 4174
5088 12 2
5089 31 2
5090 0 1
5091 29 4157
5092 44 4183
5093 35 4145
5094 42 4151
5095 0 1
5096 71 4149
5097 0 1
5098 0 1
5099 32 4208
5100 43 4140
5101 0 1
5102 0 1
5103 0 1
5104 0 1
5105 33 4172
5106 0 1
5107 41 4182
5108 95 4175
5109 37 4175
5110 0 1
5111 35 4164
5112 40 4135
5113 92 4196
5114 36 2
5115 26 2
5116 0 1
5117 38 4194
5118 0 1
5119 35 4232
5120 0 1
5121 0 1
5122 0 1
5123 38 4166
5124 0 1
5125 95 4090
5126 44 4127
5127 51 4159
5128 47 4063
5129 0 1
5130 0 1
5131 7 2
5132 0 1
5133 0 1
5134 32 4119
5135 0 1
5136 37 4215
5137 0 1
5138 43 4183
5139 0 1
5140 0 1
5141 40 4144
5142 0 1
5143 0 1
5144 0 1
5145 36 4226
5146 42 4188
5147 0 1
5148 0 1
5149 52 4165
5150 0 1
5151 0 1
5152 39 4167
5153 0 1
5154 0 1
5155 7 2
5156 16 2
5157 0 1
5158 0 1
5159 38 4163
5160 34 4187
5161 0 1
5162 46 4138
5163 0 1
5164 0 1
5165 38 4195
5166 0 1
5167 34 4156
5168 0 1
5169 35 4131
5170 0 1
5171 38 4170
5172 0 1
5173 0 1
5174 0 1
5175 56 4144
5176 0 1
5177 0 1
5178 0 1
5179 0 1
5180 0 1
5181 0 1
5182 0 1
5183 106 4174
5184 44 4143
5185 33 4160
5186 0 1
5187 45 4175
5188 0 1
5189 47 4168
5190 64 4160
5191 0 1
5192 56 4187
5193 80 4182
5194 39 4183
5195 53 4188
5196 39 4175
5197 0 1
5198 0 1
5199 0 1
5200 39 4139
5201 45 4126
5202 0 1
5203 0 1
5204 29 4191
5205 43 4134
5206 37 4180
5207 0 1
5208 0 1
5209 45 4124
5210 0 1
5211 0 1
5212 0 1
5213 0 1
5214 0 1
5215 67 4177
5216 48 4117
5217 33 4138
5218 0 1
5219 0 1
5220 58 4164
5221 31 4157
5222 0 1
5223 0 1
5224 0 1
5225 0 1
5226 19 2
5227 34 4186
5228 0 1
5229 7 2
5230 0 1
5231 0 1
5232 36 4192
5233 0 1
5234 0 1
5235 36 4189
5236 61 4234
5237 0 1
5238 61 4171
5239 36 4213
5240 64 4187
5241 63 4153
5242 0 1
5243 40 4129
5244 0 1
5245 51 4172
5246 0 1
5247 36 4181
5248 49 4197
5249 29 4153
5250 0 1
5251 44 4145
5252 0 1
5253 0 1
5254 0 1
5255 39 4172
5256 40 4194
5257 34 4127
5258 69 4184
5259 0 1
5260 36 4136
5261 0 1
5262 0 1
5263 0 1
5264 38 4171
5265 37 4163
5266 89 4137
5267 32 4171
5268 0 1
5269 36 4169
5270 39 4125
5271 45 4148
5272 49 4183
5273 47 4127
5274 32 4147
5275 0 1
5276 0 1
5277 46 4138
5278 0 1
5279 0 1
5280 0 1
5281 0 1
5282 34 4198
5283 0 1
5284 117 4183
5285 31 4136
5286 48 4203
5287 35 4082
5288 46 4188
5289 52 4113
5290 34 4209
5291 42 4165
5292 0 1
5293 41 4153
5294 28 4147
5295 36 4212
5296 0 1
5297 0 1
5298 0 1
5299 36 4110
5300 35 4180
5301 0 1
5302 2 2
5303 48 4177
5304 0 1
5305 40 4160
5306 37 4142
5307 45 4121
5308 0 1
5309 0 1
5310 0 1
5311 0 1
5312 0 1
5313 61 4169
5314 34 4205
5315 0 1
5316 39 4127
5317 32 4117
5318 0 1
5319 37 4218
5320 55 4152
5321 35 4197
5322 0 1
5323 0 1
5324 34 4195
5325 65 4132
5326 33 4155
5327 41 4182
5328 29 4195
5329 0 1
5330 5 2
5331 2 2
5332 34 4150
5333 0 1
5334 0 1
5335 0 1
5336 102 4188
5337 38 4145
5338 0 1
5339 44 4170
5340 28 2
5341 0 1
5342 0 1
5343 0 1
5344 0 1
5345 43 4177
5346 37 4142
5347 135 4174
5348 94 4182
5349 59 4164
5350 52 4133
5351 0 1
5352 0 1
5353 0 1
5354 0 1
5355 41 4147
5356 46 4143
5357 33 4102
5358 55 4172
5359 50 4172
5360 0 1
5361 30 4156
5362 36 4159
5363 53 4205
5364 0 1
5365 0 1
5366 46 4145
5367 39 4142
5368 0 1
5369 0 1
5370 44 4153
5371 42 4149
5372 35 4138
5373 34 4134
5374 44 4208
5375 47 4174
5376 38 4133
5377 0 1
5378 39 4146
5379 0 1
5380 67 4204
5381 0 1
5382 0 1
5383 41 4159
5384 45 4149
5385 45 4185
5386 0 1
5387 63 4158
5388 15 2
5389 35 4168
5390 43 4200
5391 0 1
5392 39 4186
5393 0 1
5394 40 4172
5395 0 1
5396 0 1
5397 0 1
5398 0 1
5399 36 4166
5400 0 1
5401 0 1
5402 33 4148
5403 66 4101
5404 0 1
5405 0 1
5406 39 4153
5407 36 4150
5408 0 1
5409 0 1
5410 36 4153
5411 43 4138
5412 0 1
5413 0 1
5414 34 4145
5415 0 1
5416 37 4186
5417 0 1
5418 0 1
5419 142 4115
5420 31 4151
5421 46 4162
5422 0 1
5423 0 1
5424 33 4192
5425 30 4119
5426 73 4149
5427 42 4190
5428 0 1
5429 43 4133
5430 35 4124
5431 35 2
5432 4 2
5433 72 4163
5434 37 4162
5435 37 4187
5436 39 4168
5437 33 4163
5438 0 1
5439 0 1
5440 0 1
5441 0 1
5442 47 4172
5443 34 4214
5444 42 4142
5445 44 4181
5446 37 4187
5447 50 4163
5448 0 1
5449 0 1
5450 36 4079
5451 35 4147
5452 38 4209
5453 0 1
5454 0 1
5455 92 4193
5456 0 1
5457 0 1
5458 34 4189
5459 44 4186
5460 33 4176
5461 36 4170
5462 0 1
5463 0 1
5464 0 1
5465 0 1
5466 4 2
5467 36 4171
5468 0 1
5469 36 4179
5470 0 1
5471 38 4164
5472 0 1
5473 0 1
5474 32 4150
5475 31 4204
5476 37 4202
5477 0 1
5478 36 4165
5479 51 4150
5480 0 1
5481 0 1
5482 36 4102
5483 38 4229
5484 0 1
5485 36 4110
5486 39 4160
5487 33 4164
5488 32 4140
5489 31 4141
5490 31 4168
5491 37 4193
5492 30 4157
5493 37 4128
5494 39 4186
5495 0 1
5496 33 4151
5497 48 4181
5498 0 1
5499 0 1
5500 0 1
5501 49 4166
5502 43 4103
5503 33 4138
5504 69 4156
5505 70 4136
5506 17 2
5507 41 2
5508 0 1
5509 0 1
5510 41 4201
5511 79 4175
5512 34 4190
5513 39 4109
5514 0 1
5515 36 4218
5516 50 4136
5517 4 2
5518 9 2
5519 0 1
5520 0 1
5521 0 1
5522 0 1
5523 35 4106
5524 33 4218
5525 38 4160
5526 42 4128
5527 0 1
5528 0 1
5529 0 1
5530 32 4183
5531 0 1
5532 0 1
5533 0 1
5534 58 4158
5535 0 1
5536 0 1
5537 47 4157
5538 0 1
5539 39 4171
5540 47 4195
5541 0 1
5542 0 1
5543 36 4161
5544 0 1
5545 38 4151
5546 0 1
5547 0 1
5548 64 4204
5549 0 1
5550 0 1
5551 53 4134
5552 48 4134
5553 33 4174
5554 32 4171
5555 32 4123
5556 73 4119
5557 49 4104
5558 0 1
5559 15 2
5560 3 2
5561 53 4121
5562 42 4149
5563 34 4153
5564 37 4150
5565 45 4179
5566 64 4123
5567 0 1
5568 0 1
5569 0 1
5570 53 4156
5571 0 1
5572 32 4097
5573 0 1
5574 0 1
5575 0 1
5576 0 1
5577 37 4156
5578 0 1
5579 0 1
5580 0 1
5581 0 1
5582 42 4159
5583 36 4124
5584 0 1
5585 0 1
5586 44 4153
5587 44 4163
5588 0 1
5589 0 1
5590 40 4132
5591 50 4162
5592 0 1
5593 47 4131
5594 0 1
5595 37 4131
5596 0 1
5597 0 1
5598 0 1
5599 0 1
5600 0 1
5601 41 4176
5602 35 4210
5603 0 1
5604 79 4192
5605 35 4210
5606 79 4163
5607 67 4172
5608 35 4210
5609 47 4176
5610 50 4157
5611 29 4156
5612 49 4172
5613 50 4097
5614 37 4186
5615 0 1
5616 35 4146
5617 38 4144
5618 39 4169
5619 40 4136
5620 47 4152
5621 0 1
5622 54 4186
5623 0 1
5624 52 4148
5625 46 4094
5626 49 4118
5627 43 4161
5628 54 4158
5629 62 4175
5630 52 4217
5631 65 4127
5632 44 4131
5633 0 1
5634 56 4194
5635 36 4193
5636 29 4159
5637 36 4187
5638 44 4176
5639 39 4135
5640 44 4163
5641 0 1
5642 33 4125
5643 62 4128
5644 46 4179
5645 77 4183
5646 34 4141
5647 37 4213
5648 0 1
5649 0 1
5650 0 1
5651 0 1
5652 46 4170
5653 0 1
5654 35 4141
5655 0 1
5656 45 4119
5657 0 1
5658 142 4160
5659 54 4200
5660 52 4135
5661 43 4184
5662 36 4124
5663 38 4190
5664 0 1
5665 37 4213
5666 60 4132
5667 0 1
5668 30 4142
5669 0 1
5670 0 1
5671 0 1
5672 35 4135
5673 0 1
5674 49 4124
5675 0 1
5676 0 1
5677 0 1
5678 38 4130
5679 41 4120
5680 31 4120
5681 0 1
5682 0 1
5683 38 4125
5684 0 1
5685 58 4215
5686 0 1
5687 34 4169
5688 0 1
5689 70 4154
5690 53 4160
5691 36 4143
5692 36 4150
5693 103 4102
5694 0 1
5695 0 1
5696 43 4209
5697 36 4196
5698 0 1
5699 0 1
5700 0 1
5701 51 4193
5702 0 1
5703 0 1
5704 46 4164
5705 36 4184
5706 71 4147
5707 0 1
5708 0 1
5709 33 4144
5710 41 4223
5711 36 4195
5712 0 1
5713 49 4127
5714 0 1
5715 42 4136
5716 0 1
5717 41 4141
5718 0 1
5719 0 1
5720 55 4159
5721 36 4131
5722 33 4185
5723 34 4180
5724 47 4124
5725 0 1
5726 0 1
5727 0 1
5728 5 2
5729 7 2
5730 73 4128
5731 34 4152
5732 0 1
5733 0 1
5734 0 1
5735 37 4180
5736 94 4208
5737 60 4230
5738 70 4182
5739 47 4180
5740 38 4153
5741 64 4159
5742 80 4178
5743 55 4178
5744 35 4123
5745 41 4136
5746 0 1
5747 0 1
5748 48 4162
5749 0 1
5750 0 1
5751 0 1
5752 0 1
5753 0 1
5754 0 1
5755 0 1
5756 43 4155
5757 0 1
5758 0 1
5759 0 1
5760 38 4169
5761 64 4135
5762 0 1
5763 40 4170
5764 0 1
5765 56 4214
5766 5 2
5767 47 4237
5768 0 1
5769 45 4153
5770 0 1
5771 0 1
5772 0 1
5773 0 1
5774 0 1
5775 0 1
5776 0 1
5777 33 4170
5778 46 2
5779 46 4196
5780 0 1
5781 38 4158
5782 0 1
5783 65 4227
5784 38 4170
5785 6 2
5786 41 4101
5787 50 4199
5788 0 1
5789 0 1
5790 52 4137
5791 0 1
5792 0 1
5793 36 4126
5794 48 4171
5795 0 1
5796 0 1
5797 0 1
5798 0 1
5799 0 1
5800 0 1
5801 0 1
5802 32 4182
5803 0 1
5804 0 1
5805 46 4150
5806 39 4218
5807 0 1
5808 42 4100
5809 31 4192
5810 0 1
5811 0 1
5812 0 1
5813 0 1
5814 31 4193
5815 0 1
5816 0 1
5817 29 4178
5818 43 4101
5819 149 4230
5820 90 4165
5821 48 4132
5822 0 1
5823 37 4163
5824 0 1
5825 41 4202
5826 58 4189
5827 48 4113
5828 0 1
5829 0 1
5830 0 1
5831 0 1
5832 40 4134
5833 36 4182
5834 0 1
5835 0 1
5836 40 4165
5837 50 4171
5838 0 1
5839 39 4215
5840 47 4179
5841 0 1
5842 0 1
5843 0 1
5844 46 4082
5845 0 1
5846 0 1
5847 98 4133
5848 32 4195
5849 43 4141
5850 0 1
5851 75 4191
5852 0 1
5853 0 1
5854 38 4151
5855 39 4162
5856 0 1
5857 33 4162
5858 0 1
5859 47 4173
5860 121 4101
5861 34 4077
5862 0 1
5863 30 4100
5864 0 1
5865 0 1
5866 0 1
5867 29 4169
5868 66 4163
5869 0 1
5870 0 1
5871 31 4172
5872 44 4152
5873 43 4110
5874 0 1
5875 36 4147
5876 0 1
5877 41 4168
5878 30 4173
5879 30 4174
5880 0 1
5881 38 4128
5882 37 4153
5883 36 4177
5884 0 1
5885 0 1
5886 42 4142
5887 36 4218
5888 0 1
5889 0 1
5890 38 4170
5891 0 1
5892 0 1
5893 34 4222
5894 0 1
5895 0 1
5896 0 1
5897 0 1
5898 47 4173
5899 37 4200
5900 0 1
5901 0 1
5902 0 1
5903 0 1
5904 33 4104
5905 0 1
5906 0 1
5907 0 1
5908 37 4158
5909 48 4156
5910 86 4198
5911 0 1
5912 0 1
5913 0 1
5914 0 1
5915 0 1
5916 0 1
5917 48 4221
5918 0 1
5919 47 4150
5920 0 1
5921 0 1
5922 35 4182
5923 51 4144
5924 30 4142
5925 40 4171
5926 111 4128
5927 37 4149
5928 57 4135
5929 41 4205
5930 0 1
5931 0 1
5932 35 4124
5933 0 1
5934 0 1
5935 0 1
5936 36 4138
5937 0 1
5938 48 4135
5939 0 1
5940 0 1
5941 0 1
5942 35 4117
5943 35 4182
5944 37 4146
5945 37 4192
5946 55 4085
5947 0 1
5948 0 1
5949 34 4129
5950 0 1
5951 37 4198
5952 0 1
5953 38 4168
5954 49 4166
5955 57 4208
5956 37 4161
5957 76 2
5958 40 2
5959 47 4176
5960 0 1
5961 117 4178
5962 0 1
5963 0 1
5964 39 4205
5965 40 4143
5966 66 4155
5967 32 4153
5968 75 4155
5969 0 1
5970 38 4173
5971 47 4140
5972 42 4162
5973 47 4186
5974 57 4111
5975 0 1
5976 0 1
5977 0 1
5978 36 4125
5979 37 4126
5980 0 1
5981 0 1
5982 0 1
5983 0 1
5984 40 4155
5985 0 1
5986 0 1
5987 0 1
5988 0 1
5989 40 4165
5990 0 1
5991 0 1
5992 0 1
5993 54 4132
5994 84 4163
5995 45 4140
5996 0 1
5997 0 1
5998 0 1
5999 46 4160
6000 30 4138
6001 49 4114
6002 33 4120
6003 36 4178
6004 51 4175
6005 61 4136
6006 0 1
6007 30 4171
6008 0 1
6009 68 4166
6010 55 4133
6011 1 2
6012 15 2
6013 0 1
6014 36 4164
6015 0 1
6016 0 1
6017 0 1
6018 40 4085
6019 0 1
6020 31 4159
6021 0 1
6022 0 1
6023 0 1
6024 0 1
6025 33 4162
6026 0 1
6027 0 1
6028 0 1
6029 0 1
6030 0 1
6031 0 1
6032 0 1
6033 0 1
6034 0 1
6035 80 4166
6036 35 4159
6037 38 4181
6038 5 2
6039 37 4145
6040 79 4169
6041 0 1
6042 36 4128
6043 0 1
6044 0 1
6045 54 4172
6046 0 1
6047 42 4210
6048 0 1
6049 0 1
6050 0 1
6051 0 1
6052 0 1
6053 0 1
6054 0 1
6055 0 1
6056 40 4169
6057 0 1
6058 0 1
6059 0 1
6060 0 1
6061 0 1
6062 33 4121
6063 31 4146
6064 40 4146
6065 0 1
6066 0 1
6067 60 4165
6068 42 4154
6069 52 4184
6070 0 1
6071 0 1
6072 34 4176
6073 37 4150
6074 60 4162
6075 47 4168
6076 0 1
6077 56 4165
6078 41 4199
6079 0 1
6080 9 2
6081 5 2
6082 0 1
6083 54 4180
6084 0 1
6085 39 4089
6086 0 1
6087 0 1
6088 0 1
6089 0 1
6090 0 1
6091 0 1
6092 44 4184
6093 0 1
6094 0 1
6095 37 4144
6096 56 4087
6097 0 1
6098 39 4187
6099 36 4157
6100 0 1
6101 36 4192
6102 0 1
6103 0 1
6104 27 2
6105 40 2
6106 0 1
6107 37 4130
6108 0 1
6109 47 4143
6110 30 4133
6111 37 4163
6112 0 1
6113 0 1
6114 0 1
6115 0 1
6116 0 1
6117 0 1
6118 32 4144
6119 0 1
6120 0 1
6121 56 4140
6122 57 4148
6123 34 4141
6124 76 4136
6125 38 4227
6126 0 1
6127 36 4125
6128 61 4122
6129 32 4207
6130 0 1
6131 34 4143
6132 0 1
6133 51 4132
6134 0 1
6135 32 4120
6136 0 1
6137 0 1
6138 52 4184
6139 0 1
6140 0 1
6141 0 1
6142 0 1
6143 58 4191
6144 54 4112
6145 0 1
6146 0 1
6147 42 4160
6148 23 2
6149 7 2
6150 0 1
6151 0 1
6152 0 1
6153 0 1
6154 33 4152
6155 40 4182
6156 0 1
6157 0 1
6158 33 4158
6159 47 4194
6160 0 1
6161 0 1
6162 0 1
6163 38 4174
6164 41 4184
6165 32 4129
6166 36 4154
6167 32 4144
6168 80 4190
6169 30 4118
6170 10 2
6171 49 2
6172 32 4168
6173 0 1
6174 35 4171
6175 0 1
6176 0 1
6177 0 1
6178 94 4189
6179 109 4155
6180 0 1
6181 0 1
6182 40 4132
6183 0 1
6184 0 1
6185 0 1
6186 63 4174
6187 0 1
6188 0 1
6189 0 1
6190 35 4159
6191 32 4086
6192 30 4198
6193 0 1
6194 0 1
6195 0 1
6196 41 4199
6197 0 1
6198 0 1
6199 0 1
6200 0 1
6201 0 1
6202 0 1
6203 66 4195
6204 0 1
6205 0 1
6206 0 1
6207 45 4155
6208 0 1
6209 0 1
6210 0 1
6211 0 1
6212 3 2
6213 13 2
6214 0 1
6215 0 1
6216 0 1
6217 0 1
6218 33 4183
6219 0 1
6220 3 2
6221 33 4167
6222 56 4160
6223 0 1
6224 168 4189
6225 28 4140
6226 0 1
6227 0 1
6228 0 1
6229 0 1
6230 0 1
6231 0 1
6232 0 1
6233 0 1
6234 35 4127
6235 0 1
6236 51 4187
6237 54 4166
6238 0 1
6239 0 1
6240 0 1
6241 38 4152
6242 83 4157
6243 0 1
6244 41 4159
6245 0 1
6246 45 4176
6247 0 1
6248 38 4132
6249 0 1
6250 0 1
6251 34 4200
6252 0 1
6253 0 1
6254 0 1
6255 0 1
6256 0 1
6257 86 4141
6258 106 4168
6259 0 1
6260 90 4164
6261 60 4114
6262 39 4213
6263 0 1
6264 0 1
6265 66 4155
6266 0 1
6267 73 4114
6268 0 1
6269 0 1
6270 0 1
6271 0 1
6272 0 1
6273 0 1
6274 0 1
6275 36 4114
6276 43 4200
6277 49 4210
6278 55 4105
6279 78 4150
6280 130 4127
6281 44 4133
6282 49 4126
6283 49 4138
6284 37 4165
6285 39 4193
6286 41 4208
6287 54 4201
6288 106 4158
6289 38 4180
6290 64 4203
6291 32 4136
6292 34 4140
6293 0 1
6294 60 4215
6295 0 1
6296 0 1
6297 0 1
6298 0 1
6299 35 4170
6300 0 1
6301 0 1
6302 35 4124
6303 38 4171
6304 0 1
6305 0 1
6306 51 4204
6307 0 1
6308 0 1
6309 50 4159
6310 0 1
6311 42 4120
6312 0 1
6313 14 2
6314 2 2
6315 60 4153
6316 0 1
6317 0 1
6318 0 1
6319 0 1
6320 40 4190
6321 47 4210
6322 41 4168
6323 0 1
6324 0 1
6325 0 1
6326 35 4139
6327 0 1
6328 0 1
6329 48 2
6330 41 4177
6331 37 4180
6332 33 4139
6333 36 4153
6334 0 1
6335 0 1
6336 0 1
6337 59 4174
6338 38 4156
6339 0 1
6340 0 1
6341 45 4158
6342 0 1
6343 33 4151
6344 57 4137
6345 0 1
6346 36 4164
6347 0 1
6348 0 1
6349 0 1
6350 0 1
6351 0 1
6352 0 1
6353 0 1
6354 4 2
6355 17 2
6356 0 1
6357 0 1
6358 34 4150
6359 32 4135
6360 0 1
6361 0 1
6362 30 4155
6363 36 4153
6364 0 1
6365 37 4130
6366 67 4168
6367 0 1
6368 0 1
6369 0 1
6370 39 4161
6371 0 1
6372 0 1
6373 50 4144
6374 0 1
6375 13 2
6376 0 1
6377 51 4147
6378 0 1
6379 0 1
6380 35 4158
6381 0 1
6382 90 4078
6383 0 1
6384 45 4190
6385 0 1
6386 38 4158
6387 0 1
6388 0 1
6389 0 1
6390 0 1
6391 0 1
6392 63 4170
6393 0 1
6394 0 1
6395 0 1
6396 0 1
6397 0 1
6398 0 1
6399 0 1
6400 0 1
6401 65 4210
6402 0 1
6403 0 1
6404 33 4151
6405 0 1
6406 0 1
6407 0 1
6408 10 2
6409 26 2
6410 0 1
6411 45 4218
6412 43 4158
6413 0 1
6414 0 1
6415 0 1
6416 0 1
6417 0 1
6418 0 1
6419 0 1
6420 0 1
6421 0 1
6422 0 1
6423 0 1
6424 41 4186
6425 0 1
6426 0 1
6427 82 4172
6428 0 1
6429 0 1
6430 48 4141
6431 47 4191
6432 35 4240
6433 42 4136
6434 182 4186
6435 42 4117
6436 0 1
6437 34 4156
6438 0 1
6439 0 1
6440 32 4196
6441 50 4168
6442 36 4194
6443 0 1
6444 0 1
6445 36 4113
6446 0 1
6447 47 4156
6448 0 1
6449 0 1
6450 0 1
6451 47 4160
6452 0 1
6453 0 1
6454 0 1
6455 0 1
6456 37 4145
6457 0 1
6458 34 4136
6459 0 1
6460 0 1
6461 0 1
6462 35 4190
6463 58 4202
6464 0 1
6465 0 1
6466 38 4070
6467 56 4161
6468 38 4132
6469 26 2
6470 24 2
6471 0 1
6472 0 1
6473 0 1
6474 0 1
6475 0 1
6476 0 1
6477 0 1
6478 0 1
6479 0 1
6480 34 4166
6481 0 1
6482 0 1
6483 0 1
6484 0 1
6485 45 4148
6486 39 4106
6487 0 1
6488 83 4208
6489 0 1
6490 52 4165
6491 34 4124
6492 0 1
6493 0 1
6494 0 1
6495 0 1
6496 0 1
6497 0 1
6498 0 1
6499 36 4168
6500 22 2
6501 12 2
6502 0 1
6503 0 1
6504 0 1
6505 48 4210
6506 0 1
6507 60 4175
6508 35 4165
6509 0 1
6510 0 1
6511 0 1
6512 0 1
6513 0 1
6514 46 4136
6515 0 1
6516 0 1
6517 59 4140
6518 37 4157
6519 0 1
6520 0 1
6521 0 1
6522 0 1
6523 0 1
6524 37 4158
6525 0 1
6526 0 1
6527 0 1
6528 49 4119
6529 0 1
6530 32 4150
6531 38 4163
6532 0 1
6533 0 1
6534 0 1
6535 0 1
6536 0 1
6537 0 1
6538 48 4143
6539 51 4128
6540 1 2
6541 22 2
6542 64 4154
6543 29 4190
6544 12 2
6545 37 4147
6546 0 1
6547 0 1
6548 42 4154
6549 0 1
6550 0 1
