1200 35 4178
1201 31 4143
1202 32 4171
1203 31 4156
1204 32 4163
1205 31 4149
1206 33 4143
1207 59 4184
1208 36 4156
1209 35 4129
1210 31 4149
1211 35 4229
1212 33 4198
1213 32 4124
1214 37 4167
1215 33 4179
1216 35 4196
1217 33 4165
1218 30 4107
1219 34 4140
1220 40 4111
1221 29 4108
1222 33 4176
1223 35 4215
1224 0 1
1225 33 4106
1226 33 4184
1227 36 4115
1228 32 4140
1229 29 4195
1230 33 4157
1231 32 4166
1232 36 4134
1233 31 4104
1234 31 4175
1235 30 4192
1236 30 4141
1237 33 4173
1238 34 4124
1239 31 4157
1240 29 4190
1241 35 4211
1242 31 4160
1243 34 4193
1244 34 4144
1245 31 4151
1246 34 4176
1247 32 4167
1248 36 4163
1249 35 4191
1250 34 4152
1251 40 4117
1252 32 4153
1253 29 4179
1254 32 4136
1255 31 4099
1256 42 4139
1257 30 4178
1258 41 4147
1259 41 4198
1260 32 4172
1261 84 4193
1262 31 4152
1263 33 4167
1264 37 4091
1265 36 4131
1266 54 4158
1267 33 4096
1268 35 4116
1269 33 4172
1270 49 4138
1271 51 4213
1272 32 4160
1273 85 4124
1274 74 4188
1275 34 4193
1276 34 4144
1277 35 4156
1278 82 4173
1279 32 4163
1280 31 4128
1281 34 4122
1282 34 4202
1283 34 4194
1284 35 4199
1285 36 4183
1286 42 4112
1287 35 4168
1288 30 4149
1289 35 4156
1290 35 4133
1291 38 4204
1292 33 4171
1293 0 1
1294 0 1
1295 54 4190
1296 40 4182
1297 31 4146
1298 0 1
1299 0 1
2300 0 1
2301 32 4156
2302 42 4200
2303 36 4167
2304 0 1
2305 35 4216
2306 32 4160
2307 33 4181
2308 32 4096
2309 0 1
2310 0 1
2311 31 4152
2312 34 4116
2313 39 4172
2314 48 4166
2315 45 4138
2316 32 4158
2317 33 4199
2318 32 4112
2319 31 4201
2320 49 4184
2321 0 1
2322 29 4190
2323 33 4197
2324 43 4165
2325 33 4184
2326 35 4180
2327 31 4184
2328 36 4179
2329 147 4132
2330 36 4134
2331 37 4138
2332 38 4157
2333 32 4125
2334 0 1
2335 52 4152
2336 27 2
2337 54 4158
2338 57 4135
2339 39 4140
2340 0 1
2341 33 4153
2342 31 4148
2343 41 4205
2344 43 4163
2345 34 4171
2346 34 4211
2347 29 4090
2348 32 4129
2349 31 4162
2350 45 4175
2351 37 4173
2352 61 4211
2353 33 4142
2354 34 4126
2355 42 4139
2356 39 4095
2357 0 1
2358 0 1
2359 36 4168
2360 33 4189
2361 39 4219
2362 30 4122
2363 0 1
2364 43 4146
2365 33 4136
2366 55 4176
2367 45 4176
2368 0 1
2369 34 4157
2370 59 4139
2371 32 4129
2372 33 4214
2373 0 1
2374 0 1
2375 32 4128
2376 31 4166
2377 34 4166
2378 0 1
2379 0 1
2380 30 4096
2381 39 4181
2382 33 4129
2383 53 4191
2384 2 2
2385 46 2
2386 52 4186
2387 42 4167
2388 67 4140
2389 42 4080
2390 0 1
2391 94 4181
2392 30 4139
2393 27 4164
2394 30 4159
2395 30 4204
2396 36 4198
2397 32 4168
2398 30 4132
2399 55 4168
900 43 4173
901 37 4144
902 36 4165
903 32 4181
904 35 4150
905 35 4100
906 36 4136
907 34 4169
908 52 4200
909 40 4143
910 32 4171
911 35 4114
912 34 4169
913 35 4178
914 34 4068
915 29 4126
916 30 4222
917 35 4182
918 30 4121
919 34 4143
920 29 4162
921 34 4181
922 30 4124
923 32 4155
924 33 4129
925 28 4167
926 31 4116
927 32 4156
928 41 4179
929 31 4121
930 66 4185
931 50 4157
932 34 4172
933 30 4113
934 38 4167
935 33 4123
936 33 4219
937 32 4195
938 32 4221
939 55 4157
940 38 4211
941 0 1
942 32 4154
943 31 4175
944 33 4151
945 37 4191
946 33 4179
947 35 4157
948 33 4183
949 31 4177
950 31 4165
951 34 4207
952 32 4151
953 36 4163
954 31 4163
955 32 4151
956 36 4176
957 36 4164
958 33 4086
959 29 4152
960 39 4164
961 38 4172
962 28 4137
963 40 4179
964 33 4133
965 31 4207
966 34 4143
967 28 4178
968 0 1
969 35 4169
970 35 4149
971 33 4173
972 29 4153
973 33 4124
974 35 4162
975 47 4193
976 32 4185
977 40 4136
978 86 4123
979 37 4123
980 34 4145
981 32 4197
982 32 4156
983 30 4161
984 32 4158
985 33 4148
986 29 4115
987 31 4180
988 33 4183
989 31 4162
990 31 4099
991 38 4161
992 34 4198
993 32 4194
994 33 4106
995 32 4177
996 28 4183
997 33 4207
998 33 4182
999 34 4174
3400 47 4173
3401 40 4181
3402 36 4178
3403 36 4164
3404 34 4107
3405 42 4170
3406 37 4154
3407 32 4162
3408 30 4180
3409 55 4205
3410 39 4145
3411 38 4213
3412 32 4134
3413 31 4156
3414 34 4156
3415 32 4145
3416 37 4192
3417 44 4134
3418 33 4160
3419 42 4141
3420 29 4142
3421 37 4177
3422 31 4167
3423 32 4165
3424 30 4136
3425 38 4142
3426 28 4154
3427 32 4150
3428 35 4165
3429 34 4159
3430 31 4133
3431 38 4120
3432 34 4131
3433 34 4164
3434 0 1
3435 33 4141
3436 43 4143
3437 30 4166
3438 46 4196
3439 34 4148
3440 37 4146
3441 29 4164
3442 32 4185
3443 29 4188
3444 46 4190
3445 35 4128
3446 36 4143
3447 0 1
3448 31 4151
3449 37 4083
3450 35 4154
3451 41 4141
3452 76 4157
3453 111 4119
3454 36 4145
3455 34 4184
3456 0 1
3457 0 1
3458 0 1
3459 0 1
3460 33 4161
3461 40 4128
3462 0 1
3463 32 4138
3464 37 4135
3465 40 4151
3466 33 4098
3467 33 4118
3468 39 4208
3469 41 4138
3470 44 4185
3471 0 1
3472 0 1
3473 34 4164
3474 33 4105
3475 33 4216
3476 34 4173
3477 45 4217
3478 61 4221
3479 37 4166
3480 51 4193
3481 30 4159
3482 33 4199
3483 40 4164
3484 35 4160
3485 94 4123
3486 39 4169
3487 57 4126
3488 42 4227
3489 34 4182
3490 32 4170
3491 0 1
3492 0 1
3493 0 1
3494 41 4183
3495 0 1
3496 43 4236
3497 58 4141
3498 0 1
3499 34 4175
1500 58 4144
1501 41 4193
1502 33 4154
1503 35 4159
1504 34 4189
1505 40 4101
1506 45 4197
1507 108 4086
1508 0 1
1509 35 4160
1510 33 4136
1511 30 4188
1512 34 4168
1513 34 4145
1514 31 4193
1515 32 4206
1516 34 4150
1517 31 4143
1518 29 4145
1519 33 4167
1520 31 4103
1521 33 4178
1522 0 1
1523 33 4193
1524 42 4159
1525 38 4125
1526 32 4133
1527 33 4111
1528 31 4167
1529 36 4129
1530 43 4160
1531 50 4124
1532 38 4147
1533 32 4147
1534 34 4142
1535 30 4139
1536 38 4178
1537 30 4202
1538 46 4121
1539 52 4165
1540 33 4193
1541 33 4141
1542 28 4176
1543 61 4157
1544 29 4144
1545 28 4165
1546 33 4189
1547 30 4183
1548 34 4198
1549 37 4183
1550 31 4127
1551 32 4133
1552 0 1
1553 31 4176
1554 30 4130
1555 33 4161
1556 31 4191
1557 32 4124
1558 38 4168
1559 31 4180
1560 36 4218
1561 35 4171
1562 38 4155
1563 34 4187
1564 35 4120
1565 33 4161
1566 31 4202
1567 31 4210
1568 31 4150
1569 34 4166
1570 34 4127
1571 0 1
1572 34 4154
1573 35 4153
1574 0 1
1575 58 4143
1576 0 1
1577 32 4109
1578 37 4202
1579 34 4137
1580 43 4154
1581 37 4183
1582 34 4130
1583 33 4165
1584 35 4196
1585 34 4125
1586 30 4157
1587 39 4103
1588 39 4141
1589 32 4171
1590 29 4120
1591 37 4146
1592 64 4179
1593 33 4157
1594 30 4142
1595 32 4144
1596 32 4160
1597 36 4188
1598 37 4134
1599 37 4156
4300 59 4153
4301 0 1
4302 0 1
4303 0 1
4304 41 4151
4305 32 4169
4306 91 4136
4307 54 4151
4308 0 1
4309 0 1
4310 0 1
4311 55 4137
4312 0 1
4313 34 4125
4314 45 4153
4315 61 4153
4316 0 1
4317 33 4162
4318 51 4154
4319 0 1
4320 34 4112
4321 66 4173
4322 0 1
4323 0 1
4324 0 1
4325 46 4189
4326 0 1
4327 36 4159
4328 35 4149
4329 0 1
4330 0 1
4331 68 4155
4332 32 4143
4333 66 4178
4334 33 4157
4335 36 4132
4336 0 1
4337 0 1
4338 0 1
4339 0 1
4340 0 1
4341 34 4088
4342 33 4187
4343 39 4180
4344 38 4180
4345 0 1
4346 41 4105
4347 0 1
4348 37 4113
4349 69 4175
4350 37 4173
4351 42 4114
4352 36 4202
4353 0 1
4354 32 4134
4355 0 1
4356 41 4136
4357 0 1
4358 48 4142
4359 49 4197
4360 0 1
4361 0 1
4362 31 4147
4363 37 4111
4364 39 4172
4365 35 4185
4366 0 1
4367 38 4157
4368 38 4149
4369 0 1
4370 38 4171
4371 48 4153
4372 35 4144
4373 0 1
4374 0 1
4375 0 1
4376 0 1
4377 0 1
4378 42 4199
4379 0 1
4380 0 1
4381 32 4153
4382 70 4131
4383 64 4173
4384 92 4116
4385 40 4141
4386 0 1
4387 37 4174
4388 38 4187
4389 58 4155
4390 36 4142
4391 45 4148
4392 0 1
4393 39 4167
4394 30 4175
4395 41 4148
4396 37 4148
4397 35 4140
4398 37 4199
4399 54 4162
5400 0 1
5401 0 1
5402 49 4161
5403 0 1
5404 0 1
5405 0 1
5406 49 4227
5407 40 4165
5408 0 1
5409 0 1
5410 40 4149
5411 33 4157
5412 0 1
5413 0 1
5414 0 1
5415 0 1
5416 42 4151
5417 0 1
5418 0 1
5419 54 4149
5420 38 4103
5421 42 4121
5422 0 1
5423 0 1
5424 42 4177
5425 49 4158
5426 49 4143
5427 124 4124
5428 0 1
5429 52 4116
5430 36 4142
5431 3 2
5432 11 2
5433 88 4166
5434 35 4162
5435 47 4179
5436 39 4135
5437 29 4145
5438 0 1
5439 0 1
5440 46 4139
5441 54 4172
5442 0 1
5443 34 4196
5444 37 4185
5445 36 4171
5446 32 4153
5447 38 4129
5448 0 1
5449 0 1
5450 41 4210
5451 38 4146
5452 70 4183
5453 0 1
5454 48 4166
5455 98 4195
5456 0 1
5457 0 1
5458 50 4124
5459 34 4206
5460 38 4136
5461 38 4154
5462 0 1
5463 0 1
5464 0 1
5465 11 2
5466 6 2
5467 35 4167
5468 0 1
5469 42 4181
5470 0 1
5471 36 4153
5472 0 1
5473 0 1
5474 55 4226
5475 33 4151
5476 0 1
5477 0 1
5478 45 4175
5479 49 4145
5480 0 1
5481 0 1
5482 45 4166
5483 34 4179
5484 0 1
5485 49 4146
5486 37 4178
5487 31 4157
5488 62 4204
5489 32 4157
5490 37 4161
5491 53 4179
5492 79 4161
5493 53 4177
5494 35 4111
5495 36 4177
5496 42 4111
5497 40 4141
5498 0 1
5499 0 1
6500 33 2
6501 1 2
6502 0 1
6503 0 1
6504 0 1
6505 0 1
6506 0 1
6507 3 2
6508 34 4172
6509 0 1
6510 0 1
6511 0 1
6512 0 1
6513 0 1
6514 55 4149
6515 0 1
6516 0 1
6517 42 4128
6518 33 4177
6519 0 1
6520 0 1
6521 0 1
6522 0 1
6523 0 1
6524 31 4156
6525 0 1
6526 0 1
6527 0 1
6528 53 4159
6529 0 1
6530 36 4200
6531 0 1
6532 0 1
6533 0 1
6534 0 1
6535 0 1
6536 0 1
6537 0 1
6538 55 4141
6539 61 4122
6540 27 2
6541 47 2
6542 45 4158
6543 33 4102
6544 38 4136
6545 95 4091
6546 0 1
6547 0 1
6548 49 4182
6549 0 1
6550 50 4202
3300 0 1
3301 0 1
3302 40 4181
3303 34 4194
3304 73 4166
3305 0 1
3306 35 4207
3307 39 4177
3308 57 4182
3309 35 4167
3310 0 1
3311 35 4161
3312 42 4181
3313 34 4242
3314 0 1
3315 31 4162
3316 39 4135
3317 39 4158
3318 27 4143
3319 38 4160
3320 34 4154
3321 37 4161
3322 34 4217
3323 34 4194
3324 64 4141
3325 29 4145
3326 52 4168
3327 30 4127
3328 37 4191
3329 56 4172
3330 2 2
3331 43 4132
3332 0 1
3333 52 4127
3334 34 4159
3335 34 4184
3336 31 4182
3337 0 1
3338 0 1
3339 37 4150
3340 75 4117
3341 39 4192
3342 31 4153
3343 52 4200
3344 0 1
3345 34 4162
3346 31 4153
3347 35 4154
3348 27 4173
3349 40 4199
3350 0 1
3351 53 4132
3352 0 1
3353 39 4155
3354 41 4149
3355 35 4163
3356 0 1
3357 0 1
3358 0 1
3359 41 4165
3360 0 1
3361 38 4183
3362 0 1
3363 0 1
3364 40 4169
3365 46 4154
3366 34 4167
3367 40 4119
3368 0 1
3369 74 4154
3370 0 1
3371 36 4203
3372 19 2
3373 3 2
3374 0 1
3375 48 4165
3376 36 4165
3377 42 4181
3378 30 4155
3379 33 4174
3380 41 4056
3381 32 4124
3382 56 4183
3383 31 4129
3384 34 4169
3385 39 4138
3386 35 4149
3387 32 4130
3388 30 4098
3389 31 4116
3390 30 4122
3391 32 4127
3392 40 4150
3393 39 4144
3394 32 4161
3395 37 4154
3396 38 4116
3397 33 4155
3398 31 4205
3399 32 4194
1900 36 4192
1901 34 4169
1902 42 4169
1903 87 4120
1904 96 4142
1905 31 4189
1906 35 4127
1907 31 4152
1908 34 4118
1909 30 4147
1910 54 4160
1911 36 4121
1912 42 4158
1913 39 4170
1914 33 4189
1915 30 4125
1916 29 4112
1917 36 4138
1918 38 4128
1919 37 4169
1920 32 4151
1921 32 4147
1922 43 4192
1923 33 4155
1924 39 4197
1925 36 4173
1926 30 4167
1927 35 4141
1928 32 4186
1929 33 4195
1930 40 4176
1931 38 4165
1932 0 1
1933 33 4161
1934 40 4207
1935 34 4157
1936 41 4147
1937 31 4150
1938 38 4162
1939 59 4153
1940 42 4151
1941 39 4171
1942 35 4103
1943 46 4146
1944 0 1
1945 30 4176
1946 33 4200
1947 27 4023
1948 0 1
1949 36 4132
1950 32 4178
1951 33 4164
1952 29 4194
1953 34 4165
1954 33 4095
1955 32 4212
1956 34 4180
1957 33 4148
1958 43 4107
1959 35 4175
1960 35 4148
1961 29 4144
1962 34 4161
1963 31 4225
1964 35 4163
1965 0 1
1966 33 4146
1967 32 4089
1968 36 4146
1969 30 4206
1970 32 4169
1971 41 4135
1972 68 4216
1973 34 4166
1974 30 4161
1975 64 4111
1976 35 4177
1977 32 4101
1978 43 4127
1979 40 4180
1980 34 4140
1981 37 4159
1982 98 4104
1983 30 4176
1984 53 4231
1985 29 4192
1986 32 4174
1987 37 4133
1988 0 1
1989 37 4190
1990 33 4180
1991 28 4128
1992 29 4152
1993 47 4160
1994 33 4154
1995 32 4154
1996 37 4103
1997 35 4140
1998 32 4162
1999 45 4186
2400 30 4173
2401 32 4166
2402 40 4126
2403 42 4184
2404 32 4121
2405 40 4111
2406 38 4203
2407 35 4175
2408 43 4160
2409 35 4117
2410 34 4137
2411 29 4197
2412 0 1
2413 30 4175
2414 58 4150
2415 45 4213
2416 39 4146
2417 39 4174
2418 29 4090
2419 31 4161
2420 0 1
2421 0 1
2422 34 4140
2423 62 4128
2424 40 4165
2425 31 4182
2426 40 4150
2427 36 4106
2428 35 4172
2429 32 4152
2430 30 4140
2431 37 4186
2432 41 4147
2433 37 4125
2434 31 4144
2435 36 4193
2436 32 4153
2437 31 4180
2438 35 4135
2439 0 1
2440 47 4158
2441 44 4160
2442 32 4177
2443 33 4174
2444 34 4114
2445 36 4134
2446 32 4110
2447 35 4137
2448 36 4164
2449 28 4133
2450 49 4131
2451 36 4164
2452 33 4157
2453 31 4158
2454 37 4135
2455 34 4157
2456 30 4208
2457 33 4121
2458 31 4194
2459 34 4177
2460 31 4155
2461 34 4142
2462 36 4102
2463 34 4206
2464 0 1
2465 31 4179
2466 34 4175
2467 33 4093
2468 44 4158
2469 34 4121
2470 43 4137
2471 50 4175
2472 33 4176
2473 33 4192
2474 40 4149
2475 0 1
2476 32 4110
2477 31 4194
2478 0 1
2479 48 4179
2480 36 4166
2481 35 4173
2482 32 4131
2483 48 4116
2484 40 4130
2485 31 4172
2486 33 4168
2487 44 4177
2488 29 4109
2489 50 4132
2490 0 1
2491 68 4166
2492 36 4127
2493 0 1
2494 35 4116
2495 51 4178
2496 40 4180
2497 40 4195
2498 54 4182
2499 0 1
6200 0 1
6201 0 1
6202 0 1
6203 63 4143
6204 0 1
6205 0 1
6206 0 1
6207 32 4160
6208 0 1
6209 0 1
6210 0 1
6211 0 1
6212 90 2
6213 4 2
6214 0 1
6215 0 1
6216 0 1
6217 0 1
6218 40 4163
6219 0 1
6220 40 2
6221 35 4138
6222 52 4164
6223 0 1
6224 50 4209
6225 30 4128
6226 0 1
6227 0 1
6228 0 1
6229 0 1
6230 0 1
6231 29 4192
6232 0 1
6233 34 4190
6234 41 4175
6235 0 1
6236 31 4089
6237 47 4163
6238 0 1
6239 0 1
6240 0 1
6241 48 4133
6242 50 4150
6243 0 1
6244 31 4167
6245 0 1
6246 36 4145
6247 0 1
6248 32 4086
6249 0 1
6250 0 1
6251 33 4164
6252 0 1
6253 0 1
6254 0 1
6255 0 1
6256 0 1
6257 51 4147
6258 41 4161
6259 0 1
6260 48 4123
6261 62 4127
6262 100 4161
6263 0 1
6264 0 1
6265 65 4129
6266 0 1
6267 43 4158
6268 0 1
6269 0 1
6270 0 1
6271 0 1
6272 0 1
6273 0 1
6274 0 1
6275 0 1
6276 54 4124
6277 48 4145
6278 36 4175
6279 42 4164
6280 36 4118
6281 53 4188
6282 0 1
6283 43 4182
6284 56 4110
6285 31 4124
6286 41 4174
6287 33 4152
6288 72 4157
6289 62 4225
6290 28 4170
6291 35 4102
6292 47 4102
6293 56 4198
6294 42 4162
6295 0 1
6296 0 1
6297 0 1
6298 0 1
6299 40 4162
5300 35 4150
5301 0 1
5302 64 4106
5303 111 3
5304 0 1
5305 30 4195
5306 45 4158
5307 45 4220
5308 0 1
5309 47 4182
5310 0 1
5311 0 1
5312 0 1
5313 47 4158
5314 32 4123
5315 0 1
5316 43 4187
5317 35 4194
5318 62 4165
5319 82 4149
5320 53 4137
5321 67 4155
5322 0 1
5323 0 1
5324 40 4185
5325 65 4135
5326 35 4100
5327 40 4154
5328 33 4172
5329 0 1
5330 28 2
5331 70 2
5332 41 4122
5333 0 1
5334 0 1
5335 0 1
5336 66 4142
5337 31 4159
5338 0 1
5339 36 4155
5340 5 2
5341 0 1
5342 0 1
5343 0 1
5344 0 1
5345 40 4074
5346 39 4169
5347 51 4147
5348 42 4156
5349 47 4173
5350 41 4112
5351 0 1
5352 0 1
5353 0 1
5354 0 1
5355 37 4132
5356 49 4177
5357 45 4151
5358 32 4195
5359 51 4157
5360 0 1
5361 32 4137
5362 40 4120
5363 47 4166
5364 0 1
5365 0 1
5366 43 4087
5367 43 4173
5368 0 1
5369 0 1
5370 38 4184
5371 39 4158
5372 33 4148
5373 45 4170
5374 36 4134
5375 40 4178
5376 35 4202
5377 0 1
5378 82 4138
5379 0 1
5380 29 4138
5381 0 1
5382 0 1
5383 41 4133
5384 0 1
5385 53 4170
5386 0 1
5387 45 4131
5388 8 2
5389 35 4119
5390 76 4134
5391 0 1
5392 35 4188
5393 51 4182
5394 47 4170
5395 0 1
5396 0 1
5397 0 1
5398 0 1
5399 33 4137
4400 68 4154
4401 0 1
4402 0 1
4403 46 4144
4404 35 4171
4405 30 4155
4406 45 4149
4407 30 4186
4408 68 4162
4409 44 4137
4410 0 1
4411 33 4113
4412 37 4184
4413 32 4141
4414 0 1
4415 0 1
4416 0 1
4417 0 1
4418 38 4154
4419 38 4192
4420 96 4125
4421 0 1
4422 0 1
4423 46 4178
4424 29 4199
4425 34 4160
4426 0 1
4427 73 4124
4428 0 1
4429 32 4191
4430 55 4142
4431 32 4199
4432 33 4164
4433 40 4152
4434 30 4152
4435 0 1
4436 0 1
4437 0 1
4438 60 4147
4439 0 1
4440 0 1
4441 38 4139
4442 47 4102
4443 33 4167
4444 0 1
4445 0 1
4446 40 4213
4447 50 4142
4448 51 4165
4449 0 1
4450 0 1
4451 0 1
4452 0 1
4453 0 1
4454 38 4183
4455 39 4130
4456 0 1
4457 34 4157
4458 47 4098
4459 0 1
4460 29 4198
4461 46 4119
4462 0 1
4463 33 4168
4464 36 4215
4465 0 1
4466 0 1
4467 35 4158
4468 0 1
4469 45 4217
4470 54 4179
4471 36 4150
4472 0 1
4473 60 4169
4474 0 1
4475 0 1
4476 0 1
4477 0 1
4478 43 4127
4479 36 4163
4480 0 1
4481 0 1
4482 0 1
4483 40 4187
4484 37 4131
4485 34 4122
4486 38 4102
4487 0 1
4488 0 1
4489 33 4187
4490 40 4063
4491 34 4131
4492 0 1
4493 75 4134
4494 0 1
4495 64 4204
4496 34 4163
4497 52 4140
4498 36 4179
4499 0 1
3800 34 4140
3801 31 4193
3802 32 4123
3803 0 1
3804 30 4149
3805 0 1
3806 31 4127
3807 40 4130
3808 40 4196
3809 0 1
3810 0 1
3811 36 4154
3812 0 1
3813 33 4153
3814 58 4129
3815 37 4190
3816 0 1
3817 0 1
3818 0 1
3819 31 4210
3820 0 1
3821 38 4155
3822 0 1
3823 34 4104
3824 0 1
3825 30 4143
3826 31 4145
3827 11 2
3828 12 2
3829 0 1
3830 37 4171
3831 0 1
3832 51 4180
3833 0 1
3834 40 4170
3835 0 1
3836 40 4171
3837 40 4174
3838 42 4173
3839 46 4119
3840 29 4143
3841 46 4153
3842 108 4171
3843 0 1
3844 42 4161
3845 0 1
3846 0 1
3847 0 1
3848 42 4233
3849 31 4132
3850 31 4125
3851 42 4136
3852 33 4154
3853 0 1
3854 37 4167
3855 32 4145
3856 0 1
3857 0 1
3858 0 1
3859 0 1
3860 37 4129
3861 46 4163
3862 34 4146
3863 37 4152
3864 37 4212
3865 43 4186
3866 68 4146
3867 0 1
3868 81 4180
3869 0 1
3870 46 4161
3871 28 4089
3872 0 1
3873 0 1
3874 0 1
3875 40 4173
3876 0 1
3877 0 1
3878 0 1
3879 37 4146
3880 0 1
3881 0 1
3882 35 4205
3883 35 4217
3884 37 4128
3885 43 4113
3886 37 4211
3887 31 4107
3888 0 1
3889 42 4189
3890 31 4124
3891 34 4139
3892 0 1
3893 32 4176
3894 77 4134
3895 37 4165
3896 33 4134
3897 52 4165
3898 0 1
3899 0 1
3700 48 4233
3701 43 4121
3702 39 4145
3703 32 4211
3704 37 4143
3705 36 4218
3706 35 4108
3707 36 4181
3708 0 1
3709 0 1
3710 0 1
3711 0 1
3712 36 4138
3713 0 1
3714 42 4157
3715 37 4206
3716 30 4153
3717 37 4169
3718 0 1
3719 32 4210
3720 36 4137
3721 35 4186
3722 32 4142
3723 35 4204
3724 34 4136
3725 46 4161
3726 0 1
3727 93 4217
3728 74 4116
3729 46 4113
3730 35 4124
3731 47 4169
3732 34 4126
3733 0 1
3734 0 1
3735 42 4220
3736 32 4151
3737 0 1
3738 40 4148
3739 40 4092
3740 35 4201
3741 29 4140
3742 33 4156
3743 77 4122
3744 0 1
3745 0 1
3746 0 1
3747 38 4168
3748 34 4220
3749 33 4195
3750 0 1
3751 0 1
3752 40 4129
3753 29 4147
3754 52 4173
3755 0 1
3756 41 4114
3757 40 4201
3758 34 4159
3759 0 1
3760 36 4177
3761 31 4184
3762 4 3
3763 44 4200
3764 27 2
3765 39 4103
3766 50 4132
3767 41 4177
3768 48 4148
3769 31 4154
3770 0 1
3771 35 4106
3772 0 1
3773 34 4166
3774 39 4159
3775 33 4164
3776 0 1
3777 31 4147
3778 91 4153
3779 0 1
3780 31 4163
3781 37 4118
3782 0 1
3783 34 4152
3784 0 1
3785 34 4156
3786 34 4171
3787 0 1
3788 0 1
3789 50 4151
3790 37 4133
3791 36 4174
3792 40 4130
3793 55 4152
3794 32 4119
3795 35 4172
3796 37 4201
3797 43 4154
3798 31 4146
3799 0 1
5600 0 1
5601 50 4158
5602 38 4187
5603 31 4140
5604 0 1
5605 37 4195
5606 78 4193
5607 38 4159
5608 37 4217
5609 31 4169
5610 33 4120
5611 46 4143
5612 77 4181
5613 48 4195
5614 42 4140
5615 0 1
5616 37 4120
5617 90 4111
5618 67 4157
5619 39 4179
5620 36 4178
5621 54 4149
5622 35 4207
5623 40 4121
5624 43 4171
5625 64 4171
5626 50 4201
5627 46 4238
5628 35 4220
5629 40 4183
5630 35 4154
5631 36 4195
5632 109 4156
5633 48 4168
5634 63 4161
5635 56 4143
5636 40 4161
5637 37 4156
5638 41 4113
5639 49 4157
5640 50 4209
5641 40 4160
5642 34 4114
5643 53 4191
5644 59 4180
5645 33 4169
5646 47 4190
5647 60 4172
5648 0 1
5649 0 1
5650 0 1
5651 0 1
5652 50 4168
5653 0 1
5654 35 4156
5655 0 1
5656 38 4156
5657 62 4126
5658 51 4161
5659 38 4134
5660 47 4136
5661 45 4139
5662 41 4099
5663 41 4145
5664 0 1
5665 40 4219
5666 49 4169
5667 0 1
5668 32 4181
5669 0 1
5670 0 1
5671 0 1
5672 50 4160
5673 0 1
5674 44 4145
5675 0 1
5676 0 1
5677 0 1
5678 35 4150
5679 41 4149
5680 27 4150
5681 0 1
5682 0 1
5683 46 4167
5684 0 1
5685 45 4160
5686 0 1
5687 67 4118
5688 0 1
5689 39 4198
5690 42 4209
5691 84 4144
5692 43 4137
5693 35 4189
5694 0 1
5695 0 1
5696 0 1
5697 34 4151
5698 0 1
5699 0 1
3100 30 4216
3101 31 4168
3102 33 4138
3103 60 4137
3104 36 4180
3105 35 4196
3106 39 4142
3107 66 4137
3108 56 4152
3109 49 4157
3110 0 1
3111 38 4185
3112 45 4200
3113 0 1
3114 33 4174
3115 34 4182
3116 32 4167
3117 31 4174
3118 32 4162
3119 38 4144
3120 29 4198
3121 32 4176
3122 37 4183
3123 33 4163
3124 38 4167
3125 33 4154
3126 35 4166
3127 30 4169
3128 42 4137
3129 31 4182
3130 0 1
3131 32 4130
3132 33 4197
3133 37 4127
3134 0 1
3135 29 4128
3136 40 4149
3137 31 4150
3138 0 1
3139 38 4191
3140 31 4175
3141 0 1
3142 0 1
3143 0 1
3144 64 4152
3145 46 4155
3146 38 4135
3147 45 4165
3148 32 4154
3149 41 4216
3150 0 1
3151 40 4178
3152 51 4178
3153 32 4119
3154 45 4183
3155 0 1
3156 0 1
3157 54 4158
3158 0 1
3159 9 3
3160 7 3
3161 23 3
3162 32 4132
3163 0 1
3164 51 4162
3165 0 1
3166 0 1
3167 12 2
3168 67 4103
3169 109 4162
3170 0 1
3171 38 4109
3172 39 4172
3173 33 4156
3174 34 4156
3175 38 4127
3176 36 4146
3177 36 4148
3178 32 4154
3179 43 4122
3180 34 4150
3181 34 4160
3182 39 4134
3183 0 1
3184 34 4171
3185 38 4152
3186 36 4159
3187 35 4152
3188 32 4142
3189 36 4132
3190 32 4160
3191 32 4102
3192 46 4155
3193 0 1
3194 36 4181
3195 0 1
3196 36 4215
3197 38 4137
3198 37 4113
3199 0 1
5800 0 1
5801 0 1
5802 39 4209
5803 46 4168
5804 35 4163
5805 43 4188
5806 39 4152
5807 0 1
5808 47 4133
5809 36 4202
5810 0 1
5811 0 1
5812 0 1
5813 0 1
5814 41 4138
5815 0 1
5816 0 1
5817 32 4127
5818 1 2
5819 58 4200
5820 38 4178
5821 35 4176
5822 0 1
5823 38 4224
5824 0 1
5825 0 1
5826 41 4145
5827 53 4126
5828 0 1
5829 0 1
5830 0 1
5831 0 1
5832 30 4152
5833 44 4179
5834 0 1
5835 0 1
5836 50 4185
5837 37 4204
5838 0 1
5839 36 4145
5840 64 4114
5841 0 1
5842 0 1
5843 0 1
5844 53 4117
5845 0 1
5846 0 1
5847 13 2
5848 53 4210
5849 38 4151
5850 0 1
5851 34 4187
5852 0 1
5853 0 1
5854 37 4193
5855 29 4227
5856 0 1
5857 35 4156
5858 0 1
5859 33 4145
5860 60 4183
5861 50 4167
5862 0 1
5863 37 4197
5864 0 1
5865 0 1
5866 0 1
5867 69 4158
5868 131 4144
5869 0 1
5870 65 4169
5871 36 4154
5872 0 1
5873 76 4168
5874 0 1
5875 34 4137
5876 0 1
5877 36 4128
5878 35 4177
5879 36 4180
5880 0 1
5881 0 1
5882 0 1
5883 51 4212
5884 0 1
5885 0 1
5886 36 4212
5887 32 4161
5888 0 1
5889 0 1
5890 37 4126
5891 0 1
5892 0 1
5893 49 4172
5894 0 1
5895 0 1
5896 0 1
5897 0 1
5898 58 4142
5899 36 4161
1000 29 4191
1001 31 4188
1002 33 4171
1003 31 4158
1004 32 4154
1005 57 4156
1006 38 4172
1007 39 4172
1008 37 4178
1009 35 4178
1010 40 4182
1011 33 4191
1012 0 1
1013 0 1
1014 34 4154
1015 31 4115
1016 32 4183
1017 31 4117
1018 29 4137
1019 33 4160
1020 35 4157
1021 29 4125
1022 31 4136
1023 29 4142
1024 46 4167
1025 32 4182
1026 33 4132
1027 27 4113
1028 40 4117
1029 33 4175
1030 33 4193
1031 39 4193
1032 32 4185
1033 29 4160
1034 47 4179
1035 37 4171
1036 35 4149
1037 39 4142
1038 46 4158
1039 31 4128
1040 31 4175
1041 28 4181
1042 32 4192
1043 93 4164
1044 32 4170
1045 39 4166
1046 29 4201
1047 0 1
1048 32 4148
1049 36 4222
1050 35 4176
1051 31 4178
1052 33 4153
1053 0 1
1054 46 4141
1055 38 4175
1056 32 4184
1057 28 4185
1058 74 4194
1059 34 4173
1060 49 4143
1061 30 4185
1062 35 4177
1063 29 4172
1064 32 4162
1065 35 4166
1066 45 4196
1067 30 4140
1068 30 4170
1069 33 4187
1070 36 4174
1071 31 4190
1072 32 4057
1073 35 4205
1074 29 4127
1075 36 4172
1076 39 4127
1077 32 4172
1078 28 4133
1079 32 4126
1080 32 4145
1081 36 4134
1082 38 4150
1083 34 4092
1084 30 4119
1085 32 4123
1086 30 4207
1087 33 4183
1088 30 4157
1089 32 4142
1090 34 4138
1091 37 4132
1092 34 4194
1093 26 4116
1094 0 1
1095 0 1
1096 37 4189
1097 0 1
1098 0 1
1099 34 4127
5700 0 1
5701 57 4180
5702 0 1
5703 0 1
5704 31 4103
5705 58 4192
5706 45 4187
5707 0 1
5708 0 1
5709 30 4168
5710 57 4169
5711 69 4137
5712 0 1
5713 41 4164
5714 0 1
5715 73 4178
5716 104 4185
5717 0 1
5718 0 1
5719 0 1
5720 47 4155
5721 37 4160
5722 34 4152
5723 49 4145
5724 47 4130
5725 0 1
5726 0 1
5727 0 1
5728 10 2
5729 5 2
5730 46 4181
5731 41 4175
5732 0 1
5733 0 1
5734 0 1
5735 45 4150
5736 42 4177
5737 36 4098
5738 63 4166
5739 72 4193
5740 33 4171
5741 39 4131
5742 58 4231
5743 42 4187
5744 34 4155
5745 42 4190
5746 0 1
5747 0 1
5748 32 4099
5749 0 1
5750 0 1
5751 0 1
5752 0 1
5753 0 1
5754 0 1
5755 0 1
5756 55 4179
5757 0 1
5758 0 1
5759 0 1
5760 49 4169
5761 56 4174
5762 0 1
5763 42 4145
5764 0 1
5765 93 4157
5766 33 2
5767 44 4161
5768 0 1
5769 33 4165
5770 0 1
5771 0 1
5772 0 1
5773 0 1
5774 0 1
5775 0 1
5776 0 1
5777 27 4106
5778 87 4210
5779 41 4145
5780 0 1
5781 57 4145
5782 0 1
5783 45 4118
5784 34 4219
5785 0 1
5786 66 4159
5787 87 4082
5788 0 1
5789 0 1
5790 36 4167
5791 0 1
5792 0 1
5793 35 4182
5794 66 4148
5795 0 1
5796 0 1
5797 0 1
5798 0 1
5799 0 1
5100 43 4111
5101 0 1
5102 0 1
5103 0 1
5104 0 1
5105 34 4173
5106 0 1
5107 38 4114
5108 69 4186
5109 30 4092
5110 0 1
5111 0 1
5112 102 4163
5113 61 4130
5114 0 1
5115 1 2
5116 0 1
5117 52 4121
5118 0 1
5119 30 4186
5120 0 1
5121 0 1
5122 0 1
5123 38 4149
5124 0 1
5125 79 4188
5126 46 4172
5127 34 4201
5128 46 4188
5129 0 1
5130 0 1
5131 20 2
5132 11 2
5133 0 1
5134 34 4158
5135 0 1
5136 58 4149
5137 0 1
5138 44 4152
5139 0 1
5140 0 1
5141 41 4185
5142 0 1
5143 0 1
5144 0 1
5145 33 4178
5146 32 4147
5147 0 1
5148 0 1
5149 0 1
5150 0 1
5151 0 1
5152 48 4119
5153 0 1
5154 0 1
5155 18 2
5156 10 2
5157 0 1
5158 0 1
5159 83 4155
5160 34 4182
5161 0 1
5162 41 4114
5163 0 1
5164 71 4079
5165 42 4147
5166 0 1
5167 90 4163
5168 0 1
5169 38 4078
5170 0 1
5171 36 4154
5172 0 1
5173 0 1
5174 0 1
5175 32 4151
5176 0 1
5177 0 1
5178 0 1
5179 39 4191
5180 0 1
5181 0 1
5182 0 1
5183 37 4205
5184 42 4122
5185 43 4167
5186 0 1
5187 38 4171
5188 0 1
5189 41 4125
5190 38 4136
5191 0 1
5192 76 4209
5193 28 4153
5194 62 4137
5195 0 1
5196 37 4136
5197 0 1
5198 0 1
5199 0 1
3600 34 4115
3601 33 4140
3602 0 1
3603 63 4195
3604 0 1
3605 90 4160
3606 0 1
3607 0 1
3608 36 4175
3609 38 4149
3610 34 4156
3611 34 4170
3612 37 4180
3613 34 4171
3614 39 4142
3615 37 4167
3616 46 4157
3617 63 4195
3618 0 1
3619 36 4173
3620 61 4096
3621 41 4140
3622 0 1
3623 32 4130
3624 32 4201
3625 0 1
3626 43 4166
3627 0 1
3628 30 4162
3629 32 4221
3630 51 4213
3631 2 2
3632 39 4181
3633 41 4182
3634 43 4163
3635 0 1
3636 45 4119
3637 0 1
3638 0 1
3639 34 4171
3640 93 4151
3641 32 4105
3642 37 4187
3643 38 4148
3644 34 4214
3645 0 1
3646 41 4195
3647 0 1
3648 33 4142
3649 0 1
3650 34 4164
3651 37 4159
3652 47 4178
3653 59 4174
3654 45 4097
3655 0 1
3656 47 4148
3657 42 4161
3658 38 4133
3659 34 4156
3660 47 4112
3661 0 1
3662 32 4136
3663 39 4146
3664 0 1
3665 52 4207
3666 47 4106
3667 33 4182
3668 32 4152
3669 76 4174
3670 36 4134
3671 43 4127
3672 0 1
3673 0 1
3674 32 4207
3675 35 4077
3676 37 4182
3677 39 4175
3678 50 4158
3679 48 4124
3680 0 1
3681 0 1
3682 36 4137
3683 0 1
3684 35 4197
3685 54 4124
3686 0 1
3687 37 4156
3688 37 4159
3689 42 4113
3690 40 4152
3691 100 4153
3692 0 1
3693 46 4174
3694 0 1
3695 0 1
3696 0 1
3697 0 1
3698 47 4145
3699 30 4142
600 36 4152
601 32 4134
602 30 4102
603 32 4112
604 34 4155
605 32 4142
606 40 4174
607 37 4150
608 36 4147
609 30 4119
610 37 4149
611 32 4144
612 31 4075
613 28 4189
614 32 4215
615 73 4144
616 31 4156
617 32 4204
618 32 4174
619 33 4159
620 31 4100
621 32 4183
622 32 4179
623 35 4176
624 31 4147
625 37 4216
626 33 4182
627 0 1
628 36 4245
629 29 4116
630 29 4107
631 29 4195
632 28 4135
633 32 4166
634 36 4196
635 35 4122
636 34 4171
637 34 4192
638 33 4141
639 31 4106
640 32 4113
641 29 4216
642 30 4141
643 31 4165
644 31 4165
645 32 4179
646 32 4166
647 32 4126
648 30 4138
649 37 4167
650 36 4088
651 30 4107
652 33 4160
653 31 4231
654 38 4174
655 32 4170
656 33 4126
657 33 4121
658 35 4199
659 45 4138
660 33 4133
661 6 2
662 22 2
663 0 1
664 0 1
665 35 4203
666 35 4153
667 29 4125
668 34 4214
669 41 4151
670 34 4178
671 30 4154
672 28 4107
673 32 4137
674 30 4183
675 33 4144
676 30 4182
677 29 4171
678 36 4120
679 31 4176
680 32 4236
681 29 4148
682 28 4152
683 0 1
684 81 4115
685 35 4171
686 0 1
687 0 1
688 0 1
689 4 2
690 24 2
691 0 1
692 0 1
693 33 4132
694 35 4184
695 32 4155
696 32 4157
697 43 4195
698 29 4142
699 52 4132
100 31 4123
101 36 4177
102 30 4126
103 31 4136
104 34 4182
105 32 4140
106 27 4196
107 34 4161
108 34 4176
109 29 4111
110 31 4151
111 33 4181
112 32 4171
113 38 4140
114 52 4177
115 34 4146
116 45 4178
117 29 4190
118 32 4200
119 43 4141
120 34 4159
121 41 4136
122 76 4147
123 28 4171
124 32 4130
125 34 4125
126 46 4129
127 32 4116
128 35 4169
129 40 4166
130 64 4213
131 58 4148
132 84 4151
133 38 4112
134 34 4176
135 38 4148
136 30 4166
137 37 4205
138 43 4153
139 34 4177
140 33 4133
141 31 4128
142 33 4145
143 31 4175
144 30 4147
145 36 4156
146 30 4184
147 35 4155
148 0 1
149 35 4187
150 35 4138
151 0 1
152 36 4160
153 35 4184
154 37 4149
155 38 4135
156 27 4199
157 40 4161
158 38 4148
159 54 4145
160 39 4161
161 31 4144
162 38 4191
163 39 4163
164 32 4154
165 31 4202
166 35 4168
167 47 4191
168 33 4203
169 40 4136
170 32 4186
171 32 4139
172 29 4133
173 33 4170
174 33 4160
175 32 4153
176 36 4173
177 36 4154
178 0 1
179 32 4191
180 31 4130
181 30 4171
182 35 4168
183 48 4149
184 38 4194
185 33 4172
186 31 4227
187 32 4151
188 30 4159
189 38 4176
190 31 4172
191 32 4137
192 31 4116
193 30 4169
194 38 4171
195 32 4123
196 31 4201
197 32 4148
198 31 4157
199 33 4180
0 30 4114
1 35 4122
2 35 4112
3 31 4140
4 33 4114
5 35 4143
6 34 4163
7 35 4181
8 30 4160
9 76 4152
10 37 4123
11 34 4142
12 33 4178
13 36 4150
14 31 4117
15 33 4215
16 32 4100
17 29 4131
18 25 4207
19 32 4164
20 33 4182
21 36 4189
22 31 4173
23 0 1
24 31 4163
25 35 4169
26 34 4160
27 36 4208
28 32 4142
29 28 4159
30 30 4152
31 29 4137
32 30 4157
33 30 4147
34 31 4134
35 0 1
36 32 4173
37 31 4193
38 32 4169
39 30 4125
40 41 4157
41 35 4120
42 35 4135
43 29 4191
44 33 4154
45 31 4181
46 0 1
47 32 4185
48 31 4165
49 34 4173
50 34 4173
51 32 4180
52 31 4160
53 39 4177
54 32 4137
55 34 4177
56 32 4174
57 31 4088
58 34 4192
59 37 4162
60 31 4153
61 28 4211
62 34 4120
63 31 4161
64 34 4112
65 37 4148
66 30 4153
67 33 4109
68 35 4157
69 30 4226
70 37 4173
71 34 4171
72 36 4153
73 33 4195
74 36 4143
75 39 4176
76 0 1
77 31 4192
78 36 4214
79 30 4173
80 35 4155
81 31 4170
82 35 4207
83 30 4140
84 33 4173
85 33 4126
86 29 4167
87 38 4191
88 30 4135
89 33 4155
90 32 4167
91 31 4116
92 33 4195
93 32 4136
94 32 4118
95 31 4117
96 32 4140
97 35 4145
98 32 4262
99 28 4117
2800 30 2
2801 8 2
2802 32 4148
2803 63 4116
2804 39 4148
2805 33 4097
2806 39 4171
2807 42 4162
2808 0 1
2809 0 1
2810 0 1
2811 0 1
2812 0 1
2813 0 1
2814 0 1
2815 0 1
2816 0 1
2817 0 1
2818 29 4176
2819 83 4166
2820 0 1
2821 35 4157
2822 32 4127
2823 31 4169
2824 0 1
2825 0 1
2826 58 4147
2827 35 4167
2828 43 4150
2829 50 4152
2830 33 4199
2831 28 4156
2832 0 1
2833 34 4205
2834 26 4172
2835 37 4166
2836 46 4183
2837 58 4159
2838 41 4187
2839 41 4079
2840 36 4168
2841 0 1
2842 33 4125
2843 35 4189
2844 39 4151
2845 0 1
2846 32 4178
2847 39 4157
2848 33 4183
2849 32 4150
2850 31 4171
2851 33 4115
2852 44 4150
2853 55 4144
2854 40 4202
2855 38 4169
2856 0 1
2857 33 4188
2858 35 4158
2859 33 4177
2860 33 4134
2861 34 4193
2862 57 4126
2863 46 4161
2864 31 4193
2865 35 4134
2866 34 4157
2867 76 4147
2868 54 4176
2869 0 1
2870 0 1
2871 33 4206
2872 0 1
2873 36 4151
2874 32 4140
2875 33 4176
2876 32 4176
2877 0 1
2878 34 4151
2879 33 4156
2880 29 4148
2881 35 4148
2882 36 4123
2883 32 4176
2884 33 4219
2885 36 4127
2886 32 4100
2887 41 4177
2888 53 4181
2889 41 4199
2890 30 4126
2891 59 4153
2892 0 1
2893 34 4138
2894 46 4189
2895 0 1
2896 109 4150
2897 32 4183
2898 42 4139
2899 58 4162
800 32 4146
801 30 4142
802 29 4195
803 28 4202
804 31 4166
805 29 4214
806 28 4184
807 38 4151
808 29 4184
809 33 4157
810 31 4145
811 33 4189
812 31 4095
813 43 4192
814 36 4150
815 0 1
816 0 1
817 0 1
818 34 4145
819 39 4104
820 39 4149
821 37 4169
822 0 1
823 33 4158
824 31 4189
825 34 4203
826 29 4155
827 0 1
828 31 4156
829 34 4167
830 33 4175
831 0 1
832 28 4147
833 34 4142
834 35 4146
835 29 4118
836 36 4178
837 61 4128
838 0 1
839 28 4165
840 31 4109
841 37 4159
842 33 4129
843 30 4115
844 34 4133
845 28 4155
846 0 1
847 40 4165
848 31 4104
849 29 4165
850 38 4183
851 32 4151
852 31 4158
853 32 4160
854 32 4147
855 27 4161
856 30 4187
857 32 4174
858 32 4195
859 33 4109
860 32 4137
861 33 4182
862 32 4139
863 29 4218
864 38 4166
865 30 4174
866 0 1
867 42 4141
868 29 4129
869 34 4175
870 92 4191
871 31 4143
872 34 4154
873 0 1
874 63 4161
875 38 4177
876 39 4191
877 34 4157
878 34 4157
879 29 4160
880 41 4117
881 33 4197
882 30 4159
883 0 1
884 33 4162
885 32 4140
886 34 4129
887 30 4147
888 37 4145
889 27 4136
890 36 4193
891 31 4209
892 29 4086
893 34 4126
894 33 4189
895 35 4156
896 34 4181
897 35 4116
898 32 4143
899 30 4158
6000 41 4181
6001 45 4133
6002 30 4130
6003 69 4190
6004 48 4187
6005 44 4200
6006 0 1
6007 35 4161
6008 0 1
6009 46 4215
6010 46 4184
6011 11 2
6012 20 2
6013 0 1
6014 33 4147
6015 0 1
6016 0 1
6017 0 1
6018 41 4147
6019 0 1
6020 37 4218
6021 39 4139
6022 0 1
6023 0 1
6024 0 1
6025 0 1
6026 0 1
6027 0 1
6028 0 1
6029 0 1
6030 0 1
6031 0 1
6032 0 1
6033 0 1
6034 0 1
6035 0 1
6036 35 4156
6037 67 4213
6038 15 2
6039 34 4168
6040 36 4168
6041 0 1
6042 34 4138
6043 0 1
6044 0 1
6045 0 1
6046 0 1
6047 43 4241
6048 0 1
6049 0 1
6050 0 1
6051 0 1
6052 0 1
6053 0 1
6054 0 1
6055 0 1
6056 36 4129
6057 37 4183
6058 0 1
6059 0 1
6060 0 1
6061 0 1
6062 38 4126
6063 40 4170
6064 36 4153
6065 0 1
6066 0 1
6067 37 4178
6068 36 4162
6069 48 4197
6070 0 1
6071 0 1
6072 37 4181
6073 34 4125
6074 58 4173
6075 38 4105
6076 0 1
6077 31 4182
6078 35 4167
6079 0 1
6080 43 2
6081 6 2
6082 0 1
6083 38 4127
6084 0 1
6085 41 4163
6086 0 1
6087 0 1
6088 0 1
6089 0 1
6090 0 1
6091 0 1
6092 40 4168
6093 0 1
6094 0 1
6095 34 4254
6096 0 1
6097 0 1
6098 0 1
6099 36 4142
2700 38 4151
2701 38 4159
2702 30 4096
2703 34 4164
2704 30 4196
2705 38 4142
2706 36 4160
2707 33 4169
2708 43 4143
2709 37 4142
2710 46 4178
2711 0 1
2712 33 4238
2713 0 1
2714 36 4176
2715 36 4130
2716 0 1
2717 47 4095
2718 31 4158
2719 31 4190
2720 40 4091
2721 39 4171
2722 40 4156
2723 35 4152
2724 33 4156
2725 33 4172
2726 35 4153
2727 32 4182
2728 38 4109
2729 56 4162
2730 36 4173
2731 35 4110
2732 0 1
2733 47 4126
2734 0 1
2735 0 1
2736 0 1
2737 64 4134
2738 35 4193
2739 31 4183
2740 34 4177
2741 36 4207
2742 34 4207
2743 32 4103
2744 35 4155
2745 35 4136
2746 33 4140
2747 32 4176
2748 35 4150
2749 28 4157
2750 33 4123
2751 38 4163
2752 38 4130
2753 33 4165
2754 37 4172
2755 41 4105
2756 35 4118
2757 45 4167
2758 35 4146
2759 33 4108
2760 35 4139
2761 34 4160
2762 0 1
2763 59 4146
2764 34 4142
2765 0 1
2766 60 4137
2767 38 4149
2768 52 4158
2769 37 4131
2770 79 4143
2771 38 4153
2772 0 1
2773 27 4107
2774 37 4174
2775 40 4197
2776 36 4177
2777 48 4128
2778 51 4199
2779 32 4165
2780 32 4182
2781 31 4167
2782 32 4159
2783 35 4171
2784 33 4166
2785 42 4143
2786 33 4097
2787 34 4163
2788 30 4170
2789 32 4203
2790 61 4146
2791 27 4173
2792 35 4136
2793 54 4100
2794 36 4134
2795 40 4190
2796 28 4153
2797 40 4145
2798 37 4230
2799 0 1
4600 33 4215
4601 34 4135
4602 49 4178
4603 36 4088
4604 39 4206
4605 48 4147
4606 42 4176
4607 32 4112
4608 33 4172
4609 42 4156
4610 37 4196
4611 45 4166
4612 0 1
4613 57 4220
4614 34 4176
4615 35 4157
4616 35 4146
4617 38 4198
4618 35 4118
4619 31 4208
4620 55 4131
4621 32 4160
4622 35 4146
4623 0 1
4624 35 4175
4625 12 2
4626 44 4126
4627 55 4180
4628 31 4191
4629 0 1
4630 0 1
4631 36 4148
4632 37 4192
4633 0 1
4634 30 4114
4635 0 1
4636 33 4134
4637 0 1
4638 42 4138
4639 38 4165
4640 0 1
4641 32 4185
4642 33 4174
4643 43 4201
4644 65 4163
4645 0 1
4646 47 4183
4647 43 4166
4648 33 4212
4649 34 4162
4650 40 4141
4651 62 4145
4652 35 4143
4653 32 4135
4654 32 4185
4655 5 2
4656 49 4136
4657 0 1
4658 37 4162
4659 44 4185
4660 0 1
4661 69 4177
4662 40 4108
4663 36 4157
4664 0 1
4665 39 4183
4666 0 1
4667 0 1
4668 38 4155
4669 32 4187
4670 30 4184
4671 47 4129
4672 30 4159
4673 38 4163
4674 40 4146
4675 0 1
4676 0 1
4677 41 4137
4678 37 4121
4679 43 4173
4680 42 4149
4681 58 4100
4682 18 2
4683 1 2
4684 34 4136
4685 51 4137
4686 0 1
4687 51 4173
4688 36 4161
4689 58 4156
4690 31 4166
4691 33 4145
4692 0 1
4693 41 4157
4694 32 4172
4695 30 4186
4696 36 4158
4697 0 1
4698 37 4198
4699 37 4134
2100 29 4162
2101 35 4136
2102 31 4141
2103 48 4204
2104 37 4150
2105 31 4181
2106 33 4200
2107 32 4170
2108 40 4120
2109 31 4201
2110 38 4179
2111 34 4171
2112 35 4171
2113 0 1
2114 0 1
2115 0 1
2116 0 1
2117 0 1
2118 0 1
2119 53 4206
2120 0 1
2121 49 4176
2122 47 4174
2123 37 4180
2124 33 4139
2125 30 4175
2126 32 4181
2127 30 4188
2128 36 4141
2129 44 4184
2130 57 4117
2131 32 4205
2132 34 4216
2133 31 4112
2134 34 4159
2135 37 4158
2136 34 4204
2137 39 4127
2138 50 4192
2139 32 4156
2140 31 4181
2141 35 4171
2142 33 4143
2143 30 4127
2144 41 4199
2145 28 4168
2146 35 4162
2147 39 4177
2148 31 4187
2149 36 4172
2150 36 4092
2151 38 4200
2152 44 4171
2153 36 4149
2154 35 4186
2155 0 1
2156 37 4192
2157 37 4176
2158 0 1
2159 41 4188
2160 35 4187
2161 36 4197
2162 0 1
2163 34 4187
2164 32 4194
2165 42 4170
2166 0 1
2167 42 4162
2168 43 4165
2169 41 4148
2170 38 4119
2171 36 4170
2172 34 4096
2173 0 1
2174 39 4155
2175 0 1
2176 50 4134
2177 0 1
2178 0 1
2179 33 4186
2180 60 4124
2181 36 4204
2182 36 4097
2183 29 4144
2184 33 4182
2185 62 4155
2186 0 1
2187 39 4163
2188 34 4221
2189 36 4128
2190 0 1
2191 79 4107
2192 31 4152
2193 68 4126
2194 39 4144
2195 39 4089
2196 34 4182
2197 34 4104
2198 40 4118
2199 33 4181
4800 33 4088
4801 0 1
4802 34 4166
4803 38 4140
4804 45 4120
4805 0 1
4806 0 1
4807 37 4105
4808 0 1
4809 47 4189
4810 36 4138
4811 34 4191
4812 0 1
4813 30 4166
4814 0 1
4815 68 4163
4816 46 4181
4817 0 1
4818 40 4163
4819 0 1
4820 0 1
4821 0 1
4822 36 4171
4823 0 1
4824 0 1
4825 0 1
4826 38 4191
4827 0 1
4828 0 1
4829 63 4205
4830 39 4115
4831 60 4158
4832 0 1
4833 0 1
4834 42 4131
4835 0 1
4836 0 1
4837 61 4195
4838 42 4161
4839 0 1
4840 49 4195
4841 33 4150
4842 0 1
4843 53 4167
4844 59 4170
4845 34 4137
4846 0 1
4847 34 4098
4848 39 4174
4849 32 4156
4850 32 4162
4851 0 1
4852 49 4199
4853 39 4150
4854 16 2
4855 0 1
4856 0 1
4857 0 1
4858 0 1
4859 34 4190
4860 42 4150
4861 43 4162
4862 99 4111
4863 48 4146
4864 40 4166
4865 0 1
4866 0 1
4867 37 4137
4868 49 4171
4869 32 4173
4870 58 4173
4871 40 4171
4872 0 1
4873 0 1
4874 41 4179
4875 34 4187
4876 59 4172
4877 33 4168
4878 35 4155
4879 33 4200
4880 64 4167
4881 36 4195
4882 33 4175
4883 35 4165
4884 31 4190
4885 36 4123
4886 44 4195
4887 28 4147
4888 32 4199
4889 30 4132
4890 58 4148
4891 58 4179
4892 40 4145
4893 45 4124
4894 0 1
4895 48 4189
4896 51 4195
4897 58 4177
4898 39 4202
4899 31 4181
4700 32 4136
4701 0 1
4702 30 4149
4703 35 4181
4704 0 1
4705 0 1
4706 0 1
4707 0 1
4708 0 1
4709 0 1
4710 34 4110
4711 31 4124
4712 34 4201
4713 29 4158
4714 36 4158
4715 40 4141
4716 36 4185
4717 45 4211
4718 0 1
4719 45 4156
4720 39 4171
4721 0 1
4722 31 4186
4723 31 4148
4724 0 1
4725 38 4153
4726 32 4149
4727 34 4148
4728 35 4192
4729 0 1
4730 0 1
4731 0 1
4732 0 1
4733 62 4134
4734 0 1
4735 32 4094
4736 38 4140
4737 39 4162
4738 54 4132
4739 109 4118
4740 45 4197
4741 56 4208
4742 31 4192
4743 29 4140
4744 43 4163
4745 31 4128
4746 44 4176
4747 47 4126
4748 31 4133
4749 0 1
4750 34 4168
4751 70 4165
4752 40 4111
4753 48 4189
4754 37 4177
4755 0 1
4756 0 1
4757 33 4117
4758 0 1
4759 0 1
4760 0 1
4761 0 1
4762 39 4121
4763 0 1
4764 33 4168
4765 43 4159
4766 42 4165
4767 68 4157
4768 42 4198
4769 41 4180
4770 36 4160
4771 54 4182
4772 41 4155
4773 36 4201
4774 37 4113
4775 38 4167
4776 0 1
4777 0 1
4778 37 4170
4779 72 4163
4780 45 4165
4781 62 4151
4782 42 4209
4783 33 4144
4784 41 4155
4785 0 1
4786 49 4151
4787 0 1
4788 7 2
4789 0 1
4790 0 1
4791 36 2
4792 9 2
4793 0 1
4794 33 4153
4795 38 4178
4796 0 1
4797 0 1
4798 38 4155
4799 37 4150
4100 34 4153
4101 33 4157
4102 31 4151
4103 0 1
4104 34 4176
4105 44 4205
4106 37 4163
4107 66 4176
4108 0 1
4109 88 4182
4110 30 4161
4111 43 4133
4112 33 4138
4113 41 4142
4114 42 4138
4115 39 4171
4116 39 4185
4117 0 1
4118 34 4125
4119 40 4175
4120 39 4138
4121 45 4182
4122 60 4124
4123 36 4127
4124 32 4164
4125 61 4191
4126 0 1
4127 0 1
4128 36 4175
4129 42 4190
4130 37 4194
4131 32 4200
4132 32 4114
4133 0 1
4134 0 1
4135 0 1
4136 69 2
4137 19 2
4138 51 4183
4139 37 4084
4140 0 1
4141 39 4118
4142 70 4116
4143 33 4157
4144 31 4187
4145 36 4178
4146 42 4110
4147 36 4136
4148 40 4183
4149 33 4173
4150 56 4149
4151 37 4153
4152 39 4145
4153 0 1
4154 46 4215
4155 32 4157
4156 33 4200
4157 50 4169
4158 48 4178
4159 49 4166
4160 0 1
4161 0 1
4162 33 4146
4163 0 1
4164 54 4146
4165 65 4133
4166 36 4166
4167 36 4209
4168 0 1
4169 39 4106
4170 38 4178
4171 56 4185
4172 31 4167
4173 0 1
4174 51 4171
4175 37 4153
4176 59 4198
4177 32 4124
4178 31 4184
4179 48 4187
4180 35 4161
4181 38 4166
4182 31 4139
4183 32 4154
4184 40 4105
4185 41 4142
4186 0 1
4187 0 1
4188 31 4174
4189 0 1
4190 34 4118
4191 0 1
4192 57 4192
4193 60 4166
4194 95 4147
4195 35 4189
4196 0 1
4197 32 4140
4198 0 1
4199 42 4111
2600 33 4170
2601 35 4130
2602 34 4172
2603 34 4163
2604 35 4147
2605 39 4128
2606 32 4128
2607 46 4137
2608 41 4157
2609 29 4151
2610 37 4175
2611 34 4151
2612 34 4186
2613 36 4156
2614 38 4105
2615 30 4184
2616 35 4185
2617 35 4158
2618 36 4110
2619 0 1
2620 36 4156
2621 37 4146
2622 0 1
2623 45 4175
2624 33 4187
2625 35 4123
2626 0 1
2627 0 1
2628 33 4180
2629 0 1
2630 56 4174
2631 0 1
2632 0 1
2633 35 4187
2634 33 4169
2635 34 4210
2636 39 4192
2637 36 4144
2638 37 4180
2639 0 1
2640 0 1
2641 34 4157
2642 0 1
2643 0 1
2644 51 4163
2645 29 4200
2646 30 4140
2647 47 4147
2648 0 1
2649 0 1
2650 0 1
2651 31 4135
2652 32 4205
2653 63 4167
2654 34 4183
2655 36 4190
2656 32 4177
2657 38 4161
2658 35 4180
2659 33 4181
2660 0 1
2661 50 4148
2662 47 4125
2663 37 4170
2664 37 4207
2665 32 4189
2666 32 4165
2667 50 4163
2668 0 1
2669 48 4231
2670 35 4154
2671 31 4157
2672 34 4142
2673 31 4152
2674 34 4148
2675 48 4144
2676 40 4172
2677 41 4185
2678 34 4117
2679 50 4149
2680 32 4150
2681 10 2
2682 3 2
2683 47 4236
2684 34 4181
2685 33 4121
2686 38 4195
2687 30 4185
2688 41 4149
2689 34 4146
2690 0 1
2691 49 4157
2692 0 1
2693 35 4203
2694 40 4175
2695 32 4174
2696 30 4128
2697 34 4165
2698 34 4192
2699 35 4151
2000 39 4113
2001 34 4112
2002 32 4172
2003 35 4131
2004 35 4193
2005 49 4138
2006 71 4095
2007 30 4196
2008 46 4193
2009 40 4137
2010 65 4217
2011 37 4179
2012 28 4113
2013 32 4161
2014 48 4232
2015 39 4128
2016 53 4205
2017 31 4167
2018 33 4192
2019 36 4188
2020 34 4151
2021 50 4151
2022 0 1
2023 61 4123
2024 66 4090
2025 39 4144
2026 0 1
2027 34 4150
2028 58 4151
2029 36 4188
2030 34 4152
2031 33 4132
2032 31 4183
2033 36 4137
2034 37 4146
2035 38 4137
2036 51 4133
2037 37 4199
2038 85 4137
2039 40 4165
2040 74 4195
2041 34 4084
2042 41 4147
2043 38 4132
2044 33 4202
2045 33 4172
2046 42 4166
2047 106 4182
2048 34 4151
2049 48 4183
2050 36 4168
2051 0 1
2052 37 4153
2053 0 1
2054 30 4158
2055 44 4150
2056 42 4136
2057 41 4176
2058 0 1
2059 45 4133
2060 33 4181
2061 35 4179
2062 38 4144
2063 35 4154
2064 62 4169
2065 38 4143
2066 36 4190
2067 35 4168
2068 35 4123
2069 49 4157
2070 32 4153
2071 31 4191
2072 38 4181
2073 55 4161
2074 36 4147
2075 35 4104
2076 31 4151
2077 31 4131
2078 32 4207
2079 50 4180
2080 32 4132
2081 0 1
2082 35 4118
2083 29 4164
2084 34 4206
2085 45 4153
2086 40 4141
2087 44 4155
2088 29 4194
2089 29 4147
2090 31 4132
2091 34 4133
2092 29 4159
2093 30 4142
2094 0 1
2095 0 1
2096 32 4170
2097 0 1
2098 34 4188
2099 34 4132
6100 0 1
6101 37 4208
6102 0 1
6103 0 1
6104 14 2
6105 57 2
6106 0 1
6107 37 4114
6108 0 1
6109 39 4151
6110 38 4184
6111 33 4178
6112 0 1
6113 0 1
6114 0 1
6115 0 1
6116 0 1
6117 0 1
6118 28 4102
6119 0 1
6120 0 1
6121 65 4165
6122 40 4167
6123 0 1
6124 0 1
6125 35 4180
6126 0 1
6127 44 4170
6128 39 4144
6129 42 4180
6130 0 1
6131 34 4130
6132 0 1
6133 47 4163
6134 0 1
6135 77 4174
6136 0 1
6137 0 1
6138 59 4140
6139 0 1
6140 39 4178
6141 0 1
6142 0 1
6143 34 4086
6144 63 4197
6145 0 1
6146 0 1
6147 54 4206
6148 19 2
6149 0 1
6150 0 1
6151 0 1
6152 0 1
6153 0 1
6154 40 4209
6155 88 4185
6156 0 1
6157 0 1
6158 29 4134
6159 54 4116
6160 0 1
6161 0 1
6162 0 1
6163 36 4211
6164 53 4127
6165 32 4193
6166 32 4162
6167 38 4182
6168 75 4191
6169 41 4111
6170 35 2
6171 14 2
6172 38 4146
6173 0 1
6174 33 4154
6175 0 1
6176 0 1
6177 0 1
6178 60 4077
6179 65 4101
6180 0 1
6181 0 1
6182 38 4121
6183 0 1
6184 0 1
6185 41 4171
6186 55 4155
6187 0 1
6188 0 1
6189 0 1
6190 52 4169
6191 42 4150
6192 34 4151
6193 0 1
6194 0 1
6195 0 1
6196 50 4178
6197 0 1
6198 0 1
6199 0 1
4000 42 4167
4001 34 4146
4002 33 4185
4003 37 4188
4004 37 4113
4005 43 4161
4006 0 1
4007 39 4147
4008 41 4127
4009 37 4170
4010 0 1
4011 0 1
4012 0 1
4013 0 1
4014 110 4177
4015 34 4118
4016 0 1
4017 67 4123
4018 34 4160
4019 36 4118
4020 39 4142
4021 0 1
4022 41 4192
4023 42 4141
4024 36 4145
4025 33 4172
4026 62 4115
4027 0 1
4028 36 4121
4029 39 4227
4030 34 4175
4031 46 4179
4032 41 4166
4033 44 4173
4034 36 4156
4035 0 1
4036 38 4208
4037 37 4126
4038 0 1
4039 0 1
4040 67 4191
4041 49 4154
4042 48 4159
4043 50 4178
4044 0 1
4045 30 4176
4046 35 4213
4047 0 1
4048 0 1
4049 0 1
4050 33 4175
4051 32 4164
4052 80 4157
4053 0 1
4054 0 1
4055 0 1
4056 34 4146
4057 0 1
4058 0 1
4059 42 4171
4060 0 1
4061 54 4149
4062 0 1
4063 46 4139
4064 33 4195
4065 43 4191
4066 31 4123
4067 34 4176
4068 47 4152
4069 0 1
4070 35 4167
4071 0 1
4072 40 4179
4073 40 4200
4074 36 4179
4075 40 4194
4076 33 4200
4077 36 4168
4078 0 1
4079 30 4126
4080 38 4160
4081 41 4139
4082 37 4099
4083 0 1
4084 0 1
4085 0 1
4086 35 4211
4087 35 4079
4088 0 1
4089 0 1
4090 33 4150
4091 47 4159
4092 53 4137
4093 39 4152
4094 0 1
4095 46 4105
4096 43 4165
4097 32 4111
4098 36 4194
4099 30 4211
3000 34 4159
3001 37 4138
3002 32 4130
3003 32 4176
3004 43 4182
3005 33 4164
3006 35 4162
3007 38 4143
3008 33 4156
3009 30 4171
3010 43 4151
3011 0 1
3012 45 4116
3013 43 4192
3014 43 4153
3015 46 4133
3016 30 4141
3017 0 1
3018 90 4133
3019 45 4194
3020 39 4101
3021 0 1
3022 0 1
3023 36 4138
3024 0 1
3025 44 4114
3026 44 4159
3027 35 4208
3028 40 4144
3029 29 4192
3030 42 4153
3031 30 4135
3032 38 4174
3033 0 1
3034 31 4119
3035 72 4142
3036 35 4158
3037 44 4163
3038 37 4162
3039 12 2
3040 48 4201
3041 0 1
3042 0 1
3043 12 2
3044 18 2
3045 47 4160
3046 78 4130
3047 25 2
3048 35 4142
3049 32 4222
3050 36 4139
3051 46 4193
3052 36 4171
3053 44 4133
3054 37 4179
3055 0 1
3056 49 4202
3057 33 4164
3058 41 4178
3059 0 1
3060 43 4127
3061 0 1
3062 0 1
3063 29 4175
3064 33 4170
3065 34 4171
3066 30 4152
3067 36 4184
3068 34 4174
3069 34 4137
3070 36 4154
3071 40 4121
3072 54 4163
3073 22 2
3074 32 2
3075 40 4150
3076 37 4162
3077 34 4152
3078 36 4142
3079 0 1
3080 0 1
3081 32 4196
3082 0 1
3083 35 4215
3084 41 4196
3085 56 4215
3086 39 4187
3087 33 4139
3088 33 4167
3089 31 4213
3090 34 4147
3091 36 4180
3092 0 1
3093 0 1
3094 41 4205
3095 45 4137
3096 46 4148
3097 38 4158
3098 29 4188
3099 0 1
1600 34 4144
1601 32 4160
1602 30 4158
1603 33 4176
1604 32 4190
1605 32 4121
1606 0 1
1607 59 4179
1608 34 4215
1609 32 4158
1610 29 4178
1611 34 4162
1612 32 4167
1613 0 1
1614 0 1
1615 30 4184
1616 78 4193
1617 35 4112
1618 34 4171
1619 30 4137
1620 37 4170
1621 33 4131
1622 30 4172
1623 30 4178
1624 31 4072
1625 32 4189
1626 29 4145
1627 30 4149
1628 34 4154
1629 32 4157
1630 28 4163
1631 31 4179
1632 32 4179
1633 37 4122
1634 32 4106
1635 29 4109
1636 31 4140
1637 32 4178
1638 33 4181
1639 34 4135
1640 30 4114
1641 36 4166
1642 30 4120
1643 31 4118
1644 30 4178
1645 31 4150
1646 32 4136
1647 32 4163
1648 36 4184
1649 30 4188
1650 34 4173
1651 30 4177
1652 33 4166
1653 32 4201
1654 32 4154
1655 30 4177
1656 33 4181
1657 33 4164
1658 28 4142
1659 26 4190
1660 29 4171
1661 31 4176
1662 27 4209
1663 45 4162
1664 33 4186
1665 0 1
1666 42 4154
1667 32 4150
1668 38 4181
1669 70 4179
1670 27 4137
1671 56 4155
1672 34 4191
1673 34 4160
1674 35 4162
1675 38 4144
1676 34 4164
1677 39 4139
1678 31 4156
1679 46 4185
1680 0 1
1681 32 4191
1682 33 4115
1683 31 4183
1684 29 4152
1685 36 4162
1686 34 4178
1687 36 4152
1688 31 4181
1689 33 4153
1690 31 4140
1691 32 4137
1692 33 4163
1693 30 4098
1694 32 4193
1695 33 4174
1696 30 4164
1697 37 4141
1698 29 4158
1699 0 1
700 31 4133
701 42 4164
702 33 4160
703 36 4197
704 32 4153
705 32 4153
706 36 4134
707 32 4154
708 32 4157
709 32 4140
710 34 4100
711 30 4091
712 34 4134
713 33 4142
714 34 4204
715 33 4173
716 30 4170
717 26 4115
718 29 4153
719 34 4222
720 28 4214
721 30 4180
722 35 4136
723 34 4192
724 35 4096
725 47 4184
726 30 4159
727 37 4197
728 37 4157
729 32 4134
730 0 1
731 0 1
732 0 1
733 36 4171
734 30 4104
735 29 4146
736 32 4181
737 34 4176
738 31 4107
739 28 4150
740 32 4123
741 43 4163
742 32 4143
743 42 4170
744 50 4147
745 33 4192
746 29 4121
747 36 4099
748 34 4146
749 33 4185
750 31 4150
751 41 4188
752 34 4200
753 0 1
754 0 1
755 21 2
756 31 4191
757 32 4147
758 33 4204
759 38 4172
760 48 4105
761 34 4156
762 33 4160
763 33 4173
764 0 1
765 32 4166
766 34 4187
767 36 4161
768 33 4175
769 36 4165
770 37 4152
771 34 4193
772 35 4177
773 33 4203
774 30 4106
775 33 4195
776 30 4179
777 29 4146
778 30 4142
779 31 4172
780 43 4089
781 32 4160
782 29 4174
783 34 4136
784 30 4155
785 35 4109
786 32 4125
787 33 4171
788 32 4163
789 33 4163
790 36 4107
791 32 4138
792 30 4181
793 31 4142
794 29 4210
795 35 4166
796 28 4189
797 38 4196
798 31 4163
799 0 1
1800 30 4156
1801 0 1
1802 37 4183
1803 38 4107
1804 64 4192
1805 0 1
1806 59 4207
1807 32 4136
1808 37 4191
1809 0 1
1810 34 4163
1811 32 4155
1812 35 4144
1813 36 4149
1814 31 4155
1815 31 4200
1816 39 4149
1817 32 4144
1818 31 4165
1819 32 4144
1820 89 4184
1821 31 4104
1822 32 4141
1823 33 4145
1824 38 4184
1825 38 4119
1826 32 4180
1827 62 4180
1828 49 4178
1829 32 4192
1830 36 4174
1831 32 4164
1832 46 4221
1833 34 4154
1834 34 4157
1835 32 4176
1836 38 4162
1837 31 4157
1838 33 4188
1839 30 4177
1840 36 4175
1841 35 4146
1842 53 4149
1843 38 4174
1844 30 4196
1845 36 4154
1846 28 4168
1847 34 4076
1848 35 4177
1849 67 4110
1850 33 4190
1851 38 4168
1852 0 1
1853 36 4108
1854 39 4095
1855 30 4161
1856 36 4160
1857 39 4192
1858 0 1
1859 36 4147
1860 42 4176
1861 32 4133
1862 32 4152
1863 0 1
1864 31 4169
1865 100 4153
1866 46 4171
1867 31 4177
1868 33 4167
1869 30 4177
1870 39 4127
1871 32 4172
1872 50 4139
1873 35 4145
1874 33 4151
1875 35 4185
1876 37 4131
1877 35 4158
1878 36 4141
1879 31 4169
1880 32 4161
1881 36 4190
1882 0 1
1883 0 1
1884 45 4178
1885 37 4170
1886 36 4194
1887 0 1
1888 43 4133
1889 40 4179
1890 0 1
1891 31 4107
1892 33 4177
1893 28 4113
1894 32 4190
1895 28 4170
1896 39 4176
1897 35 4160
1898 27 4147
1899 43 4192
5000 11 2
5001 40 4129
5002 0 1
5003 45 4187
5004 29 4161
5005 33 4203
5006 37 4113
5007 35 4208
5008 35 4135
5009 33 4144
5010 35 4142
5011 37 4161
5012 37 4163
5013 28 4179
5014 40 4159
5015 33 4178
5016 49 4199
5017 42 4219
5018 51 4148
5019 49 4124
5020 31 4149
5021 62 4177
5022 71 4133
5023 40 4184
5024 58 4168
5025 0 1
5026 46 4132
5027 0 1
5028 54 4135
5029 34 4187
5030 45 4177
5031 47 4147
5032 44 4197
5033 36 4197
5034 41 4160
5035 44 4132
5036 39 4157
5037 58 4166
5038 0 1
5039 45 4146
5040 66 4133
5041 38 4178
5042 0 1
5043 40 4137
5044 44 4141
5045 37 4134
5046 67 4176
5047 0 1
5048 40 4195
5049 60 4134
5050 57 4180
5051 46 4142
5052 0 1
5053 0 1
5054 57 4186
5055 36 4149
5056 48 4142
5057 0 1
5058 68 4151
5059 52 4195
5060 35 4184
5061 34 4166
5062 33 4113
5063 32 4191
5064 77 4147
5065 51 4170
5066 0 1
5067 0 1
5068 55 4162
5069 0 1
5070 0 1
5071 39 4173
5072 50 4177
5073 0 1
5074 0 1
5075 36 4094
5076 53 4216
5077 0 1
5078 3 2
5079 52 2
5080 0 1
5081 0 1
5082 39 4195
5083 35 4205
5084 41 4163
5085 52 4152
5086 31 4179
5087 43 4133
5088 17 2
5089 14 2
5090 0 1
5091 37 4158
5092 38 4203
5093 30 4152
5094 38 4210
5095 0 1
5096 81 4094
5097 0 1
5098 0 1
5099 48 4154
3900 0 1
3901 19 2
3902 25 2
3903 40 4207
3904 54 4120
3905 33 4181
3906 35 4194
3907 55 4173
3908 39 4121
3909 41 4142
3910 32 4153
3911 45 4156
3912 50 4232
3913 35 4134
3914 33 4112
3915 37 4191
3916 70 4148
3917 38 4087
3918 37 4151
3919 31 4110
3920 84 4168
3921 38 4148
3922 32 4188
3923 50 4171
3924 0 1
3925 35 4174
3926 32 4217
3927 38 4206
3928 49 4195
3929 48 4097
3930 0 1
3931 0 1
3932 36 4129
3933 40 4167
3934 30 4183
3935 33 4202
3936 37 4154
3937 38 4198
3938 0 1
3939 0 1
3940 45 4167
3941 50 4131
3942 62 4128
3943 29 4136
3944 49 4118
3945 42 4129
3946 37 4156
3947 45 4154
3948 31 4157
3949 49 4137
3950 38 4092
3951 39 4157
3952 45 4125
3953 0 1
3954 0 1
3955 0 1
3956 0 1
3957 33 4136
3958 0 1
3959 0 1
3960 35 4160
3961 34 4203
3962 46 4231
3963 35 4144
3964 32 4147
3965 0 1
3966 0 1
3967 43 4178
3968 41 4177
3969 58 4142
3970 34 4152
3971 39 4158
3972 0 1
3973 0 1
3974 0 1
3975 0 1
3976 0 1
3977 0 1
3978 0 1
3979 41 4163
3980 44 4150
3981 34 4201
3982 46 4200
3983 59 4171
3984 32 4128
3985 31 4192
3986 0 1
3987 38 4205
3988 75 4164
3989 42 4150
3990 0 1
3991 0 1
3992 0 1
3993 0 1
3994 51 4159
3995 76 4146
3996 0 1
3997 0 1
3998 0 1
3999 0 1
1700 38 4126
1701 33 4157
1702 30 4127
1703 35 4228
1704 32 4168
1705 40 4159
1706 36 4144
1707 37 4141
1708 45 4198
1709 39 4115
1710 36 4167
1711 0 1
1712 0 1
1713 0 1
1714 0 1
1715 34 4143
1716 29 4186
1717 37 4153
1718 36 4141
1719 32 4121
1720 46 4149
1721 37 4187
1722 30 4162
1723 38 4183
1724 0 1
1725 0 1
1726 33 4150
1727 33 4226
1728 77 4177
1729 36 4136
1730 36 4172
1731 39 4201
1732 41 4166
1733 38 4151
1734 44 4159
1735 43 4125
1736 35 4200
1737 37 4087
1738 36 4197
1739 33 4214
1740 37 4172
1741 34 4175
1742 33 4145
1743 37 4214
1744 34 4157
1745 43 4143
1746 32 4126
1747 43 4165
1748 39 4140
1749 33 4143
1750 35 4144
1751 38 4100
1752 31 4135
1753 35 4175
1754 34 4138
1755 31 4160
1756 31 4127
1757 0 1
1758 36 4182
1759 39 4151
1760 38 4149
1761 32 4170
1762 67 4114
1763 28 4190
1764 32 4115
1765 32 4121
1766 34 4124
1767 30 4145
1768 35 4160
1769 31 4174
1770 36 4139
1771 36 4130
1772 32 4166
1773 31 4143
1774 30 4131
1775 33 4129
1776 32 4156
1777 37 4158
1778 33 4157
1779 29 4164
1780 30 4221
1781 43 4173
1782 33 4129
1783 79 4146
1784 0 1
1785 32 4172
1786 0 1
1787 31 4150
1788 1 2
1789 0 1
1790 42 4186
1791 45 4129
1792 36 4161
1793 37 4126
1794 41 4232
1795 0 1
1796 37 4203
1797 34 4203
1798 32 4144
1799 32 4153
1100 29 4173
1101 0 1
1102 0 1
1103 35 4175
1104 35 4123
1105 33 4197
1106 33 4152
1107 28 4160
1108 34 4206
1109 32 4150
1110 33 4173
1111 30 4139
1112 32 4192
1113 34 4165
1114 33 4136
1115 33 4190
1116 29 4173
1117 67 4177
1118 32 4159
1119 0 1
1120 43 4190
1121 33 4215
1122 30 4156
1123 34 4095
1124 34 4161
1125 33 4179
1126 30 4137
1127 0 1
1128 92 2
1129 9 2
1130 0 1
1131 33 4200
1132 29 4117
1133 29 4165
1134 34 4146
1135 34 4187
1136 34 4137
1137 69 4143
1138 31 4195
1139 0 1
1140 0 1
1141 37 4196
1142 0 1
1143 73 4158
1144 33 4191
1145 0 1
1146 30 4154
1147 38 4145
1148 32 4185
1149 32 4197
1150 34 4167
1151 56 4176
1152 28 4178
1153 28 4154
1154 45 4146
1155 32 4173
1156 30 4173
1157 32 4193
1158 36 4177
1159 32 4155
1160 32 4134
1161 33 4168
1162 30 4210
1163 37 4161
1164 32 4173
1165 33 4150
1166 31 4160
1167 45 4062
1168 34 4149
1169 32 4122
1170 34 4172
1171 37 4136
1172 0 1
1173 31 4167
1174 39 4141
1175 30 4113
1176 33 4112
1177 36 4160
1178 34 4201
1179 31 4152
1180 31 4122
1181 31 4170
1182 31 4152
1183 31 4124
1184 34 4194
1185 32 4156
1186 31 4148
1187 34 4140
1188 33 4231
1189 34 4159
1190 29 4174
1191 34 4129
1192 38 4114
1193 40 4123
1194 31 4245
1195 0 1
1196 45 4207
1197 78 4157
1198 38 4114
1199 34 4122
4200 35 4140
4201 42 4193
4202 0 1
4203 0 1
4204 29 4182
4205 34 4148
4206 34 4162
4207 34 4190
4208 44 4166
4209 40 4158
4210 42 4153
4211 0 1
4212 0 1
4213 35 4152
4214 35 4168
4215 38 4165
4216 55 4177
4217 30 4193
4218 33 4185
4219 34 4158
4220 36 4138
4221 81 4141
4222 39 4197
4223 0 1
4224 57 4121
4225 48 4153
4226 32 4173
4227 0 1
4228 0 1
4229 34 4137
4230 42 4135
4231 40 4167
4232 0 1
4233 43 4113
4234 38 4157
4235 30 4122
4236 47 4123
4237 34 4173
4238 31 4151
4239 0 1
4240 0 1
4241 0 1
4242 34 4184
4243 42 4139
4244 65 4111
4245 0 1
4246 57 4174
4247 38 4183
4248 41 4208
4249 34 4164
4250 47 4119
4251 0 1
4252 31 4176
4253 33 4176
4254 36 4141
4255 0 1
4256 36 4188
4257 30 4176
4258 49 4161
4259 47 4194
4260 34 4164
4261 47 4180
4262 63 4149
4263 47 4131
4264 70 4171
4265 33 4195
4266 0 1
4267 76 4192
4268 0 1
4269 93 4192
4270 38 4196
4271 49 4230
4272 33 4202
4273 0 1
4274 0 1
4275 37 4177
4276 52 4176
4277 44 4163
4278 0 1
4279 69 4204
4280 42 4171
4281 36 4160
4282 37 4107
4283 0 1
4284 42 4202
4285 36 4177
4286 0 1
4287 0 1
4288 47 4179
4289 40 4168
4290 30 4144
4291 0 1
4292 36 4114
4293 61 4180
4294 36 4079
4295 57 4125
4296 34 4135
4297 123 4105
4298 0 1
4299 0 1
2500 34 4160
2501 69 4096
2502 30 4145
2503 32 4111
2504 30 4179
2505 33 4182
2506 31 4197
2507 34 4133
2508 35 4138
2509 37 4169
2510 31 4141
2511 33 4174
2512 0 1
2513 39 4129
2514 36 4188
2515 40 4204
2516 30 4171
2517 32 4149
2518 33 4149
2519 49 4209
2520 35 4112
2521 30 4181
2522 33 4160
2523 32 4196
2524 39 4110
2525 0 1
2526 33 4123
2527 41 4185
2528 32 4165
2529 35 4187
2530 49 4118
2531 0 1
2532 0 1
2533 30 4146
2534 32 4149
2535 36 4126
2536 31 4148
2537 32 4146
2538 30 4111
2539 0 1
2540 35 4196
2541 45 4176
2542 57 4180
2543 44 4157
2544 0 1
2545 0 1
2546 48 4196
2547 38 4187
2548 35 4119
2549 35 4154
2550 31 4162
2551 0 1
2552 49 4127
2553 34 4208
2554 35 4198
2555 33 4174
2556 53 4166
2557 35 4128
2558 44 4171
2559 43 4165
2560 31 4109
2561 33 4153
2562 32 4171
2563 33 4139
2564 36 4164
2565 34 4201
2566 0 1
2567 34 4181
2568 33 4185
2569 35 4133
2570 32 4148
2571 34 4174
2572 33 4149
2573 36 4192
2574 28 4157
2575 39 4154
2576 36 4168
2577 31 4207
2578 33 4163
2579 43 4217
2580 31 4147
2581 0 1
2582 39 4143
2583 30 4145
2584 36 4187
2585 59 4164
2586 32 4168
2587 29 4146
2588 78 2
2589 33 4176
2590 40 4102
2591 31 4149
2592 37 4192
2593 34 4131
2594 48 4183
2595 63 4151
2596 73 4142
2597 0 1
2598 43 4109
2599 36 4167
200 44 4136
201 34 4161
202 37 4162
203 34 4126
204 29 4166
205 30 4190
206 32 4169
207 35 4175
208 36 4104
209 34 4196
210 31 4167
211 33 4138
212 35 4156
213 33 4167
214 30 4177
215 59 4181
216 39 4147
217 33 4156
218 35 4140
219 43 4198
220 38 4135
221 36 4147
222 36 4133
223 37 4186
224 30 4167
225 30 4169
226 32 4128
227 62 4150
228 33 4134
229 31 4192
230 29 4125
231 26 4155
232 30 4105
233 32 4176
234 35 4213
235 38 4191
236 34 4174
237 34 4144
238 36 4124
239 32 4183
240 36 4161
241 30 4179
242 34 4133
243 35 4141
244 29 4132
245 31 4197
246 49 4100
247 31 4183
248 43 4157
249 36 4134
250 30 4170
251 32 4114
252 55 4125
253 36 4176
254 33 4125
255 37 4134
256 34 4181
257 29 4179
258 41 4177
259 55 4207
260 26 4165
261 36 4233
262 33 4193
263 35 4144
264 33 4107
265 0 1
266 34 4212
267 37 4154
268 30 4159
269 76 4190
270 31 4183
271 35 4116
272 33 4121
273 29 4160
274 44 4188
275 27 4158
276 32 4221
277 35 4129
278 35 4148
279 31 4161
280 30 4204
281 33 4173
282 34 4205
283 30 4135
284 38 4130
285 29 4162
286 38 4145
287 33 4145
288 33 4211
289 38 4141
290 33 4200
291 36 4195
292 32 4120
293 44 4188
294 32 4140
295 32 4232
296 30 4187
297 33 4242
298 0 1
299 0 1
500 34 4212
501 41 4171
502 34 4193
503 42 4149
504 42 4133
505 33 4142
506 34 4179
507 36 4185
508 49 4141
509 37 4170
510 32 4157
511 33 4164
512 33 4225
513 31 4122
514 30 4205
515 32 4149
516 31 4169
517 33 4174
518 35 4246
519 60 4155
520 33 4144
521 29 4136
522 29 4155
523 30 4131
524 28 4143
525 30 4153
526 34 4153
527 32 4199
528 34 4143
529 37 4154
530 34 4136
531 32 4155
532 32 4158
533 37 4178
534 33 4175
535 36 4153
536 68 4204
537 49 4233
538 39 4172
539 27 4149
540 32 4164
541 32 4199
542 27 4169
543 30 4010
544 34 4181
545 31 4185
546 32 4155
547 34 4147
548 36 4214
549 37 4179
550 40 4214
551 33 4108
552 35 4176
553 41 4208
554 32 4147
555 32 4117
556 38 4143
557 38 4158
558 45 4183
559 38 4147
560 37 4163
561 34 4137
562 39 4146
563 32 4160
564 36 4092
565 0 1
566 0 1
567 54 4149
568 34 4145
569 46 4177
570 41 4157
571 37 4159
572 32 4156
573 26 4147
574 0 1
575 31 4142
576 28 4180
577 31 4146
578 33 4193
579 29 4201
580 33 4140
581 33 4164
582 31 4250
583 34 4147
584 39 4167
585 32 4169
586 31 4150
587 29 4209
588 30 4169
589 36 4137
590 36 4080
591 37 4150
592 29 4178
593 29 4127
594 29 4160
595 31 4172
596 35 4126
597 32 4174
598 30 4173
599 39 4133
400 0 1
401 52 4134
402 29 4152
403 32 4139
404 31 4151
405 38 4159
406 33 4161
407 32 4127
408 29 4177
409 37 4167
410 36 4155
411 37 4168
412 37 4158
413 35 4149
414 43 4165
415 40 4168
416 31 4123
417 33 4145
418 35 4210
419 34 4152
420 31 4154
421 36 4132
422 39 4087
423 31 4169
424 31 4148
425 31 4214
426 30 4164
427 33 4146
428 28 4214
429 32 4195
430 30 4144
431 34 4184
432 33 4103
433 32 4181
434 32 4171
435 32 4133
436 34 4110
437 32 4194
438 31 4166
439 29 4158
440 34 4140
441 33 4170
442 35 4135
443 31 4136
444 36 4154
445 36 4178
446 0 1
447 35 4122
448 34 4141
449 42 4198
450 45 4179
451 39 4190
452 31 4165
453 35 4157
454 0 1
455 35 4132
456 29 4164
457 0 1
458 0 1
459 31 4180
460 34 4158
461 41 4193
462 34 4087
463 41 4148
464 63 4147
465 38 4141
466 31 4175
467 33 4110
468 31 4196
469 61 4118
470 33 4123
471 35 4194
472 31 4133
473 32 4209
474 32 4148
475 86 4091
476 51 4123
477 41 4175
478 34 4147
479 30 4184
480 31 4119
481 61 4174
482 72 4169
483 71 4178
484 47 4156
485 32 4202
486 32 4147
487 32 4219
488 32 4199
489 35 4142
490 35 4153
491 27 4166
492 32 4191
493 0 1
494 37 4156
495 47 4219
496 32 4154
497 34 4165
498 33 4179
499 30 4190
5900 0 1
5901 0 1
5902 0 1
5903 40 4162
5904 35 4127
5905 0 1
5906 0 1
5907 0 1
5908 37 4100
5909 39 4185
5910 82 4205
5911 0 1
5912 0 1
5913 0 1
5914 0 1
5915 0 1
5916 0 1
5917 36 4185
5918 37 4177
5919 43 4165
5920 60 4180
5921 0 1
5922 39 4178
5923 81 4204
5924 34 4113
5925 46 4160
5926 30 4162
5927 42 4160
5928 69 4186
5929 39 4154
5930 0 1
5931 0 1
5932 31 4134
5933 0 1
5934 0 1
5935 0 1
5936 53 4160
5937 0 1
5938 40 4181
5939 0 1
5940 0 1
5941 0 1
5942 77 4206
5943 31 4172
5944 31 4166
5945 46 4173
5946 42 4135
5947 0 1
5948 0 1
5949 60 4122
5950 42 4161
5951 0 1
5952 0 1
5953 39 4094
5954 57 4166
5955 41 4158
5956 66 4107
5957 5 2
5958 10 2
5959 47 4164
5960 0 1
5961 30 4204
5962 0 1
5963 0 1
5964 63 4192
5965 31 4152
5966 43 4169
5967 38 4133
5968 74 4224
5969 0 1
5970 61 4168
5971 53 4143
5972 34 4205
5973 38 4126
5974 42 4174
5975 0 1
5976 0 1
5977 0 1
5978 33 4219
5979 73 4161
5980 35 4174
5981 0 1
5982 0 1
5983 0 1
5984 32 4158
5985 0 1
5986 0 1
5987 0 1
5988 0 1
5989 53 4100
5990 0 1
5991 0 1
5992 0 1
5993 0 1
5994 46 4168
5995 34 4135
5996 0 1
5997 0 1
5998 0 1
5999 42 4184
2900 0 1
2901 35 4151
2902 35 4150
2903 36 4208
2904 34 4131
2905 35 4184
2906 32 4112
2907 47 4163
2908 34 4107
2909 40 4153
2910 34 4222
2911 33 4135
2912 30 4128
2913 36 4194
2914 58 4181
2915 0 1
2916 32 4198
2917 32 4226
2918 38 4161
2919 0 1
2920 33 4139
2921 39 4139
2922 32 4139
2923 34 4131
2924 36 4123
2925 38 4160
2926 33 4185
2927 47 4179
2928 37 4223
2929 43 4150
2930 0 1
2931 48 4168
2932 32 4138
2933 40 4104
2934 34 4158
2935 0 1
2936 0 1
2937 32 4194
2938 31 4162
2939 29 4164
2940 34 4262
2941 30 4210
2942 36 4160
2943 32 4156
2944 33 4199
2945 45 4166
2946 39 4181
2947 38 4142
2948 37 4176
2949 30 4151
2950 35 4189
2951 47 4194
2952 39 4158
2953 45 4110
2954 49 4130
2955 40 4146
2956 0 1
2957 0 1
2958 0 1
2959 0 1
2960 37 4178
2961 31 4085
2962 37 4164
2963 36 4168
2964 31 4163
2965 41 4217
2966 42 4197
2967 0 1
2968 33 4149
2969 37 4166
2970 36 4128
2971 35 4136
2972 0 1
2973 31 4171
2974 34 4195
2975 43 4163
2976 31 4190
2977 35 4138
2978 35 4176
2979 0 1
2980 33 4174
2981 0 1
2982 35 4132
2983 41 4132
2984 36 4171
2985 31 4191
2986 45 4151
2987 35 4128
2988 43 4126
2989 33 4204
2990 44 4173
2991 53 4158
2992 35 4168
2993 56 4179
2994 42 4121
2995 42 4170
2996 31 4168
2997 43 4156
2998 33 4158
2999 40 4151
6400 0 1
6401 51 4182
6402 0 1
6403 0 1
6404 34 4119
6405 0 1
6406 0 1
6407 0 1
6408 3 2
6409 2 2
6410 0 1
6411 39 4121
6412 35 4125
6413 0 1
6414 0 1
6415 37 4162
6416 0 1
6417 0 1
6418 0 1
6419 0 1
6420 0 1
6421 0 1
6422 0 1
6423 0 1
6424 57 4240
6425 0 1
6426 0 1
6427 31 4208
6428 0 1
6429 0 1
6430 57 4148
6431 121 4120
6432 30 4147
6433 46 4144
6434 43 4172
6435 42 4172
6436 0 1
6437 39 4175
6438 0 1
6439 0 1
6440 35 4141
6441 38 4198
6442 35 4187
6443 0 1
6444 0 1
6445 40 4147
6446 0 1
6447 44 4127
6448 68 4129
6449 0 1
6450 0 1
6451 58 4116
6452 28 4120
6453 0 1
6454 0 1
6455 0 1
6456 29 4191
6457 0 1
6458 59 4083
6459 0 1
6460 0 1
6461 0 1
6462 53 4180
6463 91 4100
6464 0 1
6465 0 1
6466 37 4160
6467 33 4140
6468 40 4138
6469 13 2
6470 57 2
6471 96 4141
6472 0 1
6473 0 1
6474 0 1
6475 0 1
6476 0 1
6477 0 1
6478 0 1
6479 0 1
6480 55 4159
6481 0 1
6482 0 1
6483 0 1
6484 0 1
6485 39 4170
6486 44 4179
6487 0 1
6488 37 4115
6489 0 1
6490 99 4080
6491 55 4176
6492 0 1
6493 0 1
6494 0 1
6495 0 1
6496 0 1
6497 0 1
6498 0 1
6499 35 4144
4500 0 1
4501 33 4125
4502 39 4149
4503 34 4112
4504 46 4127
4505 67 4167
4506 32 4151
4507 0 1
4508 35 4073
4509 42 4180
4510 42 4196
4511 43 4161
4512 30 4193
4513 39 4162
4514 47 4146
4515 35 4183
4516 32 4225
4517 37 4163
4518 33 4158
4519 0 1
4520 0 1
4521 31 4211
4522 33 4127
4523 0 1
4524 0 1
4525 32 4112
4526 30 4149
4527 41 4186
4528 53 4148
4529 0 1
4530 0 1
4531 0 1
4532 0 1
4533 41 4184
4534 0 1
4535 0 1
4536 0 1
4537 0 1
4538 41 4171
4539 44 4155
4540 0 1
4541 38 4170
4542 38 4182
4543 32 4147
4544 44 4186
4545 41 4124
4546 30 4110
4547 72 4133
4548 0 1
4549 0 1
4550 0 1
4551 0 1
4552 33 4145
4553 0 1
4554 0 1
4555 0 1
4556 33 4133
4557 35 4146
4558 34 4192
4559 0 1
4560 53 4136
4561 0 1
4562 0 1
4563 49 4193
4564 35 4175
4565 68 4166
4566 0 1
4567 0 1
4568 0 1
4569 0 1
4570 133 2
4571 8 2
4572 50 4148
4573 35 4150
4574 39 4155
4575 41 4200
4576 0 1
4577 29 4187
4578 59 4227
4579 34 4137
4580 30 4188
4581 0 1
4582 32 4150
4583 0 1
4584 27 2
4585 12 2
4586 45 4098
4587 37 4194
4588 0 1
4589 0 1
4590 35 4184
4591 48 4113
4592 32 4164
4593 0 1
4594 37 4142
4595 33 4166
4596 34 4158
4597 0 1
4598 36 4149
4599 52 4194
2200 34 4122
2201 36 4142
2202 0 1
2203 0 1
2204 35 4123
2205 35 4128
2206 32 4155
2207 32 4151
2208 35 4191
2209 35 4183
2210 40 4148
2211 35 4145
2212 34 4139
2213 27 4154
2214 39 4128
2215 31 4138
2216 36 4145
2217 30 4182
2218 36 4126
2219 53 4196
2220 35 4092
2221 30 4122
2222 36 4156
2223 31 4183
2224 33 4262
2225 34 4147
2226 35 4185
2227 36 4155
2228 34 4115
2229 35 4158
2230 35 4173
2231 37 4132
2232 30 4166
2233 46 4148
2234 30 4175
2235 55 4175
2236 32 4176
2237 32 4166
2238 30 4124
2239 34 4143
2240 0 1
2241 38 4195
2242 32 4070
2243 34 4143
2244 34 4199
2245 34 4129
2246 35 4198
2247 32 4185
2248 32 4158
2249 32 4239
2250 34 4135
2251 32 4211
2252 49 4198
2253 30 4170
2254 30 4189
2255 38 4153
2256 32 4097
2257 0 1
2258 33 4150
2259 42 4126
2260 30 4138
2261 41 4134
2262 37 4133
2263 40 4167
2264 31 4133
2265 36 4175
2266 32 4204
2267 30 4130
2268 32 4161
2269 32 4171
2270 29 4143
2271 29 4164
2272 34 4152
2273 33 4120
2274 36 4156
2275 30 4178
2276 35 4204
2277 31 4184
2278 0 1
2279 0 1
2280 54 4191
2281 33 4178
2282 0 1
2283 35 4164
2284 46 4202
2285 31 4165
2286 39 4149
2287 62 4135
2288 35 4157
2289 34 4050
2290 34 4163
2291 38 4120
2292 36 4165
2293 0 1
2294 31 4167
2295 40 4182
2296 30 4156
2297 33 4226
2298 37 4165
2299 43 4196
1300 30 4132
1301 35 4166
1302 0 1
1303 33 4156
1304 31 4168
1305 31 4160
1306 29 4108
1307 35 4157
1308 29 4170
1309 31 4140
1310 29 4214
1311 34 4156
1312 31 4202
1313 32 4177
1314 35 4130
1315 35 4148
1316 39 4208
1317 33 4204
1318 36 4117
1319 6 2
1320 3 2
1321 31 4101
1322 35 4202
1323 30 4189
1324 33 4127
1325 32 4197
1326 0 1
1327 0 1
1328 0 1
1329 43 4155
1330 40 4143
1331 39 4193
1332 34 4204
1333 44 4185
1334 39 4181
1335 31 4146
1336 31 4199
1337 36 4153
1338 31 4134
1339 37 4138
1340 42 4158
1341 32 4179
1342 36 4192
1343 53 4163
1344 29 4202
1345 42 4097
1346 36 4143
1347 0 1
1348 37 4158
1349 38 4127
1350 35 4168
1351 32 4107
1352 32 4162
1353 37 4138
1354 101 4148
1355 34 4148
1356 34 4183
1357 0 1
1358 43 4155
1359 37 4140
1360 34 4151
1361 31 4163
1362 32 4138
1363 38 4200
1364 34 4103
1365 29 4162
1366 0 1
1367 32 4159
1368 33 4169
1369 31 4208
1370 37 4157
1371 42 4210
1372 33 4168
1373 54 4177
1374 35 4192
1375 32 4185
1376 31 4144
1377 30 4185
1378 35 4133
1379 34 4212
1380 37 4172
1381 34 4128
1382 32 4136
1383 35 4161
1384 39 4167
1385 30 4159
1386 36 4115
1387 30 4127
1388 31 4141
1389 34 4157
1390 32 4176
1391 33 4154
1392 33 4180
1393 34 4149
1394 30 4157
1395 31 4147
1396 35 4158
1397 34 4156
1398 30 4184
1399 31 4120
4900 0 1
4901 33 4147
4902 39 4193
4903 40 4162
4904 29 4115
4905 33 4194
4906 38 4141
4907 31 4130
4908 40 4166
4909 79 4150
4910 38 4150
4911 42 4145
4912 34 4189
4913 30 4187
4914 38 4120
4915 43 4152
4916 33 4171
4917 42 4139
4918 47 4140
4919 34 4180
4920 36 4172
4921 32 4226
4922 34 4151
4923 41 4170
4924 33 4173
4925 32 4141
4926 0 1
4927 0 1
4928 0 1
4929 37 4143
4930 66 2
4931 18 2
4932 0 1
4933 52 4162
4934 81 4133
4935 31 4205
4936 77 4145
4937 39 4192
4938 33 4149
4939 32 4189
4940 72 4167
4941 30 4172
4942 66 4153
4943 59 4163
4944 0 1
4945 46 4138
4946 57 4154
4947 0 1
4948 39 4203
4949 45 4155
4950 34 4143
4951 0 1
4952 39 4157
4953 43 4181
4954 35 4125
4955 33 4177
4956 62 4164
4957 36 4182
4958 31 4152
4959 0 1
4960 0 1
4961 0 1
4962 34 4115
4963 48 4158
4964 31 4127
4965 49 4168
4966 59 4111
4967 52 4172
4968 50 4173
4969 48 4118
4970 45 4186
4971 0 1
4972 35 4125
4973 33 4150
4974 42 4151
4975 55 4178
4976 35 4121
4977 0 1
4978 35 4175
4979 47 4151
4980 48 4192
4981 68 4182
4982 30 4167
4983 43 4147
4984 31 4145
4985 40 4194
4986 82 4136
4987 33 4154
4988 0 1
4989 33 4180
4990 0 1
4991 0 1
4992 0 1
4993 40 4163
4994 42 4149
4995 0 1
4996 58 4185
4997 0 1
4998 42 4118
4999 14 2
5200 52 4155
5201 45 4169
5202 0 1
5203 0 1
5204 34 4179
5205 38 4133
5206 35 4165
5207 0 1
5208 0 1
5209 36 4145
5210 0 1
5211 0 1
5212 0 1
5213 0 1
5214 0 1
5215 29 4177
5216 89 4120
5217 36 4194
5218 0 1
5219 0 1
5220 33 4191
5221 30 4151
5222 35 4177
5223 0 1
5224 0 1
5225 0 1
5226 39 2
5227 34 4136
5228 14 2
5229 43 2
5230 35 4175
5231 0 1
5232 43 4139
5233 0 1
5234 110 4174
5235 73 4150
5236 63 4205
5237 0 1
5238 0 1
5239 37 4094
5240 35 4191
5241 37 4162
5242 0 1
5243 33 4163
5244 0 1
5245 43 4154
5246 0 1
5247 32 4100
5248 0 1
5249 42 4196
5250 0 1
5251 36 4171
5252 60 4166
5253 0 1
5254 0 1
5255 31 4125
5256 0 1
5257 43 4163
5258 44 4071
5259 0 1
5260 68 4205
5261 0 1
5262 0 1
5263 0 1
5264 41 4132
5265 41 4154
5266 36 4166
5267 36 4157
5268 0 1
5269 28 4163
5270 111 4102
5271 40 4189
5272 41 4186
5273 31 4197
5274 36 4178
5275 0 1
5276 0 1
5277 35 4183
5278 0 1
5279 0 1
5280 0 1
5281 0 1
5282 39 4181
5283 0 1
5284 41 4105
5285 73 4103
5286 37 4132
5287 37 4101
5288 32 4128
5289 41 4151
5290 76 4167
5291 43 4156
5292 0 1
5293 45 4187
5294 37 4195
5295 40 4148
5296 0 1
5297 0 1
5298 0 1
5299 41 4199
3500 39 4181
3501 0 1
3502 51 4159
3503 0 1
3504 36 4184
3505 0 1
3506 38 4127
3507 40 4111
3508 34 4164
3509 33 4168
3510 55 4140
3511 18 2
3512 10 2
3513 39 4182
3514 0 1
3515 0 1
3516 31 4215
3517 35 4135
3518 38 4183
3519 34 4188
3520 38 4071
3521 0 1
3522 0 1
3523 42 4151
3524 40 4149
3525 39 4172
3526 41 4219
3527 0 1
3528 0 1
3529 33 4161
3530 40 4190
3531 0 1
3532 0 1
3533 0 1
3534 0 1
3535 0 1
3536 36 4164
3537 32 4184
3538 0 1
3539 0 1
3540 34 4125
3541 36 4148
3542 32 4117
3543 35 4131
3544 32 4189
3545 31 4135
3546 33 4135
3547 36 4156
3548 35 4189
3549 0 1
3550 0 1
3551 0 1
3552 33 4167
3553 0 1
3554 35 4125
3555 35 4169
3556 69 4143
3557 49 4161
3558 36 4183
3559 34 4201
3560 39 4185
3561 53 4164
3562 0 1
3563 32 4142
3564 33 4168
3565 34 4182
3566 0 1
3567 0 1
3568 39 4137
3569 0 1
3570 0 1
3571 33 4140
3572 35 4182
3573 34 4119
3574 0 1
3575 46 4178
3576 0 1
3577 82 4169
3578 0 1
3579 0 1
3580 35 4090
3581 0 1
3582 45 4182
3583 0 1
3584 39 4163
3585 36 4102
3586 36 4189
3587 0 1
3588 0 1
3589 43 4148
3590 32 4176
3591 33 4171
3592 84 4154
3593 0 1
3594 0 1
3595 58 4149
3596 29 4144
3597 30 4130
3598 31 4142
3599 37 4142
6300 0 1
6301 0 1
6302 79 4186
6303 43 4137
6304 0 1
6305 0 1
6306 35 4154
6307 0 1
6308 0 1
6309 175 4165
6310 0 1
6311 38 4173
6312 0 1
6313 9 2
6314 48 2
6315 36 4181
6316 0 1
6317 0 1
6318 0 1
6319 0 1
6320 36 4144
6321 43 4148
6322 41 4088
6323 0 1
6324 0 1
6325 0 1
6326 31 4207
6327 51 4217
6328 39 2
6329 32 2
6330 49 4198
6331 50 4206
6332 43 4122
6333 97 4183
6334 0 1
6335 0 1
6336 0 1
6337 49 4141
6338 42 4220
6339 0 1
6340 0 1
6341 89 4141
6342 0 1
6343 48 4188
6344 42 4163
6345 0 1
6346 33 4152
6347 0 1
6348 0 1
6349 0 1
6350 0 1
6351 0 1
6352 0 1
6353 0 1
6354 25 2
6355 27 2
6356 0 1
6357 0 1
6358 35 4135
6359 36 4165
6360 0 1
6361 0 1
6362 30 4119
6363 42 4207
6364 0 1
6365 28 4112
6366 46 4167
6367 0 1
6368 0 1
6369 0 1
6370 32 4142
6371 0 1
6372 0 1
6373 38 4187
6374 0 1
6375 8 2
6376 0 1
6377 41 4220
6378 0 1
6379 0 1
6380 46 4158
6381 0 1
6382 42 4159
6383 0 1
6384 44 4182
6385 0 1
6386 38 4158
6387 0 1
6388 0 1
6389 0 1
6390 0 1
6391 0 1
6392 32 4163
6393 0 1
6394 0 1
6395 0 1
6396 0 1
6397 0 1
6398 0 1
6399 0 1
5500 0 1
5501 33 4152
5502 32 4172
5503 49 4212
5504 57 4164
5505 41 4151
5506 14 2
5507 16 2
5508 0 1
5509 0 1
5510 36 4218
5511 72 4168
5512 30 4235
5513 36 4139
5514 0 1
5515 37 4130
5516 42 4126
5517 20 2
5518 17 2
5519 0 1
5520 0 1
5521 0 1
5522 0 1
5523 33 4133
5524 45 4092
5525 76 4204
5526 33 4138
5527 36 4163
5528 0 1
5529 0 1
5530 37 4129
5531 0 1
5532 0 1
5533 0 1
5534 45 4212
5535 0 1
5536 0 1
5537 56 4178
5538 0 1
5539 42 4155
5540 39 4113
5541 0 1
5542 0 1
5543 35 4159
5544 0 1
5545 47 4198
5546 0 1
5547 0 1
5548 32 4202
5549 0 1
5550 0 1
5551 39 4123
5552 0 1
5553 40 4127
5554 31 4145
5555 32 4198
5556 41 4192
5557 47 4145
5558 0 1
5559 8 2
5560 2 2
5561 48 4138
5562 36 4135
5563 40 4179
5564 46 4149
5565 32 4218
5566 56 4157
5567 0 1
5568 0 1
5569 0 1
5570 42 4161
5571 0 1
5572 34 4164
5573 0 1
5574 0 1
5575 0 1
5576 0 1
5577 36 4149
5578 0 1
5579 0 1
5580 0 1
5581 70 4164
5582 62 4149
5583 43 4151
5584 0 1
5585 0 1
5586 0 1
5587 32 4120
5588 0 1
5589 0 1
5590 40 4133
5591 68 4146
5592 0 1
5593 0 1
5594 0 1
5595 65 4170
5596 0 1
5597 0 1
5598 0 1
5599 0 1
300 32 4151
301 33 4150
302 31 4181
303 34 4168
304 31 4169
305 31 4150
306 33 4140
307 31 4167
308 43 4108
309 36 4144
310 34 4196
311 29 4208
312 53 4142
313 29 4139
314 59 4121
315 27 4098
316 32 4200
317 29 4181
318 44 4167
319 36 4181
320 36 4168
321 29 4154
322 30 4101
323 31 4167
324 30 4117
325 29 4187
326 29 4145
327 27 4153
328 26 4168
329 37 4181
330 34 4142
331 31 4144
332 35 4125
333 37 4163
334 34 4168
335 35 4157
336 37 4169
337 55 4142
338 39 4121
339 0 1
340 46 4137
341 35 4148
342 32 4167
343 29 4142
344 31 4157
345 30 4164
346 0 1
347 33 4190
348 33 4153
349 28 4137
350 33 4160
351 30 4165
352 31 4152
353 0 1
354 29 4164
355 32 4163
356 32 4163
357 28 4135
358 34 4081
359 56 4209
360 29 4192
361 33 4171
362 31 4151
363 32 4183
364 0 1
365 0 1
366 0 1
367 0 1
368 41 4132
369 34 4168
370 0 1
371 34 4165
372 31 4157
373 33 4118
374 32 4108
375 30 4214
376 33 4120
377 31 4174
378 31 4122
379 5 2
380 20 2
381 59 4132
382 70 4196
383 45 4145
384 31 4136
385 36 4219
386 36 4191
387 32 4169
388 34 4155
389 30 4130
390 34 4192
391 32 4142
392 40 4157
393 32 4200
394 0 1
395 0 1
396 34 4159
397 37 4108
398 29 4161
399 34 4137
3200 81 4144
3201 52 4134
3202 36 4201
3203 38 4186
3204 33 4162
3205 34 4203
3206 49 4217
3207 31 4164
3208 32 4158
3209 37 4146
3210 31 4111
3211 42 4190
3212 30 4167
3213 0 1
3214 0 1
3215 35 4141
3216 36 4147
3217 33 4128
3218 0 1
3219 35 4190
3220 0 1
3221 35 4173
3222 33 4154
3223 33 4109
3224 43 4197
3225 35 4168
3226 43 4204
3227 33 4088
3228 69 4181
3229 33 4166
3230 38 4150
3231 49 4172
3232 32 4149
3233 39 4197
3234 0 1
3235 63 4180
3236 39 4114
3237 0 1
3238 35 4179
3239 31 4179
3240 39 4113
3241 46 4208
3242 58 4177
3243 30 4094
3244 0 1
3245 38 4159
3246 58 4195
3247 51 4218
3248 32 4166
3249 34 4180
3250 39 4129
3251 31 4130
3252 0 1
3253 34 4149
3254 44 4163
3255 37 4176
3256 33 4187
3257 40 4193
3258 37 4153
3259 40 4171
3260 0 1
3261 44 4137
3262 36 4153
3263 0 1
3264 31 4168
3265 37 4157
3266 0 1
3267 36 4162
3268 36 4144
3269 0 1
3270 52 4189
3271 39 4111
3272 39 4221
3273 37 4176
3274 34 4181
3275 35 4133
3276 41 4131
3277 0 1
3278 0 1
3279 0 1
3280 39 4129
3281 36 4196
3282 33 4164
3283 41 4137
3284 34 4176
3285 0 1
3286 43 4154
3287 35 4194
3288 40 4095
3289 36 4210
3290 29 4184
3291 35 4181
3292 0 1
3293 0 1
3294 0 1
3295 32 4191
3296 35 4185
3297 34 4141
3298 0 1
3299 0 1
1400 32 4173
1401 39 4166
1402 36 4170
1403 0 1
1404 30 4162
1405 32 4153
1406 31 4177
1407 38 4141
1408 32 4165
1409 36 4165
1410 34 4196
1411 0 1
1412 32 4206
1413 58 4168
1414 35 4160
1415 35 4165
1416 31 4169
1417 31 4194
1418 37 4153
1419 38 4191
1420 34 4142
1421 36 4126
1422 39 4081
1423 0 1
1424 35 4183
1425 43 4141
1426 33 4170
1427 34 4133
1428 41 4182
1429 32 4153
1430 40 4109
1431 0 1
1432 32 4113
1433 33 4100
1434 34 4214
1435 37 4163
1436 37 4113
1437 0 1
1438 42 4180
1439 30 4145
1440 34 4167
1441 44 4208
1442 0 1
1443 33 4145
1444 0 1
1445 33 4206
1446 29 4169
1447 39 4157
1448 33 4196
1449 30 4216
1450 28 4189
1451 31 4144
1452 35 4189
1453 29 4119
1454 0 1
1455 0 1
1456 32 4148
1457 43 4124
1458 33 4151
1459 0 1
1460 35 4140
1461 41 4149
1462 31 4222
1463 39 4166
1464 35 4180
1465 53 4142
1466 32 4073
1467 0 1
1468 30 4144
1469 0 1
1470 32 4161
1471 31 4184
1472 37 4190
1473 0 1
1474 0 1
1475 33 4167
1476 41 4179
1477 38 4143
1478 35 4209
1479 31 4122
1480 39 4165
1481 51 4152
1482 30 4139
1483 30 4125
1484 30 4200
1485 33 4142
1486 38 4172
1487 37 4156
1488 35 4147
1489 33 4126
1490 33 4157
1491 35 4169
1492 30 4129
1493 34 4186
1494 29 4178
1495 35 4183
1496 29 4114
1497 34 4155
1498 32 4173
1499 39 4156
