0 35 4222
1 31 4163
2 29 4171
3 31 4178
4 35 4096
5 37 4129
6 31 4217
7 36 4220
8 31 4170
9 40 4108
10 43 4187
11 38 4170
12 34 4132
13 30 4187
14 36 4161
15 29 4182
16 34 4157
17 33 4177
18 36 4163
19 32 4165
20 31 4194
21 30 4180
22 32 4183
23 0 1
24 40 4115
25 32 4179
26 34 4125
27 32 4137
28 33 4169
29 29 4114
30 32 4162
31 32 4150
32 35 4150
33 29 4166
34 37 4152
35 0 1
36 32 4108
37 31 4182
38 29 4157
39 30 4191
40 45 4215
41 32 4141
42 32 4177
43 30 4111
44 32 4232
45 28 4141
46 0 1
47 33 4188
48 36 4151
49 32 4119
50 34 4117
51 31 4172
52 28 4171
53 36 4156
54 33 4149
55 43 4133
56 33 4169
57 31 4208
58 35 4153
59 35 4165
60 35 4131
61 30 4192
62 32 4096
63 35 4197
64 32 4114
65 37 4160
66 29 4176
67 30 4154
68 37 4165
69 34 4186
70 30 4071
71 32 4127
72 31 4175
73 44 4162
74 33 4096
75 94 4195
76 0 1
77 41 4123
78 32 4174
79 30 4124
80 33 4219
81 34 4188
82 27 4148
83 35 4163
84 38 4094
85 30 4168
86 31 4114
87 31 4157
88 33 4171
89 30 4175
90 28 4153
91 31 4191
92 35 4119
93 29 4198
94 30 4142
95 33 4163
96 34 4125
97 30 4185
98 38 4137
99 33 4140
100 33 4188
101 35 4118
102 32 4154
103 30 4142
104 33 4179
105 33 4180
106 32 4201
107 30 4167
108 37 4152
109 31 4128
110 28 4126
111 31 4145
112 33 4127
113 36 4181
114 34 4130
115 33 4195
116 34 4159
117 30 4110
118 32 4142
119 29 4147
120 35 4151
121 33 4121
122 84 4187
123 34 4201
124 35 4125
125 33 4188
126 42 4181
127 30 4179
128 35 4164
129 39 4197
130 6 2
131 55 4140
132 32 4255
133 32 4152
134 35 4088
135 58 4096
136 31 4191
137 35 4140
138 43 4194
139 35 4178
140 33 4155
141 29 4177
142 35 4141
143 38 4103
144 37 4158
145 36 4173
146 28 4142
147 32 4150
148 0 1
149 61 4098
150 35 4127
151 0 1
152 34 4188
153 32 4157
154 41 4098
155 40 4119
156 28 4168
157 42 4188
158 31 4140
159 39 4126
160 47 4158
161 31 4072
162 30 4145
163 37 4137
164 29 4154
165 30 4095
166 30 4111
167 32 4203
168 31 4222
169 53 4099
170 30 4132
171 32 4164
172 32 4174
173 29 4116
174 29 4181
175 36 4146
176 32 4176
177 34 4173
178 0 1
179 49 4173
180 34 4189
181 39 4133
182 34 4144
183 36 4190
184 34 4151
185 30 4132
186 33 4162
187 32 4161
188 31 4153
189 33 4113
190 27 4148
191 30 4123
192 36 4199
193 30 4173
194 34 4138
195 29 4161
196 33 4174
197 30 4125
198 31 4149
199 33 4200
200 37 4183
201 36 4145
202 34 4132
203 35 4105
204 34 4186
205 38 4168
206 34 4171
207 29 4153
208 31 4163
209 38 4143
210 32 4171
211 36 4084
212 36 4136
213 33 4182
214 28 4136
215 42 4182
216 38 4171
217 29 4142
218 47 4160
219 33 4143
220 39 4170
221 32 4115
222 34 4104
223 31 4183
224 33 4234
225 29 4162
226 31 4148
227 35 4147
228 34 4134
229 29 4131
230 35 4156
231 33 4158
232 32 4198
233 32 4129
234 32 4128
235 39 4171
236 30 4119
237 34 4139
238 32 4192
239 29 4191
240 29 4129
241 33 4110
242 33 4208
243 38 4186
244 36 4211
245 36 4161
246 34 4185
247 31 4122
248 33 4139
249 34 4169
250 29 4142
251 35 4148
252 0 1
253 36 4154
254 36 4169
255 32 4180
256 30 4172
257 31 4199
258 36 4188
259 44 4232
260 34 4183
261 32 4139
262 30 4139
263 65 4119
264 30 4125
265 0 1
266 38 4163
267 38 4169
268 36 4155
269 96 4157
270 32 4136
271 33 4124
272 33 4164
273 30 4166
274 53 4204
275 33 4156
276 33 4171
277 32 4175
278 38 4215
279 28 4169
280 38 4201
281 35 4142
282 34 4167
283 38 4164
284 38 4173
285 30 4176
286 36 4188
287 48 4055
288 33 4149
289 27 4141
290 32 4167
291 33 4186
292 36 4172
293 39 4183
294 34 4174
295 35 4175
296 34 4203
297 33 4217
298 0 1
299 0 1
300 31 4150
301 36 4163
302 29 4136
303 30 4116
304 32 4148
305 33 4211
306 33 4186
307 29 4134
308 39 4211
309 32 4201
310 31 4115
311 34 4172
312 40 4146
313 35 4151
314 31 4165
315 31 4143
316 31 4151
317 30 4208
318 44 4193
319 34 4167
320 34 4208
321 31 4221
322 33 4175
323 29 4175
324 28 4166
325 31 4174
326 34 4185
327 35 4181
328 31 4135
329 36 4181
330 34 4210
331 28 4194
332 29 4099
333 32 4177
334 34 4190
335 31 4158
336 33 4160
337 86 4176
338 62 4180
339 0 1
340 37 4197
341 51 4126
342 32 4096
343 33 4142
344 33 4136
345 32 4117
346 0 1
347 35 4190
348 31 4133
349 32 4089
350 29 4206
351 31 4171
352 32 4129
353 0 1
354 30 4134
355 31 4111
356 29 4142
357 38 4220
358 35 4167
359 51 4141
360 36 4180
361 32 4221
362 30 4178
363 31 4176
364 0 1
365 0 1
366 0 1
367 0 1
368 45 4154
369 36 4152
370 0 1
371 30 4112
372 34 4151
373 35 4147
374 31 4161
375 31 4111
376 33 4194
377 33 4159
378 32 4144
379 0 1
380 2 2
381 76 4160
382 44 4184
383 34 4135
384 31 4122
385 57 4105
386 33 4180
387 36 4128
388 35 4122
389 34 4141
390 33 4210
391 33 4152
392 38 4114
393 29 4142
394 0 1
395 0 1
396 27 4110
397 40 4104
398 29 4191
399 34 4126
400 37 4118
401 31 4132
402 34 4203
403 33 4151
404 28 4164
405 33 4142
406 36 4135
407 42 4191
408 31 4097
409 36 4184
410 36 4162
411 0 1
412 34 4190
413 32 4154
414 39 4220
415 35 4185
416 34 4157
417 30 4149
418 33 4126
419 31 4189
420 39 4122
421 39 4213
422 30 4134
423 30 4178
424 29 4157
425 31 4219
426 30 4147
427 34 4124
428 31 4193
429 32 4189
430 29 4113
431 32 4145
432 32 4180
433 34 4128
434 32 4133
435 32 4136
436 27 4146
437 30 4154
438 31 4146
439 31 4188
440 37 4158
441 32 4108
442 34 4170
443 32 4140
444 32 4172
445 32 4186
446 0 1
447 36 4202
448 31 4208
449 32 4139
450 35 4194
451 29 4152
452 30 4119
453 31 4142
454 0 1
455 31 4143
456 31 4161
457 0 1
458 0 1
459 33 4152
460 30 4153
461 49 4147
462 33 4146
463 36 4183
464 32 4136
465 33 4167
466 32 4079
467 28 4144
468 34 4163
469 35 4117
470 35 4200
471 57 4157
472 45 4118
473 35 4106
474 0 1
475 52 4167
476 39 4185
477 39 4181
478 40 4197
479 38 4146
480 33 4098
481 32 4124
482 41 4146
483 36 4133
484 42 4176
485 47 4135
486 34 4159
487 37 4145
488 33 4163
489 32 4162
490 30 4175
491 31 4183
492 44 4221
493 86 4180
494 34 4125
495 66 4148
496 35 4139
497 30 4152
498 35 4133
499 38 4187
500 33 4184
501 47 4171
502 28 4175
503 34 4256
504 36 4142
505 32 4152
506 37 4165
507 34 4139
508 35 4160
509 38 4144
510 30 4129
511 32 4171
512 33 4135
513 34 4153
514 33 4235
515 34 4175
516 31 4147
517 34 4165
518 31 4084
519 59 4192
520 37 4162
521 28 4160
522 30 4158
523 30 4161
524 31 4151
525 33 4165
526 36 4211
527 28 4154
528 35 4224
529 27 4122
530 31 4126
531 32 4158
532 32 4149
533 37 4180
534 46 4140
535 31 4169
536 55 4178
537 38 4147
538 33 4172
539 30 4179
540 33 4139
541 33 4156
542 36 4167
543 29 4141
544 34 4154
545 32 4175
546 42 4147
547 29 4140
548 31 4179
549 38 4133
550 44 4155
551 40 4156
552 36 4179
553 0 1
554 34 4142
555 30 4193
556 44 4141
557 36 4144
558 57 4162
559 44 4125
560 35 4128
561 33 4127
562 33 4128
563 41 4101
564 31 4146
565 0 1
566 0 1
567 37 4176
568 38 4111
569 36 4142
570 48 4177
571 36 4118
572 45 4180
573 35 4163
574 35 4179
575 35 4114
576 27 4171
577 34 4156
578 31 4192
579 31 4211
580 32 4215
581 33 4230
582 31 4168
583 30 4131
584 32 4187
585 31 4094
586 34 4195
587 32 4137
588 31 4130
589 31 4160
590 34 4186
591 35 4140
592 33 4168
593 30 4183
594 35 4166
595 29 4147
596 30 4216
597 32 4152
598 34 4143
599 67 4153
600 35 4213
601 32 4168
602 30 4129
603 33 4199
604 32 4134
605 27 4195
606 35 4182
607 33 4153
608 35 4144
609 32 4145
610 36 4158
611 37 4157
612 32 4188
613 31 4183
614 32 4140
615 55 4173
616 36 4151
617 30 4134
618 30 4184
619 34 4148
620 35 4165
621 34 4129
622 30 4168
623 35 4203
624 31 4115
625 39 4137
626 30 4117
627 32 4160
628 32 4165
629 31 4153
630 30 4200
631 30 4183
632 31 4141
633 33 4119
634 43 4131
635 35 4184
636 35 4147
637 33 4191
638 35 4180
639 33 4121
640 34 4178
641 29 4098
642 36 4095
643 36 4166
644 32 4197
645 33 4187
646 31 4164
647 32 4149
648 27 4108
649 35 4153
650 32 4195
651 32 4127
652 30 4180
653 35 4177
654 36 4148
655 29 4139
656 33 4151
657 32 4090
658 34 4165
659 52 4153
660 37 4112
661 4 2
662 26 2
663 0 1
664 0 1
665 32 4144
666 40 4176
667 30 4210
668 37 4161
669 33 4145
670 39 4168
671 33 4154
672 33 4119
673 33 4147
674 29 4185
675 34 4144
676 32 4160
677 27 4113
678 35 4169
679 30 4154
680 31 4166
681 33 4180
682 30 4146
683 0 1
684 39 4166
685 38 4174
686 0 1
687 0 1
688 0 1
689 11 2
690 49 2
691 0 1
692 0 1
693 36 4160
694 30 4190
695 32 4165
696 37 4108
697 36 4189
698 33 4170
699 36 4148
700 29 4192
701 35 4173
702 33 4125
703 36 4145
704 33 4155
705 33 4145
706 33 4175
707 29 4142
708 33 4169
709 33 4197
710 30 4169
711 31 4194
712 35 4209
713 33 4169
714 34 4155
715 34 4176
716 33 4202
717 34 4187
718 32 4150
719 30 4142
720 35 4141
721 29 4195
722 36 4174
723 33 4134
724 38 4213
725 49 4175
726 37 4161
727 33 4149
728 31 4207
729 46 4164
730 0 1
731 0 1
732 0 1
733 34 4187
734 33 4181
735 30 4176
736 28 4171
737 28 4204
738 31 4175
739 33 4205
740 29 4098
741 38 4113
742 29 4177
743 35 4150
744 55 4136
745 34 4156
746 31 4149
747 37 4147
748 35 4162
749 34 4145
750 36 4162
751 45 4162
752 31 4197
753 0 1
754 0 1
755 18 2
756 29 4103
757 36 4129
758 35 4175
759 34 4172
760 56 4147
761 32 4115
762 36 4194
763 28 4192
764 0 1
765 33 4122
766 31 4238
767 36 4182
768 37 4126
769 30 4126
770 0 1
771 30 4135
772 32 4172
773 31 4138
774 31 4177
775 32 4200
776 36 4154
777 29 4155
778 30 4148
779 29 4146
780 32 4115
781 29 4120
782 36 4134
783 30 4227
784 32 4169
785 36 4115
786 28 4145
787 31 4148
788 31 4171
789 32 4123
790 29 4181
791 30 4159
792 29 4148
793 27 4124
794 29 4168
795 38 4183
796 32 4169
797 44 4156
798 35 4152
799 35 4184
800 30 4115
801 34 4138
802 36 4142
803 31 4170
804 30 4158
805 30 4151
806 29 4204
807 31 4150
808 34 4185
809 32 4146
810 31 4136
811 33 4161
812 29 4155
813 37 4142
814 30 4144
815 0 1
816 0 1
817 0 1
818 35 4187
819 33 4165
820 46 4156
821 32 4133
822 0 1
823 32 4166
824 32 4126
825 31 4163
826 34 4173
827 0 1
828 33 4146
829 33 4111
830 36 4159
831 0 1
832 34 4178
833 38 4180
834 31 4188
835 30 4192
836 32 4187
837 34 4140
838 0 1
839 37 4216
840 30 4150
841 39 4172
842 35 4181
843 30 4166
844 34 4169
845 29 4139
846 0 1
847 34 4152
848 33 4194
849 35 4121
850 37 4173
851 37 4163
852 30 4173
853 33 4180
854 35 4185
855 33 4170
856 32 4166
857 29 4149
858 30 4191
859 30 4142
860 33 4131
861 31 4107
862 32 4143
863 34 4168
864 40 4133
865 49 4141
866 0 1
867 40 4196
868 29 4173
869 36 4172
870 48 4228
871 33 4124
872 41 4107
873 0 1
874 100 4172
875 31 4154
876 34 4175
877 30 4125
878 38 4191
879 32 4162
880 36 4144
881 29 4121
882 33 4192
883 0 1
884 31 4167
885 28 4134
886 37 4138
887 29 4157
888 32 4183
889 34 4156
890 31 4135
891 32 4189
892 33 4197
893 33 4145
894 43 4174
895 46 4177
896 38 4186
897 32 4171
898 38 4114
899 31 4222
900 35 4204
901 32 4106
902 36 4186
903 30 4102
904 37 4149
905 38 4147
906 38 4186
907 32 4134
908 39 4146
909 33 4158
910 31 4164
911 31 4168
912 32 4229
913 31 4176
914 30 4108
915 32 4148
916 34 4146
917 35 4147
918 30 4204
919 30 4172
920 32 4118
921 33 4128
922 33 4138
923 31 4134
924 35 4102
925 36 4101
926 39 4182
927 34 4155
928 34 4152
929 33 4143
930 39 4190
931 62 4151
932 33 4177
933 29 4135
934 38 4194
935 35 4186
936 29 4107
937 32 4170
938 32 4150
939 80 4141
940 38 4162
941 49 4154
942 30 4152
943 37 4149
944 32 4193
945 36 4197
946 27 4159
947 28 4125
948 31 4135
949 28 4197
950 35 4121
951 35 4164
952 29 4120
953 32 4104
954 44 4163
955 36 4191
956 31 4213
957 33 4136
958 31 4150
959 31 4155
960 33 4183
961 33 4186
962 29 4192
963 32 4145
964 31 4161
965 35 4205
966 30 4134
967 34 4205
968 30 4130
969 38 4208
970 38 4205
971 32 4133
972 33 4127
973 31 4128
974 59 4190
975 41 4199
976 32 4098
977 45 4139
978 50 4133
979 79 4140
980 44 4142
981 31 4122
982 30 4165
983 30 4134
984 32 4154
985 31 4165
986 30 4185
987 32 4192
988 34 4170
989 32 4130
990 33 4215
991 33 4105
992 30 4200
993 33 4101
994 28 4222
995 33 4172
996 30 4207
997 28 4128
998 33 4177
999 33 4190
1000 36 4112
1001 31 4167
1002 31 4150
1003 33 4138
1004 39 4145
1005 3 2
1006 9 2
1007 43 4099
1008 37 4140
1009 30 4142
1010 35 4126
1011 31 4140
1012 0 1
1013 0 1
1014 57 4161
1015 34 4146
1016 30 4145
1017 31 4175
1018 34 4177
1019 28 4148
1020 32 4125
1021 30 4180
1022 31 4154
1023 32 4170
1024 38 4163
1025 32 4125
1026 32 4191
1027 32 4112
1028 33 4110
1029 32 4165
1030 36 4170
1031 39 4207
1032 32 4157
1033 35 4140
1034 37 4264
1035 35 4219
1036 35 4118
1037 48 4133
1038 35 4171
1039 52 4090
1040 36 4146
1041 37 4128
1042 34 4158
1043 0 1
1044 42 4136
1045 33 4132
1046 34 4155
1047 45 4158
1048 29 4164
1049 37 4198
1050 33 4150
1051 31 4200
1052 34 4170
1053 0 1
1054 36 4222
1055 33 4200
1056 38 4142
1057 38 4196
1058 37 4187
1059 32 4177
1060 49 4163
1061 31 4138
1062 36 4197
1063 34 4155
1064 34 4117
1065 38 4149
1066 36 4128
1067 33 4162
1068 34 4194
1069 32 4138
1070 0 1
1071 32 4160
1072 34 4144
1073 29 4201
1074 33 4183
1075 36 4127
1076 35 4189
1077 35 4191
1078 34 4111
1079 33 4157
1080 32 4216
1081 36 4149
1082 31 4177
1083 44 4147
1084 31 4179
1085 31 4174
1086 32 4191
1087 40 4144
1088 31 4233
1089 37 4203
1090 29 4199
1091 32 4177
1092 29 4123
1093 30 4187
1094 0 1
1095 0 1
1096 32 4162
1097 0 1
1098 0 1
1099 37 4204
1100 40 4151
1101 0 1
1102 0 1
1103 37 4159
1104 36 4173
1105 46 4170
1106 36 4173
1107 30 4145
1108 39 4138
1109 40 4174
1110 34 4157
1111 29 4158
1112 39 4154
1113 40 4172
1114 31 4112
1115 29 4138
1116 32 4128
1117 33 4195
1118 30 4138
1119 0 1
1120 105 4148
1121 30 4097
1122 33 4193
1123 32 4167
1124 38 4161
1125 33 4159
1126 32 4201
1127 0 1
1128 39 2
1129 3 2
1130 0 1
1131 35 4167
1132 31 4159
1133 34 4152
1134 32 4125
1135 31 4131
1136 37 4159
1137 38 4224
1138 37 4166
1139 0 1
1140 67 4137
1141 30 4222
1142 0 1
1143 36 4135
1144 32 4139
1145 0 1
1146 30 4138
1147 30 4166
1148 38 4134
1149 34 4178
1150 37 4140
1151 118 4159
1152 29 4142
1153 29 4165
1154 37 4248
1155 36 4141
1156 32 4097
1157 34 4192
1158 30 4175
1159 27 4199
1160 37 4136
1161 33 4180
1162 31 4160
1163 35 4135
1164 31 4153
1165 31 4178
1166 33 4138
1167 41 4135
1168 35 4180
1169 35 4181
1170 30 4159
1171 31 4172
1172 0 1
1173 31 4147
1174 32 4167
1175 33 4150
1176 31 4103
1177 31 4211
1178 39 4186
1179 35 4150
1180 32 4203
1181 29 4158
1182 31 4150
1183 35 4203
1184 32 4177
1185 32 4157
1186 37 4179
1187 29 4146
1188 32 4166
1189 32 4145
1190 32 4164
1191 34 4205
1192 106 4204
1193 45 4173
1194 33 4175
1195 0 1
1196 37 4201
1197 74 4154
1198 44 4216
1199 32 4146
1200 35 4133
1201 33 4152
1202 37 4129
1203 34 4169
1204 36 4147
1205 33 4172
1206 35 4109
1207 37 4144
1208 38 4207
1209 30 4157
1210 32 4191
1211 29 4174
1212 30 4128
1213 29 4200
1214 33 4158
1215 31 4154
1216 33 4196
1217 35 4127
1218 34 4205
1219 35 4137
1220 33 4091
1221 32 4150
1222 31 4110
1223 35 4157
1224 0 1
1225 32 4226
1226 30 4113
1227 33 4144
1228 33 4118
1229 33 4140
1230 34 4137
1231 35 4143
1232 30 4117
1233 34 4162
1234 42 4126
1235 33 4199
1236 29 4159
1237 31 4198
1238 30 4122
1239 34 4145
1240 37 4153
1241 38 4155
1242 36 4171
1243 38 4176
1244 30 4108
1245 29 4150
1246 33 4174
1247 32 4171
1248 38 4098
1249 30 4164
1250 29 4141
1251 44 4160
1252 44 4178
1253 34 4178
1254 32 4142
1255 50 4177
1256 39 4177
1257 34 4146
1258 39 4179
1259 43 4156
1260 31 4162
1261 68 4197
1262 36 4160
1263 32 4166
1264 33 4151
1265 37 4165
1266 64 4135
1267 40 4164
1268 30 4137
1269 33 4153
1270 34 4208
1271 40 4106
1272 36 4179
1273 88 4139
1274 46 4100
1275 37 4132
1276 31 4205
1277 33 4184
1278 64 4211
1279 30 4133
1280 32 4089
1281 38 4198
1282 35 4079
1283 36 4177
1284 34 4166
1285 31 4142
1286 39 4217
1287 28 4166
1288 36 4150
1289 38 4146
1290 34 4158
1291 42 4135
1292 28 4156
1293 0 1
1294 0 1
1295 53 4178
1296 39 4143
1297 34 4157
1298 0 1
1299 0 1
1300 29 4146
1301 30 4223
1302 31 4152
1303 37 4132
1304 30 4170
1305 31 4174
1306 31 4171
1307 34 4200
1308 30 4156
1309 36 4190
1310 27 4162
1311 30 4158
1312 34 4168
1313 33 4178
1314 30 4098
1315 30 4151
1316 35 4136
1317 34 4126
1318 33 4149
1319 14 2
1320 26 2
1321 33 4107
1322 35 4205
1323 37 4182
1324 49 4139
1325 33 4197
1326 0 1
1327 0 1
1328 0 1
1329 62 4211
1330 33 4155
1331 41 4163
1332 32 4191
1333 38 4169
1334 36 4130
1335 44 4143
1336 29 4136
1337 33 4125
1338 32 4162
1339 41 4197
1340 38 4193
1341 37 4169
1342 32 4176
1343 37 4172
1344 30 4167
1345 38 4135
1346 41 4154
1347 0 1
1348 35 4155
1349 41 4133
1350 32 4144
1351 32 4120
1352 32 4206
1353 44 4140
1354 50 4133
1355 33 4179
1356 33 4194
1357 0 1
1358 82 4183
1359 36 4141
1360 33 4107
1361 29 4155
1362 35 4168
1363 40 4169
1364 32 4151
1365 35 4137
1366 42 4149
1367 34 4158
1368 35 4157
1369 28 4158
1370 35 4094
1371 33 4176
1372 33 4183
1373 48 4131
1374 33 4182
1375 38 4135
1376 33 4107
1377 31 4107
1378 38 4176
1379 40 4130
1380 31 4154
1381 50 4199
1382 34 4136
1383 33 4158
1384 0 1
1385 30 4221
1386 28 4187
1387 32 4182
1388 36 4215
1389 36 4140
1390 30 4129
1391 37 4167
1392 32 4189
1393 32 4179
1394 32 4180
1395 34 4132
1396 31 4179
1397 33 4204
1398 31 4150
1399 30 4138
1400 32 4141
1401 30 4157
1402 34 4201
1403 36 4184
1404 31 4179
1405 33 4201
1406 29 4138
1407 34 4136
1408 32 4202
1409 39 4178
1410 31 4171
1411 0 1
1412 29 4149
1413 90 4117
1414 32 4169
1415 31 4193
1416 32 4148
1417 30 4134
1418 51 4195
1419 38 4210
1420 43 4130
1421 34 4117
1422 45 4150
1423 31 4195
1424 45 4173
1425 39 4125
1426 32 4123
1427 29 4138
1428 44 4175
1429 32 4188
1430 60 4119
1431 0 1
1432 37 4161
1433 29 4172
1434 39 4176
1435 31 4166
1436 31 4132
1437 0 1
1438 36 4098
1439 32 4202
1440 33 4160
1441 41 4141
1442 0 1
1443 35 4191
1444 0 1
1445 56 4115
1446 36 4186
1447 33 4188
1448 34 4142
1449 32 4190
1450 30 4220
1451 32 4175
1452 36 4164
1453 30 4141
1454 0 1
1455 34 4101
1456 46 4163
1457 56 4158
1458 41 4146
1459 0 1
1460 42 4152
1461 36 4122
1462 35 4166
1463 37 4190
1464 36 4102
1465 37 4209
1466 39 4145
1467 0 1
1468 32 4148
1469 0 1
1470 31 4145
1471 33 4190
1472 37 4167
1473 0 1
1474 0 1
1475 30 4140
1476 37 4194
1477 45 4073
1478 30 4131
1479 41 4134
1480 43 4125
1481 0 1
1482 34 4121
1483 35 4178
1484 31 4174
1485 36 4154
1486 36 4142
1487 34 4182
1488 35 4192
1489 31 4191
1490 28 4151
1491 30 4188
1492 36 4161
1493 26 4146
1494 30 4162
1495 34 4142
1496 35 4121
1497 31 4112
1498 29 4171
1499 37 4141
1500 76 4164
1501 33 4149
1502 35 4185
1503 38 4144
1504 32 4168
1505 37 4126
1506 32 4148
1507 39 4194
1508 0 1
1509 34 4149
1510 39 4163
1511 30 4143
1512 0 1
1513 28 4148
1514 36 4146
1515 32 4175
1516 29 4144
1517 32 4167
1518 35 4160
1519 33 4185
1520 27 4180
1521 35 4196
1522 43 4194
1523 32 4149
1524 33 4183
1525 32 4144
1526 32 4086
1527 36 4144
1528 32 4174
1529 36 4207
1530 36 4167
1531 34 4156
1532 37 4167
1533 41 4116
1534 33 4185
1535 34 4164
1536 35 4148
1537 34 4144
1538 0 1
1539 32 4142
1540 37 4201
1541 31 4138
1542 35 4153
1543 36 4173
1544 31 4100
1545 30 4170
1546 38 4184
1547 34 4108
1548 34 4217
1549 32 4148
1550 33 4128
1551 34 4179
1552 33 4132
1553 32 4180
1554 34 4156
1555 49 4142
1556 33 4195
1557 40 4176
1558 33 4156
1559 35 4146
1560 32 4159
1561 28 4176
1562 31 4237
1563 37 4145
1564 29 4095
1565 32 4166
1566 34 4141
1567 33 4193
1568 34 4118
1569 34 4168
1570 34 4135
1571 0 1
1572 41 4195
1573 38 4150
1574 30 4189
1575 41 4212
1576 0 1
1577 32 4172
1578 33 4162
1579 36 4193
1580 35 4163
1581 31 4187
1582 30 4128
1583 38 4155
1584 34 4151
1585 33 4116
1586 32 4173
1587 32 4166
1588 30 4158
1589 32 4197
1590 34 4169
1591 30 4135
1592 50 4121
1593 29 4178
1594 32 4147
1595 30 4104
1596 38 4154
1597 33 4187
1598 59 4173
1599 37 4123
1600 34 4126
1601 31 4141
1602 34 4197
1603 30 4172
1604 32 4146
1605 33 4139
1606 33 4137
1607 39 4213
1608 37 4192
1609 35 4132
1610 51 4208
1611 33 4169
1612 34 4164
1613 0 1
1614 0 1
1615 33 4122
1616 39 4190
1617 30 4197
1618 32 4209
1619 31 4123
1620 44 4164
1621 30 4181
1622 34 4094
1623 31 4159
1624 36 4175
1625 29 4151
1626 31 4189
1627 32 4163
1628 32 4154
1629 32 4176
1630 34 4131
1631 34 4177
1632 34 4129
1633 33 4092
1634 32 4156
1635 32 4163
1636 42 4201
1637 31 4195
1638 33 4138
1639 35 4162
1640 37 4142
1641 33 4135
1642 37 4153
1643 27 4157
1644 26 4142
1645 31 4132
1646 36 4155
1647 34 4147
1648 44 4217
1649 32 4235
1650 33 4173
1651 32 4156
1652 32 4161
1653 35 4164
1654 36 4155
1655 32 4158
1656 39 4163
1657 29 4184
1658 37 4145
1659 33 4177
1660 37 4214
1661 35 4208
1662 30 4203
1663 46 4157
1664 38 4141
1665 0 1
1666 38 4155
1667 31 4173
1668 50 4227
1669 48 4207
1670 30 4058
1671 49 4162
1672 34 4171
1673 36 4179
1674 33 4139
1675 38 4100
1676 31 4190
1677 34 4119
1678 35 4161
1679 35 4166
1680 0 1
1681 35 4179
1682 42 4139
1683 36 4145
1684 30 4108
1685 33 4111
1686 34 4191
1687 32 4136
1688 36 4177
1689 32 4161
1690 31 4122
1691 34 4129
1692 34 4145
1693 35 4123
1694 30 4153
1695 34 4193
1696 38 4166
1697 33 4192
1698 33 4141
1699 0 1
1700 34 4201
1701 28 4136
1702 34 4138
1703 35 4180
1704 39 4172
1705 34 4144
1706 40 4182
1707 39 4132
1708 36 4205
1709 35 4169
1710 31 4169
1711 36 4164
1712 0 1
1713 47 4147
1714 0 1
1715 33 4086
1716 31 4098
1717 30 4125
1718 32 4158
1719 28 4187
1720 37 4121
1721 36 4210
1722 36 4165
1723 54 4150
1724 0 1
1725 0 1
1726 34 4110
1727 36 4210
1728 46 4157
1729 35 4190
1730 33 4191
1731 38 4165
1732 42 4151
1733 32 4140
1734 42 4163
1735 35 4154
1736 32 4154
1737 33 4191
1738 42 4130
1739 35 4172
1740 37 4146
1741 28 4136
1742 28 4111
1743 39 4176
1744 38 4198
1745 37 4152
1746 36 4145
1747 34 4137
1748 38 4153
1749 37 4189
1750 34 4165
1751 33 4160
1752 31 4153
1753 33 4152
1754 36 4107
1755 35 4161
1756 35 4112
1757 0 1
1758 31 4130
1759 35 4190
1760 27 4137
1761 39 4193
1762 35 4224
1763 31 4144
1764 37 4189
1765 36 4136
1766 37 4150
1767 33 4152
1768 38 4178
1769 33 4212
1770 43 4207
1771 35 4172
1772 33 4136
1773 38 4156
1774 31 4144
1775 36 4171
1776 34 4182
1777 33 4153
1778 34 4161
1779 37 4160
1780 32 4187
1781 30 4128
1782 38 4240
1783 109 4135
1784 0 1
1785 33 4149
1786 0 1
1787 31 4154
1788 37 4200
1789 0 1
1790 34 4140
1791 33 4171
1792 38 4103
1793 34 4130
1794 36 4181
1795 0 1
1796 31 4133
1797 33 4173
1798 30 4180
1799 31 4117
1800 34 4207
1801 0 1
1802 31 4124
1803 35 4149
1804 35 4167
1805 0 1
1806 58 4126
1807 36 4150
1808 34 4172
1809 0 1
1810 37 4121
1811 31 4130
1812 33 4157
1813 35 4186
1814 30 4190
1815 31 4198
1816 41 4124
1817 34 4127
1818 36 4149
1819 31 4176
1820 49 4097
1821 33 4137
1822 30 4181
1823 31 4102
1824 33 4082
1825 27 4121
1826 35 4180
1827 0 1
1828 53 4147
1829 37 4194
1830 28 4123
1831 29 4154
1832 32 4125
1833 33 4206
1834 38 4145
1835 36 4214
1836 36 4141
1837 33 4162
1838 33 4115
1839 29 4130
1840 37 4134
1841 35 4171
1842 32 4173
1843 32 4123
1844 35 4146
1845 35 4176
1846 31 4173
1847 38 4219
1848 32 4119
1849 38 4151
1850 33 4165
1851 30 4161
1852 49 4143
1853 44 4139
1854 30 4230
1855 34 4123
1856 32 4175
1857 33 4151
1858 34 4153
1859 33 4187
1860 36 4164
1861 33 4144
1862 37 4184
1863 41 4156
1864 35 4211
1865 14 2
1866 21 5
1867 34 4154
1868 36 4164
1869 29 4155
1870 31 4168
1871 31 4184
1872 43 4197
1873 37 4212
1874 42 4218
1875 37 4147
1876 36 4156
1877 31 4169
1878 36 4131
1879 32 4198
1880 30 4199
1881 38 4164
1882 0 1
1883 0 1
1884 53 4171
1885 31 4175
1886 34 4114
1887 54 4204
1888 39 4138
1889 31 4207
1890 0 1
1891 32 4158
1892 32 4181
1893 32 4167
1894 29 4141
1895 31 4143
1896 37 4175
1897 32 4134
1898 32 4186
1899 34 4129
1900 45 4096
1901 34 4117
1902 53 4149
1903 125 4134
1904 59 4154
1905 31 4173
1906 34 4168
1907 32 4154
1908 35 4180
1909 32 4124
1910 40 4127
1911 38 4130
1912 38 4169
1913 33 4095
1914 30 4161
1915 32 4140
1916 33 4153
1917 38 4204
1918 35 4185
1919 32 4186
1920 33 4106
1921 34 4151
1922 37 4121
1923 32 4170
1924 35 4172
1925 54 4190
1926 35 4199
1927 38 4175
1928 35 4157
1929 33 4154
1930 35 4140
1931 33 4188
1932 31 4167
1933 31 4154
1934 52 4124
1935 35 4187
1936 31 4165
1937 35 4148
1938 32 4172
1939 53 4173
1940 32 4187
1941 36 4152
1942 32 4127
1943 63 4193
1944 0 1
1945 0 1
1946 32 4118
1947 33 4168
1948 0 1
1949 0 1
1950 34 4141
1951 35 4165
1952 41 4111
1953 34 4148
1954 36 4172
1955 32 4156
1956 33 4177
1957 30 4141
1958 31 4180
1959 33 4171
1960 29 4158
1961 33 4218
1962 28 4162
1963 36 4211
1964 36 4184
1965 28 4217
1966 36 4155
1967 35 4139
1968 33 4161
1969 32 4128
1970 35 4146
1971 44 4187
1972 57 4149
1973 36 4246
1974 38 4183
1975 48 4170
1976 30 4175
1977 32 4192
1978 70 4155
1979 33 4197
1980 31 4203
1981 42 4165
1982 43 4110
1983 38 4109
1984 47 4182
1985 32 4214
1986 35 4131
1987 34 4166
1988 0 1
1989 0 1
1990 32 4185
1991 34 4165
1992 37 4197
1993 32 4143
1994 40 4158
1995 31 4167
1996 46 4136
1997 32 4105
1998 31 4196
1999 33 4150
2000 33 4156
2001 30 4172
2002 36 4191
2003 33 4167
2004 47 4183
2005 49 4145
2006 43 4163
2007 36 4181
2008 50 4157
2009 41 4132
2010 76 4142
2011 42 4154
2012 30 4107
2013 32 4133
2014 0 1
2015 33 4151
2016 37 4143
2017 38 4147
2018 30 4150
2019 35 4153
2020 34 4152
2021 77 4159
2022 31 4144
2023 40 4100
2024 32 4157
2025 32 4148
2026 82 4197
2027 45 4135
2028 47 4156
2029 0 1
2030 40 4217
2031 34 4204
2032 39 4167
2033 32 4120
2034 0 1
2035 48 4132
2036 68 4176
2037 39 4124
2038 96 4159
2039 75 4088
2040 0 1
2041 35 4134
2042 35 4175
2043 55 4187
2044 35 4178
2045 41 4229
2046 37 4170
2047 35 4139
2048 33 4101
2049 38 4128
2050 0 1
2051 41 4202
2052 42 4122
2053 38 4155
2054 32 4148
2055 74 4190
2056 39 4117
2057 42 4216
2058 37 4148
2059 28 4180
2060 35 4120
2061 34 4158
2062 58 4169
2063 34 4159
2064 34 4078
2065 33 4108
2066 31 4107
2067 33 4181
2068 33 4103
2069 37 4126
2070 36 4154
2071 35 4175
2072 30 4131
2073 42 4180
2074 33 4171
2075 33 4099
2076 42 4138
2077 30 4196
2078 0 1
2079 30 4129
2080 33 4154
2081 0 1
2082 32 4111
2083 33 4128
2084 31 4167
2085 36 4189
2086 34 4133
2087 38 4142
2088 34 4141
2089 32 4175
2090 38 4170
2091 32 4120
2092 31 4156
2093 31 4151
2094 0 1
2095 0 1
2096 43 4170
2097 55 4147
2098 38 4139
2099 32 4139
2100 33 4128
2101 38 4081
2102 32 4143
2103 39 4145
2104 37 4135
2105 31 4168
2106 37 4147
2107 31 4157
2108 34 4127
2109 44 4176
2110 35 4248
2111 34 4137
2112 36 4117
2113 32 4154
2114 0 1
2115 0 1
2116 0 1
2117 49 4146
2118 0 1
2119 40 4178
2120 0 1
2121 73 4161
2122 47 4138
2123 40 4116
2124 31 4137
2125 28 4169
2126 40 4197
2127 37 4118
2128 32 4191
2129 31 4171
2130 35 4119
2131 35 4190
2132 37 4182
2133 35 4151
2134 31 4146
2135 31 4193
2136 35 4167
2137 32 4160
2138 37 4222
2139 36 4189
2140 37 4187
2141 30 4163
2142 32 4190
2143 36 4187
2144 33 4169
2145 0 1
2146 34 4177
2147 74 4155
2148 33 4148
2149 29 4159
2150 0 1
2151 68 4163
2152 34 4190
2153 35 4138
2154 30 4166
2155 0 1
2156 35 4171
2157 46 4169
2158 0 1
2159 30 4163
2160 48 4150
2161 30 4147
2162 0 1
2163 36 4138
2164 33 4165
2165 38 4137
2166 0 1
2167 54 4097
2168 51 4116
2169 45 4121
2170 33 4162
2171 35 4154
2172 30 4144
2173 0 1
2174 46 4159
2175 0 1
2176 59 4125
2177 0 1
2178 0 1
2179 39 4115
2180 36 4190
2181 31 4159
2182 32 4195
2183 31 4168
2184 35 4168
2185 46 4222
2186 0 1
2187 33 4191
2188 32 4104
2189 33 4091
2190 0 1
2191 38 4111
2192 34 4212
2193 36 4146
2194 33 4176
2195 37 4193
2196 32 4169
2197 34 4085
2198 32 4198
2199 35 4179
2200 35 4143
2201 40 4152
2202 0 1
2203 0 1
2204 34 4157
2205 29 4168
2206 34 4182
2207 32 4158
2208 35 4173
2209 29 4176
2210 31 4145
2211 31 4123
2212 30 4123
2213 31 4158
2214 35 4156
2215 33 4180
2216 35 4156
2217 32 4204
2218 29 4153
2219 86 4165
2220 32 4152
2221 30 4147
2222 45 4112
2223 34 4152
2224 36 4210
2225 33 4188
2226 31 4163
2227 35 4148
2228 36 4156
2229 38 4164
2230 34 4247
2231 34 4145
2232 31 4138
2233 30 4176
2234 33 4145
2235 46 4138
2236 31 4128
2237 33 4095
2238 34 4127
2239 34 4153
2240 0 1
2241 32 4217
2242 32 4151
2243 47 4155
2244 55 4139
2245 29 4115
2246 33 4102
2247 32 4157
2248 32 4126
2249 33 4190
2250 34 4191
2251 30 4175
2252 33 4153
2253 31 4175
2254 38 4098
2255 32 4107
2256 34 4128
2257 37 4137
2258 34 4112
2259 34 4145
2260 37 4160
2261 33 4216
2262 29 4188
2263 40 4143
2264 31 4176
2265 35 4170
2266 35 4146
2267 36 4195
2268 31 4084
2269 35 4172
2270 34 4153
2271 30 4134
2272 35 4164
2273 31 4174
2274 34 4177
2275 33 4140
2276 37 4149
2277 32 4202
2278 0 1
2279 0 1
2280 42 4144
2281 30 4131
2282 0 1
2283 36 4111
2284 34 4149
2285 38 4158
2286 45 4166
2287 41 4155
2288 34 4197
2289 32 4163
2290 37 4179
2291 40 4147
2292 32 4116
2293 0 1
2294 39 4174
2295 34 4199
2296 31 4197
2297 35 4148
2298 37 4101
2299 32 4138
2300 0 1
2301 31 4165
2302 49 4183
2303 31 4161
2304 0 1
2305 33 4172
2306 37 4135
2307 35 4141
2308 35 4161
2309 0 1
2310 0 1
2311 33 4175
2312 33 4187
2313 37 4193
2314 39 4226
2315 35 4174
2316 30 4155
2317 31 4153
2318 36 4150
2319 35 4176
2320 47 4171
2321 38 4156
2322 31 4168
2323 34 4212
2324 39 4125
2325 37 4188
2326 32 4152
2327 0 1
2328 35 4172
2329 36 4124
2330 41 4200
2331 34 4169
2332 33 4172
2333 36 4214
2334 0 1
2335 66 4189
2336 11 2
2337 48 4147
2338 50 4166
2339 31 4126
2340 0 1
2341 37 4151
2342 34 4169
2343 86 4116
2344 34 4110
2345 35 4150
2346 33 4141
2347 35 4181
2348 34 4109
2349 29 4124
2350 36 4195
2351 30 4092
2352 92 4166
2353 34 4151
2354 37 4131
2355 36 4156
2356 45 4162
2357 0 1
2358 0 1
2359 47 4173
2360 29 4159
2361 38 4138
2362 37 4215
2363 0 1
2364 40 4173
2365 38 4185
2366 36 4193
2367 50 4174
2368 0 1
2369 34 4134
2370 46 4112
2371 34 4204
2372 33 4160
2373 0 1
2374 0 1
2375 31 4155
2376 31 4150
2377 36 4163
2378 0 1
2379 0 1
2380 40 4125
2381 31 4124
2382 34 4128
2383 34 4200
2384 17 2
2385 8 2
2386 59 4213
2387 40 4144
2388 59 4123
2389 41 4169
2390 0 1
2391 49 4175
2392 50 4133
2393 30 4160
2394 50 4143
2395 30 4158
2396 35 4149
2397 32 4144
2398 41 4165
2399 47 4176
2400 34 4126
2401 33 4149
2402 44 4172
2403 37 4191
2404 32 4118
2405 36 4205
2406 39 4134
2407 57 4126
2408 40 4129
2409 38 4073
2410 39 4154
2411 32 4110
2412 0 1
2413 33 4178
2414 37 4204
2415 36 4143
2416 35 4136
2417 59 4147
2418 36 4145
2419 33 4179
2420 0 1
2421 0 1
2422 41 4143
2423 36 4138
2424 47 4157
2425 34 4161
2426 40 4107
2427 32 4201
2428 34 4139
2429 34 4183
2430 32 4132
2431 36 4166
2432 62 4185
2433 37 4147
2434 37 4204
2435 43 4172
2436 35 4191
2437 28 4102
2438 31 4118
2439 0 1
2440 56 4186
2441 42 4149
2442 34 4120
2443 36 4185
2444 33 4184
2445 36 4129
2446 42 4190
2447 32 4140
2448 33 4146
2449 31 4147
2450 50 4162
2451 41 4156
2452 30 4176
2453 31 4164
2454 33 4150
2455 33 4186
2456 32 4171
2457 35 4147
2458 38 4151
2459 32 4135
2460 36 4133
2461 36 4161
2462 37 4161
2463 33 4134
2464 0 1
2465 34 4144
2466 35 4182
2467 36 4146
2468 43 4190
2469 35 4153
2470 38 4088
2471 72 4129
2472 37 4155
2473 37 4138
2474 42 4178
2475 0 1
2476 38 4155
2477 42 4165
2478 0 1
2479 47 4092
2480 34 4158
2481 33 4141
2482 35 4118
2483 57 4149
2484 40 4142
2485 36 4135
2486 35 4124
2487 45 4132
2488 33 4178
2489 49 4210
2490 0 1
2491 44 4140
2492 43 4142
2493 0 1
2494 34 4138
2495 40 4168
2496 43 4158
2497 35 4194
2498 34 4195
2499 0 1
2500 35 4203
2501 44 4137
2502 27 4153
2503 38 4164
2504 34 4172
2505 32 4201
2506 34 4120
2507 62 4192
2508 34 4172
2509 41 4094
2510 44 4126
2511 39 4166
2512 0 1
2513 36 4146
2514 34 4218
2515 38 4120
2516 34 4109
2517 35 4146
2518 36 4188
2519 0 1
2520 34 4171
2521 34 4151
2522 37 4108
2523 34 4170
2524 64 4189
2525 0 1
2526 33 4183
2527 32 4150
2528 33 4117
2529 36 4160
2530 74 4180
2531 0 1
2532 0 1
2533 29 4162
2534 33 4126
2535 31 4141
2536 32 4169
2537 32 4172
2538 28 4142
2539 0 1
2540 38 4154
2541 40 4170
2542 43 4128
2543 67 4140
2544 0 1
2545 0 1
2546 42 4178
2547 33 4202
2548 37 4182
2549 28 4172
2550 40 4130
2551 0 1
2552 33 4206
2553 33 4047
2554 32 4193
2555 33 4191
2556 36 4096
2557 42 4146
2558 42 4098
2559 38 4189
2560 37 4108
2561 33 4155
2562 31 4175
2563 57 4153
2564 34 4228
2565 35 4100
2566 0 1
2567 32 4144
2568 32 4164
2569 36 4157
2570 33 4113
2571 30 4158
2572 28 4170
2573 39 4191
2574 33 4151
2575 36 4133
2576 40 4151
2577 30 4189
2578 59 4141
2579 35 4123
2580 34 4164
2581 0 1
2582 34 4144
2583 39 4173
2584 39 4252
2585 65 4142
2586 36 4138
2587 45 4123
2588 15 2
2589 34 4198
2590 0 1
2591 39 4193
2592 30 4140
2593 37 4168
2594 39 4183
2595 36 4165
2596 0 1
2597 0 1
2598 36 4051
2599 34 4116
2600 35 4133
2601 37 4154
2602 50 4141
2603 34 4146
2604 39 4231
2605 33 4176
2606 31 4135
2607 43 4163
2608 34 4162
2609 34 4158
2610 34 4102
2611 38 4167
2612 35 4200
2613 31 4178
2614 32 4149
2615 31 4154
2616 39 4166
2617 37 4169
2618 35 4120
2619 0 1
2620 31 4141
2621 32 4105
2622 0 1
2623 41 4146
2624 36 4173
2625 46 4177
2626 0 1
2627 0 1
2628 28 4091
2629 0 1
2630 38 4149
2631 71 4102
2632 0 1
2633 33 4180
2634 36 4121
2635 31 4202
2636 37 4162
2637 33 4143
2638 66 4113
2639 0 1
2640 0 1
2641 37 4129
2642 0 1
2643 0 1
2644 52 4186
2645 34 4134
2646 37 4148
2647 31 4134
2648 0 1
2649 0 1
2650 0 1
2651 32 4186
2652 37 4197
2653 35 4125
2654 42 4149
2655 35 4102
2656 33 4161
2657 39 4209
2658 34 4165
2659 33 4159
2660 0 1
2661 38 4182
2662 35 4152
2663 40 4151
2664 32 4126
2665 32 4204
2666 31 4141
2667 74 4145
2668 0 1
2669 36 4159
2670 29 4192
2671 42 4122
2672 36 4176
2673 39 4170
2674 30 4132
2675 35 4161
2676 57 4166
2677 33 4166
2678 36 4165
2679 40 4216
2680 31 4195
2681 30 4201
2682 54 4175
2683 39 4134
2684 33 4193
2685 33 4161
2686 44 4186
2687 0 1
2688 40 4182
2689 62 4131
2690 40 4189
2691 36 4190
2692 0 1
2693 35 4120
2694 46 4130
2695 32 4168
2696 36 4139
2697 36 4193
2698 37 4223
2699 0 1
2700 44 4138
2701 34 4174
2702 31 4102
2703 31 4141
2704 34 4175
2705 30 4136
2706 38 4089
2707 38 4175
2708 52 4162
2709 44 4127
2710 35 4155
2711 0 1
2712 34 4176
2713 41 4134
2714 31 4146
2715 33 4194
2716 0 1
2717 33 4080
2718 37 4118
2719 40 4167
2720 42 4131
2721 36 4155
2722 34 4164
2723 31 4139
2724 34 4153
2725 32 4142
2726 35 4208
2727 31 4161
2728 37 4169
2729 43 4140
2730 38 4140
2731 34 4205
2732 41 4243
2733 58 4194
2734 0 1
2735 0 1
2736 0 1
2737 54 4176
2738 31 4133
2739 38 4186
2740 29 4161
2741 39 4170
2742 48 4102
2743 36 4141
2744 33 4171
2745 33 4183
2746 29 4127
2747 33 4155
2748 42 4180
2749 35 4235
2750 31 4096
2751 31 4164
2752 30 4120
2753 34 4158
2754 56 4159
2755 41 4139
2756 33 4194
2757 38 4183
2758 34 4235
2759 37 4163
2760 35 4123
2761 29 4134
2762 0 1
2763 38 4154
2764 38 4176
2765 0 1
2766 40 4173
2767 35 4164
2768 38 4200
2769 43 4160
2770 49 4161
2771 43 4205
2772 0 1
2773 32 4155
2774 35 4185
2775 41 4159
2776 34 4153
2777 49 4168
2778 38 4148
2779 32 4171
2780 30 4110
2781 27 4156
2782 33 4181
2783 37 4086
2784 34 4162
2785 39 4194
2786 36 4176
2787 37 4205
2788 27 4128
2789 35 4178
2790 55 4169
2791 29 4134
2792 30 4117
2793 66 4152
2794 30 4084
2795 30 4184
2796 37 4134
2797 35 4192
2798 40 4176
2799 0 1
2800 6 2
2801 37 2
2802 30 4167
2803 60 4139
2804 32 4109
2805 42 4187
2806 34 4116
2807 57 4146
2808 0 1
2809 0 1
2810 0 1
2811 0 1
2812 44 4175
2813 0 1
2814 0 1
2815 0 1
2816 0 1
2817 0 1
2818 30 4188
2819 58 4123
2820 32 4108
2821 50 4187
2822 35 4203
2823 33 4146
2824 0 1
2825 0 1
2826 36 4152
2827 41 4198
2828 39 4145
2829 54 4137
2830 31 4159
2831 37 4196
2832 0 1
2833 33 4115
2834 34 4179
2835 33 4218
2836 53 4191
2837 0 1
2838 40 4199
2839 39 4161
2840 34 4164
2841 34 4145
2842 38 4185
2843 41 4153
2844 34 4156
2845 73 4159
2846 29 4128
2847 35 4150
2848 40 4135
2849 36 4179
2850 32 4141
2851 35 4167
2852 33 4142
2853 48 4170
2854 39 4125
2855 52 4094
2856 0 1
2857 39 4129
2858 35 4150
2859 31 4180
2860 36 4163
2861 50 4143
2862 58 4170
2863 46 4130
2864 34 4151
2865 40 4131
2866 30 4128
2867 35 4171
2868 56 4168
2869 45 4130
2870 51 4164
2871 48 4172
2872 0 1
2873 37 4203
2874 35 4162
2875 33 4083
2876 32 4166
2877 36 4126
2878 31 4174
2879 30 4194
2880 32 4169
2881 36 4174
2882 34 4200
2883 30 4122
2884 31 4172
2885 32 4149
2886 37 4148
2887 34 4186
2888 70 4186
2889 36 4117
2890 37 4172
2891 42 4174
2892 0 1
2893 34 4118
2894 37 4215
2895 0 1
2896 41 4156
2897 38 4163
2898 48 4142
2899 43 4148
2900 0 1
2901 32 4129
2902 37 4151
2903 33 4129
2904 34 4173
2905 33 4142
2906 40 4159
2907 66 4171
2908 91 4209
2909 33 4143
2910 30 4121
2911 37 4187
2912 30 4174
2913 0 1
2914 58 4156
2915 0 1
2916 33 4172
2917 34 4173
2918 35 4136
2919 0 1
2920 43 4094
2921 36 4194
2922 44 4165
2923 46 4212
2924 32 4187
2925 32 4138
2926 32 4161
2927 38 4143
2928 33 4137
2929 38 4145
2930 53 4164
2931 33 4156
2932 30 4159
2933 34 4180
2934 38 4223
2935 0 1
2936 0 1
2937 35 4210
2938 30 4115
2939 32 4130
2940 29 4127
2941 32 4140
2942 34 4129
2943 34 4179
2944 31 4157
2945 32 4213
2946 40 4116
2947 38 4172
2948 33 4161
2949 35 4116
2950 40 4141
2951 47 4163
2952 33 4197
2953 37 4176
2954 44 4155
2955 0 1
2956 0 1
2957 0 1
2958 0 1
2959 0 1
2960 33 4075
2961 36 4201
2962 36 4185
2963 31 4157
2964 34 4152
2965 46 4149
2966 30 4206
2967 0 1
2968 33 4216
2969 31 4166
2970 37 4178
2971 34 4174
2972 0 1
2973 35 4213
2974 38 4152
2975 41 4138
2976 37 4163
2977 40 4165
2978 49 4199
2979 0 1
2980 29 4149
2981 0 1
2982 36 4167
2983 33 4150
2984 36 4152
2985 55 4171
2986 41 4133
2987 42 4147
2988 41 4164
2989 34 4202
2990 47 4164
2991 42 4119
2992 35 4116
2993 42 4164
2994 41 4177
2995 32 4136
2996 35 4128
2997 36 4155
2998 33 4176
2999 36 4068
3000 39 4202
3001 33 4177
3002 34 4187
3003 47 4185
3004 59 4189
3005 36 4165
3006 35 4102
3007 35 4136
3008 37 4171
3009 35 4136
3010 43 4140
3011 49 4183
3012 33 4105
3013 39 4135
3014 52 4190
3015 38 4142
3016 30 4156
3017 0 1
3018 38 4208
3019 113 2
3020 34 4154
3021 0 1
3022 0 1
3023 33 4157
3024 0 1
3025 0 1
3026 48 4145
3027 31 4132
3028 36 4189
3029 32 4176
3030 34 4175
3031 38 4105
3032 36 4137
3033 0 1
3034 33 4183
3035 0 1
3036 33 4144
3037 36 4146
3038 45 4223
3039 19 2
3040 62 4097
3041 0 1
3042 0 1
3043 3 2
3044 3 2
3045 43 4242
3046 57 4143
3047 18 2
3048 32 4144
3049 32 4152
3050 34 4183
3051 44 4206
3052 40 4136
3053 33 4121
3054 0 1
3055 39 4139
3056 43 4161
3057 0 1
3058 34 4180
3059 0 1
3060 38 4109
3061 0 1
3062 38 4135
3063 37 4151
3064 31 4212
3065 37 4221
3066 31 4147
3067 0 1
3068 34 4129
3069 34 4205
3070 39 4226
3071 35 4168
3072 0 1
3073 0 1
3074 76 2
3075 35 4154
3076 42 4151
3077 32 4168
3078 34 4173
3079 0 1
3080 0 1
3081 31 4141
3082 49 4114
3083 37 4120
3084 31 4210
3085 38 4132
3086 37 4168
3087 32 4161
3088 32 4102
3089 34 4217
3090 38 4156
3091 34 4175
3092 0 1
3093 0 1
3094 34 4192
3095 32 4145
3096 32 4181
3097 42 4186
3098 34 4131
3099 39 4172
3100 31 4182
3101 29 4125
3102 34 4146
3103 36 4143
3104 43 4201
3105 57 4124
3106 36 4091
3107 44 4142
3108 39 4186
3109 50 4194
3110 0 1
3111 33 4176
3112 40 4116
3113 0 1
3114 38 4138
3115 35 4160
3116 34 4153
3117 31 4191
3118 35 4192
3119 63 4064
3120 34 4169
3121 35 4176
3122 32 4179
3123 34 4152
3124 35 4189
3125 38 4179
3126 31 4158
3127 28 4143
3128 42 4153
3129 31 4151
3130 0 1
3131 37 4168
3132 26 4151
3133 66 4115
3134 0 1
3135 30 4150
3136 48 4164
3137 31 4154
3138 0 1
3139 34 4191
3140 32 4136
3141 0 1
3142 0 1
3143 0 1
3144 71 4231
3145 0 1
3146 36 4214
3147 37 4174
3148 37 4144
3149 40 4157
3150 0 1
3151 34 4141
3152 33 4198
3153 39 4158
3154 84 4190
3155 0 1
3156 0 1
3157 0 1
3158 0 1
3159 9 3
3160 7 3
3161 21 3
3162 34 4152
3163 0 1
3164 35 4175
3165 0 1
3166 0 1
3167 3 2
3168 30 4195
3169 41 4104
3170 36 4140
3171 35 4178
3172 32 4148
3173 30 4201
3174 57 4177
3175 38 4156
3176 34 4169
3177 27 4147
3178 31 4110
3179 0 1
3180 34 4157
3181 30 4228
3182 41 4189
3183 0 1
3184 34 4112
3185 43 4161
3186 32 4158
3187 34 4186
3188 32 4103
3189 36 4172
3190 39 4131
3191 34 4207
3192 34 4183
3193 0 1
3194 35 4189
3195 0 1
3196 36 4165
3197 33 4144
3198 40 4139
3199 0 1
3200 64 4130
3201 38 4209
3202 40 4133
3203 50 4145
3204 32 4220
3205 36 4127
3206 62 4100
3207 38 4201
3208 36 4195
3209 34 4179
3210 48 4154
3211 30 4133
3212 34 4182
3213 0 1
3214 0 1
3215 34 4170
3216 35 4184
3217 34 4150
3218 0 1
3219 32 4117
3220 0 1
3221 34 4160
3222 32 4157
3223 31 4148
3224 35 4189
3225 38 4188
3226 36 4136
3227 33 4165
3228 40 4205
3229 36 4199
3230 37 4181
3231 68 4168
3232 33 4144
3233 37 4157
3234 42 4229
3235 35 4186
3236 34 4175
3237 0 1
3238 31 4154
3239 34 4126
3240 34 4162
3241 44 4158
3242 38 4090
3243 33 4172
3244 0 1
3245 29 4188
3246 46 4182
3247 36 4164
3248 38 4149
3249 30 4149
3250 32 4110
3251 37 4165
3252 0 1
3253 43 4203
3254 33 4174
3255 39 4119
3256 32 4167
3257 34 4149
3258 0 1
3259 50 4208
3260 0 1
3261 58 4136
3262 0 1
3263 0 1
3264 43 4243
3265 35 4152
3266 38 4145
3267 38 4126
3268 35 4219
3269 0 1
3270 34 4125
3271 52 4170
3272 0 1
3273 34 4129
3274 35 4178
3275 32 4102
3276 42 4177
3277 0 1
3278 0 1
3279 36 4165
3280 32 4189
3281 35 4164
3282 36 4183
3283 33 4135
3284 41 4141
3285 0 1
3286 34 4147
3287 32 4154
3288 42 4224
3289 55 4187
3290 34 4177
3291 34 4154
3292 35 4174
3293 0 1
3294 0 1
3295 36 4152
3296 30 4165
3297 54 4233
3298 0 1
3299 0 1
3300 0 1
3301 0 1
3302 31 4197
3303 31 4136
3304 53 4174
3305 0 1
3306 40 4119
3307 37 4144
3308 31 4145
3309 36 4142
3310 0 1
3311 36 4169
3312 33 4149
3313 30 4167
3314 0 1
3315 34 4177
3316 41 4119
3317 0 1
3318 36 4136
3319 108 4177
3320 43 4169
3321 44 4158
3322 33 4146
3323 40 4184
3324 41 4174
3325 42 4167
3326 55 4211
3327 38 4148
3328 63 4160
3329 0 1
3330 44 4158
3331 83 4147
3332 0 1
3333 65 4173
3334 36 4158
3335 31 4150
3336 32 4229
3337 32 4191
3338 0 1
3339 39 4157
3340 0 1
3341 39 4211
3342 39 4197
3343 0 1
3344 0 1
3345 0 1
3346 34 4117
3347 53 4167
3348 33 4185
3349 34 4137
3350 0 1
3351 45 4166
3352 0 1
3353 0 1
3354 31 4192
3355 34 4099
3356 36 4141
3357 0 1
3358 0 1
3359 36 4165
3360 0 1
3361 36 4160
3362 0 1
3363 0 1
3364 43 4212
3365 0 1
3366 41 4165
3367 37 4182
3368 0 1
3369 32 4164
3370 0 1
3371 30 4129
3372 14 2
3373 2 2
3374 0 1
3375 38 4126
3376 37 4147
3377 30 4177
3378 38 4134
3379 36 4176
3380 38 4205
3381 35 4088
3382 40 4189
3383 30 4155
3384 33 4186
3385 33 4183
3386 0 1
3387 43 4184
3388 31 4131
3389 33 4189
3390 58 4164
3391 75 4173
3392 40 4213
3393 31 4128
3394 32 4194
3395 32 4154
3396 34 4195
3397 32 4109
3398 36 4174
3399 36 4133
3400 34 4170
3401 34 4161
3402 35 4195
3403 38 4182
3404 38 4203
3405 33 4145
3406 32 4106
3407 31 4122
3408 33 4161
3409 55 4158
3410 32 4127
3411 44 4155
3412 31 4179
3413 42 4145
3414 50 4190
3415 32 4157
3416 37 4172
3417 46 4147
3418 31 4201
3419 35 4203
3420 60 4200
3421 38 4182
3422 40 4166
3423 32 4147
3424 30 4177
3425 36 4179
3426 36 4171
3427 51 4204
3428 31 4208
3429 39 4193
3430 39 4129
3431 37 4136
3432 33 4165
3433 39 4154
3434 0 1
3435 42 4100
3436 55 4195
3437 30 4200
3438 30 4130
3439 31 4173
3440 33 4137
3441 33 4157
3442 0 1
3443 33 4141
3444 32 4187
3445 40 4131
3446 34 4170
3447 36 4152
3448 32 4109
3449 42 4171
3450 30 4183
3451 51 4147
3452 59 4166
3453 42 4201
3454 80 4193
3455 38 4190
3456 0 1
3457 54 4175
3458 0 1
3459 0 1
3460 40 4160
3461 32 4180
3462 37 4120
3463 34 4231
3464 29 4143
3465 36 4094
3466 33 4215
3467 41 4154
3468 37 4146
3469 36 4104
3470 36 4143
3471 0 1
3472 0 1
3473 32 4079
3474 33 4144
3475 31 4207
3476 33 4108
3477 33 4143
3478 0 1
3479 35 4193
3480 34 4136
3481 33 4138
3482 30 4178
3483 31 4155
3484 32 4177
3485 48 4173
3486 37 4175
3487 40 4144
3488 42 4204
3489 31 4140
3490 33 4172
3491 0 1
3492 0 1
3493 0 1
3494 35 4161
3495 0 1
3496 44 4173
3497 71 4132
3498 0 1
3499 30 4156
3500 31 4199
3501 0 1
3502 32 4142
3503 0 1
3504 42 4171
3505 0 1
3506 35 4153
3507 35 4126
3508 30 4090
3509 31 4134
3510 31 4128
3511 1 2
3512 16 2
3513 48 4180
3514 0 1
3515 0 1
3516 34 4177
3517 39 4140
3518 33 4161
3519 40 4194
3520 43 4145
3521 0 1
3522 0 1
3523 31 4161
3524 35 4194
3525 44 4153
3526 0 1
3527 0 1
3528 0 1
3529 59 4152
3530 44 4213
3531 0 1
3532 0 1
3533 35 4163
3534 0 1
3535 0 1
3536 34 4167
3537 35 4118
3538 0 1
3539 0 1
3540 33 4194
3541 42 4144
3542 36 4161
3543 35 4161
3544 32 4152
3545 34 4163
3546 46 4213
3547 35 4204
3548 51 4089
3549 0 1
3550 0 1
3551 0 1
3552 35 4190
3553 0 1
3554 35 4165
3555 43 4170
3556 40 4155
3557 40 4146
3558 32 4151
3559 32 4175
3560 32 4199
3561 43 4113
3562 0 1
3563 33 4132
3564 32 4208
3565 29 4109
3566 0 1
3567 0 1
3568 38 4161
3569 0 1
3570 0 1
3571 36 4174
3572 48 4160
3573 34 4148
3574 0 1
3575 38 4149
3576 0 1
3577 54 4166
3578 106 4164
3579 0 1
3580 32 4192
3581 0 1
3582 62 4158
3583 0 1
3584 29 4159
3585 45 4160
3586 35 4170
3587 0 1
3588 0 1
3589 35 4168
3590 37 4153
3591 32 4105
3592 35 4123
3593 0 1
3594 0 1
3595 40 4180
3596 38 4150
3597 37 4162
3598 36 4172
3599 35 4167
3600 33 4113
3601 37 4180
3602 0 1
3603 46 4160
3604 0 1
3605 38 4121
3606 44 4151
3607 47 4149
3608 35 4138
3609 38 4262
3610 29 4186
3611 34 4134
3612 42 4144
3613 38 4222
3614 34 4165
3615 32 4165
3616 44 4111
3617 41 4189
3618 0 1
3619 38 4180
3620 48 4149
3621 67 4170
3622 74 4128
3623 34 4099
3624 33 4170
3625 0 1
3626 51 4165
3627 50 4170
3628 41 4130
3629 32 4153
3630 41 4160
3631 41 4141
3632 75 4188
3633 46 4155
3634 32 4146
3635 0 1
3636 38 4165
3637 0 1
3638 32 4166
3639 29 4209
3640 83 4170
3641 0 1
3642 32 4206
3643 37 4192
3644 31 4130
3645 0 1
3646 31 4155
3647 0 1
3648 35 4129
3649 0 1
3650 33 4162
3651 35 4172
3652 55 4185
3653 40 4172
3654 36 4177
3655 0 1
3656 61 4184
3657 52 4180
3658 33 4200
3659 30 4136
3660 33 4199
3661 0 1
3662 30 4130
3663 39 4143
3664 0 1
3665 46 4241
3666 38 4157
3667 36 4195
3668 34 4158
3669 34 4190
3670 41 4181
3671 33 4158
3672 51 4139
3673 0 1
3674 36 4122
3675 36 4175
3676 42 4174
3677 34 4168
3678 34 4164
3679 32 4161
3680 0 1
3681 0 1
3682 0 1
3683 0 1
3684 32 4112
3685 42 4151
3686 0 1
3687 39 4157
3688 37 4191
3689 29 4165
3690 36 4145
3691 66 4156
3692 0 1
3693 44 4195
3694 0 1
3695 0 1
3696 0 1
3697 0 1
3698 40 4155
3699 47 4155
3700 24 2
3701 53 4176
3702 41 4183
3703 45 4239
3704 43 4160
3705 36 4202
3706 31 4143
3707 37 4161
3708 0 1
3709 0 1
3710 0 1
3711 0 1
3712 61 4194
3713 0 1
3714 43 4213
3715 36 4136
3716 32 4142
3717 62 4154
3718 0 1
3719 41 4125
3720 0 1
3721 31 4140
3722 31 4113
3723 34 4186
3724 28 4139
3725 46 4117
3726 0 1
3727 64 4175
3728 36 4144
3729 33 4151
3730 37 4196
3731 30 4158
3732 32 4197
3733 0 1
3734 0 1
3735 51 4182
3736 44 4143
3737 0 1
3738 33 4189
3739 41 4160
3740 35 4150
3741 35 4194
3742 33 4171
3743 61 4129
3744 0 1
3745 0 1
3746 0 1
3747 55 4209
3748 31 4152
3749 61 4188
3750 0 1
3751 0 1
3752 71 4082
3753 34 4146
3754 37 4147
3755 0 1
3756 42 4149
3757 33 4144
3758 33 4191
3759 0 1
3760 40 4180
3761 34 4163
3762 86 4155
3763 76 4211
3764 0 1
3765 49 4170
3766 39 4209
3767 0 1
3768 36 4178
3769 34 4144
3770 0 1
3771 30 4130
3772 0 1
3773 49 4143
3774 35 4110
3775 35 4138
3776 0 1
3777 48 4182
3778 47 4139
3779 0 1
3780 38 4183
3781 36 4204
3782 0 1
3783 38 4183
3784 0 1
3785 32 4145
3786 34 4148
3787 0 1
3788 71 4209
3789 33 4156
3790 47 4139
3791 36 4155
3792 43 4170
3793 37 4127
3794 28 4194
3795 39 4048
3796 44 4161
3797 40 4128
3798 44 4151
3799 0 1
3800 37 4101
3801 30 4125
3802 32 4152
3803 41 4166
3804 36 4147
3805 0 1
3806 38 4178
3807 39 4151
3808 36 4153
3809 0 1
3810 0 1
3811 30 4094
3812 0 1
3813 34 4160
3814 88 4103
3815 72 4156
3816 0 1
3817 0 1
3818 0 1
3819 50 4154
3820 79 4178
3821 56 4167
3822 0 1
3823 43 4152
3824 0 1
3825 35 4137
3826 45 4230
3827 24 2
3828 4 2
3829 0 1
3830 35 4090
3831 0 1
3832 53 4151
3833 0 1
3834 46 4151
3835 0 1
3836 40 4163
3837 34 4148
3838 50 4153
3839 72 4168
3840 79 4148
3841 32 4144
3842 40 4172
3843 0 1
3844 38 4155
3845 0 1
3846 0 1
3847 0 1
3848 50 4158
3849 35 4133
3850 36 4177
3851 39 4202
3852 53 4121
3853 0 1
3854 34 4122
3855 30 4160
3856 0 1
3857 0 1
3858 0 1
3859 0 1
3860 36 4173
3861 35 4176
3862 32 4158
3863 38 4129
3864 28 4154
3865 37 4121
3866 33 4129
3867 0 1
3868 39 4178
3869 0 1
3870 36 4148
3871 36 4153
3872 0 1
3873 0 1
3874 0 1
3875 34 4109
3876 0 1
3877 0 1
3878 0 1
3879 36 4195
3880 0 1
3881 0 1
3882 37 4153
3883 32 4153
3884 36 4169
3885 69 4109
3886 35 4171
3887 34 4160
3888 0 1
3889 0 1
3890 35 4136
3891 34 4182
3892 0 1
3893 33 4128
3894 50 4153
3895 38 4179
3896 0 1
3897 39 4155
3898 0 1
3899 0 1
3900 0 1
3901 19 2
3902 4 2
3903 36 4162
3904 36 4186
3905 32 4176
3906 35 4147
3907 34 4144
3908 63 4172
3909 38 4155
3910 41 4178
3911 95 4143
3912 31 4200
3913 35 4193
3914 39 4148
3915 32 4141
3916 52 4110
3917 33 4119
3918 30 4150
3919 34 4134
3920 70 4134
3921 36 4171
3922 40 4200
3923 34 4226
3924 32 4127
3925 55 4170
3926 42 4120
3927 30 4145
3928 45 4105
3929 31 4162
3930 53 4168
3931 34 4182
3932 35 4135
3933 36 4151
3934 51 4147
3935 45 4150
3936 38 4153
3937 30 4175
3938 0 1
3939 39 4171
3940 44 4193
3941 29 4177
3942 45 4202
3943 36 4170
3944 69 4184
3945 37 4127
3946 50 4153
3947 0 1
3948 41 4074
3949 68 4145
3950 27 4077
3951 45 4169
3952 38 4208
3953 36 4153
3954 0 1
3955 0 1
3956 0 1
3957 65 4175
3958 0 1
3959 0 1
3960 35 4252
3961 32 4139
3962 66 4143
3963 35 4133
3964 39 4189
3965 0 1
3966 0 1
3967 62 4178
3968 33 4156
3969 36 4169
3970 38 4184
3971 40 4121
3972 0 1
3973 0 1
3974 0 1
3975 0 1
3976 0 1
3977 0 1
3978 0 1
3979 38 4186
3980 48 4131
3981 32 4151
3982 48 4108
3983 53 4185
3984 31 4158
3985 30 4152
3986 0 1
3987 69 4115
3988 0 1
3989 32 4061
3990 0 1
3991 0 1
3992 0 1
3993 0 1
3994 35 4136
3995 44 4151
3996 0 1
3997 0 1
3998 0 1
3999 0 1
4000 51 4147
4001 37 4154
4002 34 4161
4003 30 4142
4004 37 4133
4005 39 4125
4006 0 1
4007 35 4141
4008 42 4198
4009 31 4227
4010 0 1
4011 36 4167
4012 0 1
4013 0 1
4014 40 4131
4015 56 4187
4016 0 1
4017 45 4145
4018 32 4160
4019 42 4142
4020 34 4169
4021 44 4187
4022 37 4120
4023 37 4219
4024 31 4147
4025 41 4165
4026 69 4161
4027 51 4136
4028 36 4224
4029 33 4147
4030 36 4178
4031 127 4182
4032 51 4207
4033 50 4102
4034 29 4144
4035 0 1
4036 39 4125
4037 79 4175
4038 0 1
4039 0 1
4040 91 4092
4041 66 4169
4042 52 4160
4043 60 4167
4044 0 1
4045 49 4131
4046 39 4150
4047 0 1
4048 0 1
4049 0 1
4050 34 4188
4051 38 4177
4052 42 4107
4053 0 1
4054 0 1
4055 0 1
4056 43 4169
4057 0 1
4058 0 1
4059 67 4184
4060 0 1
4061 50 4156
4062 46 4158
4063 43 4184
4064 35 4209
4065 31 4178
4066 38 4150
4067 54 4204
4068 35 4133
4069 0 1
4070 33 4160
4071 0 1
4072 35 4200
4073 39 4117
4074 37 4156
4075 39 4185
4076 31 4160
4077 62 4191
4078 0 1
4079 71 4215
4080 42 4108
4081 33 4200
4082 35 4193
4083 0 1
4084 40 4130
4085 0 1
4086 30 4186
4087 53 4196
4088 0 1
4089 0 1
4090 30 4153
4091 51 4202
4092 47 4147
4093 35 4176
4094 0 1
4095 38 4177
4096 48 4181
4097 31 4149
4098 36 4171
4099 30 4149
4100 32 4115
4101 49 4202
4102 44 4149
4103 0 1
4104 32 4037
4105 36 4152
4106 38 4182
4107 61 4212
4108 0 1
4109 68 4146
4110 35 4161
4111 45 4176
4112 35 4171
4113 46 4160
4114 51 4179
4115 33 4119
4116 31 4102
4117 0 1
4118 36 4201
4119 33 4118
4120 33 4142
4121 43 4133
4122 62 4125
4123 36 4144
4124 35 4194
4125 53 4130
4126 0 1
4127 0 1
4128 37 4192
4129 33 4125
4130 35 4153
4131 32 4144
4132 53 4132
4133 52 4207
4134 56 4171
4135 0 1
4136 16 2
4137 9 2
4138 31 4136
4139 41 4177
4140 50 4204
4141 39 4166
4142 0 1
4143 0 1
4144 40 4132
4145 30 4139
4146 34 4124
4147 34 4146
4148 35 4162
4149 29 4160
4150 42 4176
4151 47 4174
4152 49 4197
4153 0 1
4154 43 4128
4155 33 4166
4156 38 4177
4157 38 4141
4158 34 4175
4159 65 4160
4160 0 1
4161 0 1
4162 31 4171
4163 48 4098
4164 37 4109
4165 33 4204
4166 33 4128
4167 37 4171
4168 50 4111
4169 31 4137
4170 0 1
4171 59 4162
4172 42 4142
4173 0 1
4174 35 4203
4175 42 4138
4176 50 4124
4177 31 4147
4178 38 4159
4179 64 4143
4180 49 4150
4181 41 4158
4182 34 4138
4183 35 4143
4184 29 4185
4185 0 1
4186 0 1
4187 0 1
4188 37 4114
4189 0 1
4190 36 4160
4191 0 1
4192 46 4146
4193 40 4130
4194 52 4123
4195 35 4177
4196 0 1
4197 40 4124
4198 0 1
4199 32 4159
4200 38 4202
4201 36 4137
4202 0 1
4203 37 4156
4204 43 4163
4205 39 4120
4206 35 4117
4207 41 4192
4208 51 4183
4209 71 4187
4210 44 4097
4211 0 1
4212 73 4131
4213 42 4113
4214 35 4191
4215 46 4189
4216 49 4111
4217 35 4162
4218 38 4171
4219 32 4185
4220 34 4175
4221 36 4160
4222 53 4170
4223 112 4197
4224 37 4177
4225 47 4168
4226 32 4134
4227 0 1
4228 0 1
4229 38 4203
4230 42 4188
4231 38 4132
4232 0 1
4233 56 4166
4234 35 4171
4235 35 4123
4236 67 4182
4237 32 4169
4238 32 4155
4239 0 1
4240 0 1
4241 0 1
4242 48 4181
4243 0 1
4244 38 4140
4245 0 1
4246 62 4176
4247 34 4181
4248 39 4147
4249 37 4157
4250 34 4142
4251 0 1
4252 33 4207
4253 29 4174
4254 33 4135
4255 0 1
4256 39 4151
4257 43 4154
4258 0 1
4259 33 4102
4260 49 4127
4261 78 4156
4262 55 4158
4263 41 4205
4264 87 4140
4265 44 4117
4266 0 1
4267 0 1
4268 0 1
4269 45 4209
4270 33 4173
4271 59 4139
4272 41 4191
4273 0 1
4274 0 1
4275 42 4173
4276 38 4167
4277 30 4136
4278 0 1
4279 111 4140
4280 35 4158
4281 35 4102
4282 40 4165
4283 0 1
4284 49 4140
4285 36 4151
4286 0 1
4287 31 4179
4288 54 4116
4289 35 4148
4290 34 4163
4291 0 1
4292 0 1
4293 49 4200
4294 34 4183
4295 35 4141
4296 53 4156
4297 49 4237
4298 0 1
4299 0 1
4300 49 4174
4301 37 4090
4302 37 4146
4303 0 1
4304 38 4147
4305 36 4157
4306 48 4167
4307 62 4144
4308 0 1
4309 0 1
4310 0 1
4311 47 4152
4312 0 1
4313 45 4152
4314 42 4133
4315 0 1
4316 0 1
4317 33 4163
4318 38 4239
4319 0 1
4320 31 4141
4321 34 4154
4322 0 1
4323 0 1
4324 0 1
4325 46 4169
4326 34 4172
4327 29 4124
4328 36 4197
4329 0 1
4330 0 1
4331 63 4157
4332 48 4137
4333 35 4112
4334 38 4141
4335 33 4166
4336 0 1
4337 0 1
4338 0 1
4339 0 1
4340 0 1
4341 34 4193
4342 27 4157
4343 36 4177
4344 55 4196
4345 53 4103
4346 30 4186
4347 60 4152
4348 37 4121
4349 55 4195
4350 45 4115
4351 38 4177
4352 31 4154
4353 0 1
4354 37 4195
4355 0 1
4356 38 4113
4357 0 1
4358 44 4184
4359 42 4133
4360 0 1
4361 0 1
4362 31 4164
4363 33 4134
4364 36 4174
4365 35 4224
4366 0 1
4367 51 4207
4368 0 1
4369 0 1
4370 40 4134
4371 110 4177
4372 34 4164
4373 0 1
4374 0 1
4375 0 1
4376 55 4126
4377 0 1
4378 39 4141
4379 0 1
4380 0 1
4381 30 4168
4382 32 4127
4383 39 4185
4384 59 4199
4385 35 4113
4386 0 1
4387 32 4181
4388 36 4179
4389 58 4147
4390 65 4194
4391 47 4191
4392 0 1
4393 43 4126
4394 37 4138
4395 37 4186
4396 34 4168
4397 51 4181
4398 49 4135
4399 39 4170
4400 40 4163
4401 0 1
4402 0 1
4403 36 4168
4404 38 4166
4405 33 4217
4406 40 4157
4407 44 4178
4408 34 4163
4409 31 4161
4410 0 1
4411 35 4189
4412 34 4216
4413 32 4174
4414 46 4191
4415 0 1
4416 0 1
4417 0 1
4418 53 4200
4419 38 4169
4420 36 4179
4421 0 1
4422 40 4210
4423 32 4137
4424 36 4137
4425 32 4157
4426 41 4148
4427 29 4146
4428 0 1
4429 34 4164
4430 50 4161
4431 35 4167
4432 49 4167
4433 40 4163
4434 45 4183
4435 0 1
4436 0 1
4437 0 1
4438 34 4148
4439 0 1
4440 0 1
4441 42 4154
4442 35 4177
4443 36 4115
4444 0 1
4445 0 1
4446 51 4133
4447 36 4158
4448 50 4201
4449 0 1
4450 0 1
4451 0 1
4452 0 1
4453 0 1
4454 42 4183
4455 33 4131
4456 0 1
4457 36 4126
4458 58 4177
4459 0 1
4460 58 4156
4461 52 4098
4462 0 1
4463 35 4182
4464 64 4167
4465 0 1
4466 0 1
4467 33 4206
4468 0 1
4469 35 4179
4470 34 4194
4471 31 4195
4472 0 1
4473 47 4178
4474 0 1
4475 0 1
4476 0 1
4477 0 1
4478 53 4160
4479 36 4168
4480 0 1
4481 0 1
4482 0 1
4483 57 4152
4484 0 1
4485 39 4158
4486 38 4155
4487 0 1
4488 0 1
4489 57 4108
4490 34 4156
4491 41 4226
4492 45 4205
4493 42 4151
4494 0 1
4495 49 4162
4496 40 4187
4497 38 4163
4498 39 4126
4499 0 1
4500 0 1
4501 0 1
4502 59 4166
4503 36 4186
4504 79 4123
4505 37 4169
4506 37 4108
4507 37 4191
4508 42 4152
4509 38 4170
4510 30 4158
4511 30 4209
4512 33 4161
4513 35 4162
4514 36 4106
4515 36 4155
4516 36 4151
4517 39 4187
4518 36 4203
4519 48 4180
4520 0 1
4521 34 4171
4522 37 4184
4523 0 1
4524 0 1
4525 43 4155
4526 41 4170
4527 32 4197
4528 33 4122
4529 0 1
4530 0 1
4531 0 1
4532 40 4171
4533 32 4199
4534 0 1
4535 0 1
4536 0 1
4537 0 1
4538 31 4119
4539 38 4098
4540 0 1
4541 37 4159
4542 49 4131
4543 38 4106
4544 114 4172
4545 42 4173
4546 34 4191
4547 40 4184
4548 0 1
4549 0 1
4550 0 1
4551 0 1
4552 41 4169
4553 0 1
4554 0 1
4555 0 1
4556 56 4101
4557 34 4158
4558 35 4148
4559 0 1
4560 64 4159
4561 0 1
4562 0 1
4563 37 4141
4564 32 4138
4565 49 4182
4566 0 1
4567 0 1
4568 0 1
4569 0 1
4570 29 2
4571 15 2
4572 33 4161
4573 6 2
4574 56 4204
4575 47 4200
4576 0 1
4577 33 4111
4578 85 4231
4579 32 4172
4580 31 4087
4581 33 4186
4582 33 4126
4583 0 1
4584 4 2
4585 16 2
4586 45 4143
4587 34 4194
4588 0 1
4589 0 1
4590 35 4165
4591 40 4173
4592 33 4160
4593 0 1
4594 41 4180
4595 43 4199
4596 43 4181
4597 34 4162
4598 37 4168
4599 46 4088
4600 38 4164
4601 53 4134
4602 71 4141
4603 43 4182
4604 40 4145
4605 32 4143
4606 31 4165
4607 46 4200
4608 51 4126
4609 38 4172
4610 40 4226
4611 46 4173
4612 0 1
4613 59 4170
4614 39 4220
4615 45 4126
4616 44 4170
4617 86 4151
4618 35 4178
4619 50 4189
4620 48 4106
4621 40 4188
4622 36 4200
4623 0 1
4624 43 4198
4625 25 2
4626 35 4113
4627 42 4174
4628 38 4162
4629 0 1
4630 0 1
4631 32 4129
4632 32 4139
4633 0 1
4634 32 4124
4635 0 1
4636 35 4156
4637 0 1
4638 34 4224
4639 40 4194
4640 40 4168
4641 31 4160
4642 35 4184
4643 56 4189
4644 76 4130
4645 0 1
4646 41 4164
4647 35 4193
4648 31 4111
4649 32 4139
4650 55 4126
4651 61 4143
4652 30 4134
4653 31 4158
4654 35 4090
4655 48 4181
4656 91 4164
4657 0 1
4658 0 1
4659 36 4174
4660 0 1
4661 48 4169
4662 37 4139
4663 33 4075
4664 63 4137
4665 40 4145
4666 0 1
4667 0 1
4668 33 4195
4669 59 4136
4670 39 4167
4671 53 4190
4672 33 4173
4673 34 4197
4674 34 4190
4675 0 1
4676 0 1
4677 39 4163
4678 0 1
4679 60 4194
4680 81 4174
4681 32 4165
4682 55 2
4683 134 2
4684 34 4169
4685 147 4128
4686 0 1
4687 45 4164
4688 0 1
4689 35 4161
4690 33 4183
4691 34 4190
4692 0 1
4693 30 4159
4694 48 4150
4695 36 4182
4696 31 4149
4697 0 1
4698 33 4167
4699 35 4167
4700 43 4052
4701 0 1
4702 35 4162
4703 46 4167
4704 0 1
4705 0 1
4706 0 1
4707 0 1
4708 0 1
4709 0 1
4710 66 4171
4711 31 4162
4712 38 4120
4713 38 4188
4714 35 4131
4715 35 4150
4716 35 4162
4717 47 4143
4718 0 1
4719 36 4169
4720 34 4150
4721 0 1
4722 30 4111
4723 38 4157
4724 0 1
4725 34 4152
4726 37 4150
4727 39 4173
4728 43 4168
4729 0 1
4730 0 1
4731 0 1
4732 0 1
4733 34 4144
4734 0 1
4735 30 4130
4736 40 4160
4737 47 4158
4738 31 4144
4739 36 4160
4740 42 4142
4741 45 4196
4742 31 4179
4743 34 4142
4744 48 4190
4745 35 4158
4746 36 4177
4747 51 4191
4748 37 4134
4749 0 1
4750 33 4126
4751 41 4080
4752 50 4150
4753 38 4173
4754 34 4215
4755 0 1
4756 0 1
4757 41 4144
4758 0 1
4759 0 1
4760 0 1
4761 0 1
4762 57 4174
4763 49 4132
4764 42 4183
4765 46 4156
4766 42 4145
4767 61 4131
4768 43 4140
4769 0 1
4770 41 4121
4771 45 4186
4772 46 4227
4773 47 4165
4774 36 4196
4775 48 4150
4776 0 1
4777 0 1
4778 41 4152
4779 52 4136
4780 0 1
4781 52 4102
4782 32 4165
4783 40 4132
4784 67 4134
4785 0 1
4786 40 4145
4787 0 1
4788 10 2
4789 0 1
4790 0 1
4791 5 2
4792 18 2
4793 0 1
4794 36 4178
4795 0 1
4796 0 1
4797 0 1
4798 35 4150
4799 35 4204
4800 30 4102
4801 58 4124
4802 65 4154
4803 33 4138
4804 0 1
4805 0 1
4806 0 1
4807 43 4162
4808 48 4196
4809 54 4135
4810 55 4154
4811 31 4174
4812 0 1
4813 65 4178
4814 0 1
4815 59 4151
4816 47 4170
4817 0 1
4818 34 4154
4819 0 1
4820 0 1
4821 0 1
4822 38 4128
4823 0 1
4824 0 1
4825 0 1
4826 52 4172
4827 0 1
4828 0 1
4829 31 4146
4830 35 4120
4831 40 4126
4832 0 1
4833 0 1
4834 42 4169
4835 0 1
4836 0 1
4837 42 4173
4838 45 4199
4839 0 1
4840 87 4194
4841 35 4126
4842 0 1
4843 50 4148
4844 36 4147
4845 35 4156
4846 0 1
4847 62 4129
4848 52 4162
4849 36 4185
4850 31 4160
4851 0 1
4852 53 4159
4853 98 4180
4854 19 2
4855 0 1
4856 0 1
4857 0 1
4858 0 1
4859 49 4154
4860 36 4195
4861 31 4189
4862 51 4104
4863 112 4131
4864 42 4164
4865 0 1
4866 0 1
4867 31 4143
4868 40 4175
4869 36 4181
4870 50 4182
4871 32 4133
4872 0 1
4873 0 1
4874 32 4115
4875 36 4188
4876 99 4188
4877 33 4211
4878 37 4113
4879 42 4159
4880 29 4139
4881 48 4174
4882 52 4178
4883 46 4149
4884 32 4185
4885 37 4186
4886 37 4131
4887 37 4138
4888 34 4222
4889 32 4163
4890 41 4192
4891 35 4087
4892 30 4109
4893 0 1
4894 40 4144
4895 35 4122
4896 84 4133
4897 34 4185
4898 37 4154
4899 47 4116
4900 30 4159
4901 41 4153
4902 46 4179
4903 45 4158
4904 57 4083
4905 38 4167
4906 46 4152
4907 39 4177
4908 0 1
4909 82 4100
4910 76 4160
4911 42 4159
4912 65 4100
4913 33 4133
4914 45 4160
4915 37 4175
4916 37 4167
4917 66 4173
4918 35 4136
4919 31 4171
4920 45 4177
4921 33 4169
4922 0 1
4923 31 4124
4924 36 4135
4925 31 4163
4926 36 4143
4927 101 4152
4928 0 1
4929 62 4196
4930 7 2
4931 40 2
4932 0 1
4933 36 4109
4934 44 4178
4935 0 1
4936 43 4178
4937 59 4161
4938 43 4147
4939 36 4163
4940 31 4146
4941 36 4186
4942 49 4144
4943 46 4132
4944 0 1
4945 38 4178
4946 39 4160
4947 0 1
4948 53 4162
4949 39 4164
4950 37 4214
4951 0 1
4952 36 4095
4953 44 4190
4954 0 1
4955 41 4143
4956 35 4181
4957 38 4224
4958 36 4141
4959 0 1
4960 0 1
4961 87 4174
4962 57 4160
4963 47 4154
4964 38 4195
4965 54 4156
4966 37 4188
4967 36 4141
4968 35 4121
4969 44 4113
4970 42 4183
4971 0 1
4972 35 4140
4973 34 4168
4974 0 1
4975 49 4146
4976 40 4132
4977 0 1
4978 37 4156
4979 33 4164
4980 43 4190
4981 33 4158
4982 33 4173
4983 0 1
4984 37 4151
4985 43 4149
4986 75 4164
4987 32 4169
4988 0 1
4989 49 4122
4990 0 1
4991 0 1
4992 0 1
4993 37 4180
4994 59 4159
4995 0 1
4996 41 4155
4997 0 1
4998 49 4176
4999 9 2
5000 13 2
5001 33 4143
5002 0 1
5003 0 1
5004 32 4176
5005 37 4137
5006 39 4160
5007 37 4118
5008 34 4144
5009 36 4160
5010 34 4210
5011 39 4166
5012 33 4144
5013 29 4187
5014 45 4156
5015 39 4155
5016 36 4179
5017 100 4114
5018 66 4143
5019 50 4071
5020 36 4157
5021 36 4196
5022 46 4190
5023 47 4183
5024 36 4212
5025 47 4187
5026 126 4170
5027 0 1
5028 36 4176
5029 34 4144
5030 39 4128
5031 31 4207
5032 39 4200
5033 37 4105
5034 70 4136
5035 66 4143
5036 33 4154
5037 55 4171
5038 69 4163
5039 42 4151
5040 0 1
5041 35 4131
5042 33 4206
5043 0 1
5044 70 4134
5045 37 4177
5046 38 4180
5047 32 4135
5048 54 4145
5049 42 4205
5050 36 4192
5051 0 1
5052 119 4122
5053 35 4144
5054 0 1
5055 34 4141
5056 32 4161
5057 0 1
5058 37 4148
5059 35 4150
5060 68 4179
5061 41 4182
5062 36 4122
5063 39 4162
5064 38 4201
5065 61 4172
5066 0 1
5067 0 1
5068 34 4175
5069 0 1
5070 0 1
5071 34 4168
5072 34 4129
5073 0 1
5074 0 1
5075 36 4143
5076 32 4171
5077 0 1
5078 26 2
5079 12 2
5080 0 1
5081 0 1
5082 33 4226
5083 34 4107
5084 34 4167
5085 39 4181
5086 33 4157
5087 45 4196
5088 62 2
5089 0 1
5090 0 1
5091 32 4100
5092 70 4203
5093 34 4159
5094 34 4141
5095 0 1
5096 52 4119
5097 0 1
5098 0 1
5099 38 4158
5100 37 4155
5101 0 1
5102 0 1
5103 0 1
5104 0 1
5105 35 4181
5106 0 1
5107 51 4150
5108 45 4122
5109 32 4131
5110 0 1
5111 36 4159
5112 88 4181
5113 38 4198
5114 2 2
5115 25 2
5116 0 1
5117 55 4187
5118 0 1
5119 34 4167
5120 0 1
5121 0 1
5122 0 1
5123 52 4142
5124 0 1
5125 88 4179
5126 37 4120
5127 75 4145
5128 34 4193
5129 0 1
5130 0 1
5131 35 2
5132 33 2
5133 0 1
5134 30 4188
5135 0 1
5136 43 4138
5137 0 1
5138 42 4120
5139 0 1
5140 0 1
5141 33 4184
5142 0 1
5143 0 1
5144 0 1
5145 31 4171
5146 37 4125
5147 0 1
5148 0 1
5149 0 1
5150 0 1
5151 0 1
5152 44 4117
5153 0 1
5154 0 1
5155 24 2
5156 4 2
5157 0 1
5158 0 1
5159 38 4122
5160 30 4142
5161 0 1
5162 48 4155
5163 0 1
5164 45 4184
5165 38 4147
5166 0 1
5167 37 4146
5168 0 1
5169 38 4219
5170 0 1
5171 33 4111
5172 0 1
5173 0 1
5174 0 1
5175 62 4182
5176 0 1
5177 0 1
5178 0 1
5179 38 4194
5180 0 1
5181 0 1
5182 0 1
5183 58 4194
5184 40 4145
5185 54 4183
5186 0 1
5187 35 4166
5188 0 1
5189 0 1
5190 0 1
5191 0 1
5192 0 1
5193 39 4164
5194 0 1
5195 57 4165
5196 37 4166
5197 0 1
5198 0 1
5199 0 1
5200 48 4161
5201 52 4165
5202 0 1
5203 0 1
5204 39 4163
5205 61 4149
5206 32 4155
5207 0 1
5208 0 1
5209 48 4121
5210 0 1
5211 0 1
5212 0 1
5213 0 1
5214 0 1
5215 43 4181
5216 55 4151
5217 40 4149
5218 0 1
5219 0 1
5220 41 4144
5221 35 4198
5222 31 4163
5223 0 1
5224 0 1
5225 0 1
5226 20 2
5227 37 4190
5228 35 2
5229 16 2
5230 66 4123
5231 0 1
5232 50 4169
5233 0 1
5234 43 4157
5235 42 4155
5236 0 1
5237 0 1
5238 71 4190
5239 42 4155
5240 81 4174
5241 80 4173
5242 0 1
5243 50 4153
5244 0 1
5245 36 4191
5246 0 1
5247 39 4167
5248 73 4120
5249 36 4149
5250 0 1
5251 35 4144
5252 45 4108
5253 0 1
5254 0 1
5255 31 4164
5256 46 4157
5257 33 4131
5258 61 4144
5259 0 1
5260 39 4096
5261 0 1
5262 0 1
5263 0 1
5264 37 4142
5265 36 4195
5266 46 4157
5267 38 4171
5268 0 1
5269 46 4136
5270 58 4183
5271 49 4153
5272 43 4168
5273 43 4170
5274 36 4135
5275 0 1
5276 0 1
5277 46 4195
5278 0 1
5279 0 1
5280 0 1
5281 0 1
5282 33 4197
5283 0 1
5284 58 4135
5285 94 4113
5286 68 4168
5287 42 4190
5288 40 4195
5289 56 4140
5290 50 4196
5291 64 4134
5292 0 1
5293 33 4172
5294 30 4170
5295 37 4170
5296 0 1
5297 0 1
5298 0 1
5299 34 4171
5300 38 4145
5301 0 1
5302 52 4185
5303 52 4139
5304 0 1
5305 42 4170
5306 49 4114
5307 50 4198
5308 0 1
5309 59 4130
5310 0 1
5311 0 1
5312 0 1
5313 86 4143
5314 41 4139
5315 0 1
5316 38 4171
5317 35 4144
5318 75 4176
5319 56 4145
5320 52 4202
5321 36 4142
5322 0 1
5323 0 1
5324 36 4139
5325 59 4132
5326 39 4223
5327 51 4157
5328 31 4209
5329 0 1
5330 25 2
5331 4 2
5332 44 4203
5333 0 1
5334 0 1
5335 0 1
5336 44 4171
5337 0 1
5338 0 1
5339 40 4142
5340 72 2
5341 0 1
5342 0 1
5343 0 1
5344 0 1
5345 39 4218
5346 37 4169
5347 41 4123
5348 37 4144
5349 64 4195
5350 33 4154
5351 0 1
5352 0 1
5353 0 1
5354 0 1
5355 32 4155
5356 46 4151
5357 63 4178
5358 34 4144
5359 0 1
5360 0 1
5361 34 4159
5362 41 4168
5363 51 4202
5364 0 1
5365 0 1
5366 44 4169
5367 36 4174
5368 0 1
5369 0 1
5370 44 4090
5371 32 4109
5372 41 4171
5373 39 4131
5374 55 4108
5375 41 4178
5376 62 4101
5377 0 1
5378 0 1
5379 0 1
5380 29 4167
5381 0 1
5382 0 1
5383 39 4193
5384 49 4151
5385 49 4120
5386 0 1
5387 81 4181
5388 3 2
5389 33 4161
5390 46 4166
5391 0 1
5392 30 4105
5393 0 1
5394 30 4152
5395 0 1
5396 0 1
5397 0 1
5398 0 1
5399 39 4152
5400 0 1
5401 0 1
5402 32 4095
5403 42 4139
5404 0 1
5405 0 1
5406 45 4139
5407 56 4098
5408 0 1
5409 0 1
5410 39 4150
5411 55 4155
5412 0 1
5413 0 1
5414 33 4165
5415 0 1
5416 40 4210
5417 0 1
5418 0 1
5419 40 4131
5420 36 4099
5421 39 4175
5422 0 1
5423 0 1
5424 49 4160
5425 54 4147
5426 95 4185
5427 63 4210
5428 0 1
5429 36 4165
5430 37 4188
5431 37 2
5432 0 1
5433 55 4213
5434 30 4196
5435 50 4115
5436 34 4188
5437 35 4154
5438 0 1
5439 0 1
5440 59 4150
5441 62 4205
5442 63 4178
5443 76 4153
5444 32 4143
5445 37 4137
5446 33 4156
5447 34 4165
5448 0 1
5449 0 1
5450 45 4157
5451 37 4209
5452 42 4152
5453 0 1
5454 40 4117
5455 40 4176
5456 0 1
5457 0 1
5458 61 4139
5459 35 4143
5460 34 4211
5461 34 4181
5462 0 1
5463 0 1
5464 0 1
5465 7 2
5466 3 2
5467 37 4109
5468 0 1
5469 38 4153
5470 0 1
5471 39 4182
5472 0 1
5473 0 1
5474 30 4161
5475 38 4152
5476 42 4130
5477 0 1
5478 37 4189
5479 53 4118
5480 0 1
5481 0 1
5482 42 4180
5483 38 4173
5484 0 1
5485 58 4191
5486 39 4158
5487 33 4187
5488 48 4135
5489 32 4150
5490 44 4184
5491 34 4151
5492 37 4198
5493 69 4149
5494 37 4173
5495 33 4170
5496 39 4129
5497 48 4171
5498 0 1
5499 0 1
5500 0 1
5501 45 4117
5502 38 4188
5503 43 4098
5504 53 4128
5505 56 4120
5506 28 2
5507 13 2
5508 0 1
5509 0 1
5510 33 4151
5511 41 4137
5512 35 4154
5513 38 4124
5514 0 1
5515 36 4162
5516 35 4192
5517 0 1
5518 2 2
5519 0 1
5520 0 1
5521 0 1
5522 0 1
5523 50 4144
5524 42 4177
5525 39 4157
5526 42 4171
5527 94 4183
5528 0 1
5529 0 1
5530 44 4174
5531 0 1
5532 0 1
5533 0 1
5534 116 4194
5535 0 1
5536 0 1
5537 85 4157
5538 0 1
5539 53 4097
5540 0 1
5541 0 1
5542 0 1
5543 34 4176
5544 0 1
5545 43 4197
5546 0 1
5547 0 1
5548 41 4154
5549 0 1
5550 0 1
5551 36 4176
5552 41 4109
5553 34 4213
5554 36 4118
5555 0 1
5556 36 4141
5557 53 4211
5558 0 1
5559 6 2
5560 21 2
5561 115 4176
5562 35 4210
5563 0 1
5564 51 4167
5565 42 4226
5566 47 4163
5567 0 1
5568 0 1
5569 0 1
5570 36 4145
5571 0 1
5572 30 4164
5573 0 1
5574 0 1
5575 0 1
5576 0 1
5577 36 4172
5578 0 1
5579 0 1
5580 0 1
5581 40 4129
5582 58 4203
5583 44 4171
5584 0 1
5585 0 1
5586 69 4201
5587 36 4130
5588 0 1
5589 0 1
5590 63 4165
5591 41 4153
5592 0 1
5593 33 4151
5594 0 1
5595 50 4161
5596 0 1
5597 0 1
5598 0 1
5599 0 1
5600 0 1
5601 58 4209
5602 38 4121
5603 35 4191
5604 53 4206
5605 82 4184
5606 34 4196
5607 37 4148
5608 38 4182
5609 40 4108
5610 67 4146
5611 38 4186
5612 36 4149
5613 33 4126
5614 31 4161
5615 35 4190
5616 60 4175
5617 35 4172
5618 72 4175
5619 51 4181
5620 36 4159
5621 57 4131
5622 48 4134
5623 31 4174
5624 40 4163
5625 51 4140
5626 98 4182
5627 41 4141
5628 57 4177
5629 40 4206
5630 42 4160
5631 58 4158
5632 45 4142
5633 49 4195
5634 41 4198
5635 104 4125
5636 37 4152
5637 36 4130
5638 34 4145
5639 49 4148
5640 0 1
5641 50 4187
5642 31 4214
5643 48 4163
5644 48 4150
5645 58 4193
5646 49 4182
5647 37 4204
5648 0 1
5649 0 1
5650 0 1
5651 0 1
5652 64 4170
5653 0 1
5654 39 4147
5655 0 1
5656 37 4169
5657 0 1
5658 36 4154
5659 55 4176
5660 51 4226
5661 36 4140
5662 39 4175
5663 35 4182
5664 0 1
5665 49 4156
5666 32 4155
5667 0 1
5668 31 4179
5669 0 1
5670 0 1
5671 0 1
5672 58 4169
5673 0 1
5674 49 4164
5675 0 1
5676 0 1
5677 0 1
5678 47 4158
5679 33 4127
5680 33 4215
5681 0 1
5682 0 1
5683 43 4169
5684 0 1
5685 72 4123
5686 0 1
5687 37 4173
5688 0 1
5689 39 4179
5690 51 4186
5691 37 4142
5692 37 4123
5693 57 4155
5694 0 1
5695 0 1
5696 46 4169
5697 35 4187
5698 0 1
5699 0 1
5700 0 1
5701 40 4191
5702 0 1
5703 0 1
5704 35 4222
5705 36 4195
5706 33 4183
5707 0 1
5708 0 1
5709 30 4133
5710 0 1
5711 39 4095
5712 0 1
5713 38 4141
5714 0 1
5715 33 4186
5716 45 4188
5717 46 4142
5718 0 1
5719 0 1
5720 41 4099
5721 39 4166
5722 31 4120
5723 33 4166
5724 41 4115
5725 0 1
5726 0 1
5727 0 1
5728 8 2
5729 2 2
5730 50 4162
5731 52 4157
5732 0 1
5733 0 1
5734 0 1
5735 54 4185
5736 41 4214
5737 57 4180
5738 36 4158
5739 35 4188
5740 68 4116
5741 52 4156
5742 0 1
5743 33 4170
5744 36 4126
5745 40 4208
5746 0 1
5747 0 1
5748 34 4221
5749 0 1
5750 0 1
5751 0 1
5752 0 1
5753 0 1
5754 0 1
5755 0 1
5756 39 4192
5757 0 1
5758 0 1
5759 0 1
5760 62 4108
5761 6 2
5762 0 1
5763 0 1
5764 0 1
5765 56 4159
5766 21 2
5767 40 4163
5768 0 1
5769 36 4146
5770 0 1
5771 0 1
5772 0 1
5773 0 1
5774 0 1
5775 0 1
5776 0 1
5777 32 4171
5778 45 4120
5779 50 4157
5780 0 1
5781 45 4170
5782 0 1
5783 40 4197
5784 35 4208
5785 54 4155
5786 39 4188
5787 81 4180
5788 0 1
5789 0 1
5790 47 4119
5791 0 1
5792 0 1
5793 0 1
5794 57 4189
5795 0 1
5796 0 1
5797 0 1
5798 0 1
5799 0 1
5800 0 1
5801 0 1
5802 36 4186
5803 50 4097
5804 42 4154
5805 74 4130
5806 50 4190
5807 0 1
5808 36 4103
5809 28 4177
5810 0 1
5811 0 1
5812 0 1
5813 0 1
5814 31 4178
5815 0 1
5816 0 1
5817 43 4115
5818 44 4113
5819 35 4171
5820 54 4167
5821 35 4091
5822 0 1
5823 31 4166
5824 0 1
5825 0 1
5826 31 4168
5827 40 4121
5828 0 1
5829 0 1
5830 0 1
5831 0 1
5832 34 4163
5833 34 4233
5834 0 1
5835 0 1
5836 100 4161
5837 51 4148
5838 0 1
5839 45 4144
5840 63 4167
5841 0 1
5842 0 1
5843 0 1
5844 37 4140
5845 0 1
5846 0 1
5847 0 1
5848 34 4135
5849 34 4180
5850 0 1
5851 47 4161
5852 0 1
5853 0 1
5854 86 4137
5855 45 4180
5856 0 1
5857 38 4183
5858 0 1
5859 37 4146
5860 79 4167
5861 34 4180
5862 0 1
5863 31 4188
5864 0 1
5865 0 1
5866 0 1
5867 0 1
5868 53 4179
5869 0 1
5870 43 4138
5871 43 4184
5872 35 4177
5873 51 4168
5874 0 1
5875 49 4180
5876 0 1
5877 35 4175
5878 34 4151
5879 37 4129
5880 0 1
5881 57 4199
5882 41 4160
5883 33 4191
5884 0 1
5885 0 1
5886 33 4199
5887 41 4170
5888 0 1
5889 0 1
5890 44 4186
5891 0 1
5892 0 1
5893 35 4256
5894 0 1
5895 0 1
5896 0 1
5897 0 1
5898 34 4165
5899 35 4169
5900 0 1
5901 0 1
5902 0 1
5903 64 4200
5904 70 4165
5905 0 1
5906 0 1
5907 0 1
5908 45 4200
5909 47 4200
5910 48 4168
5911 0 1
5912 0 1
5913 0 1
5914 0 1
5915 0 1
5916 0 1
5917 46 4178
5918 33 4165
5919 39 4098
5920 35 4178
5921 0 1
5922 36 4157
5923 65 4239
5924 38 4216
5925 31 4202
5926 68 4191
5927 40 4123
5928 34 4165
5929 40 4181
5930 0 1
5931 0 1
5932 29 4157
5933 0 1
5934 0 1
5935 0 1
5936 46 4144
5937 0 1
5938 40 4194
5939 0 1
5940 0 1
5941 0 1
5942 47 4104
5943 27 4089
5944 50 4108
5945 30 4149
5946 66 4173
5947 0 1
5948 0 1
5949 63 4178
5950 0 1
5951 38 4181
5952 0 1
5953 35 4139
5954 100 4130
5955 42 4170
5956 0 1
5957 4 2
5958 54 2
5959 41 4179
5960 0 1
5961 70 4086
5962 0 1
5963 0 1
5964 78 4187
5965 40 4215
5966 0 1
5967 33 4115
5968 39 4187
5969 0 1
5970 42 4186
5971 44 4144
5972 49 4178
5973 70 4133
5974 51 4187
5975 0 1
5976 0 1
5977 0 1
5978 34 4108
5979 52 4185
5980 43 4168
5981 0 1
5982 0 1
5983 0 1
5984 35 4117
5985 0 1
5986 0 1
5987 0 1
5988 0 1
5989 58 4133
5990 0 1
5991 0 1
5992 0 1
5993 58 4133
5994 44 4187
5995 63 4200
5996 0 1
5997 0 1
5998 0 1
5999 42 4172
6000 40 4149
6001 45 4149
6002 47 4223
6003 0 1
6004 54 4134
6005 35 4223
6006 0 1
6007 75 4158
6008 0 1
6009 43 4137
6010 60 4190
6011 9 2
6012 10 2
6013 0 1
6014 33 4155
6015 0 1
6016 0 1
6017 0 1
6018 46 4162
6019 0 1
6020 40 4159
6021 48 4166
6022 0 1
6023 0 1
6024 0 1
6025 36 4180
6026 0 1
6027 0 1
6028 0 1
6029 0 1
6030 0 1
6031 0 1
6032 0 1
6033 0 1
6034 0 1
6035 77 4169
6036 34 4167
6037 0 1
6038 51 2
6039 42 4143
6040 44 4207
6041 0 1
6042 34 4150
6043 0 1
6044 0 1
6045 0 1
6046 0 1
6047 45 4169
6048 0 1
6049 0 1
6050 0 1
6051 0 1
6052 0 1
6053 0 1
6054 0 1
6055 0 1
6056 64 4153
6057 61 4149
6058 0 1
6059 0 1
6060 0 1
6061 0 1
6062 41 4144
6063 31 4162
6064 38 4137
6065 0 1
6066 0 1
6067 39 4138
6068 43 4141
6069 34 4193
6070 0 1
6071 0 1
6072 34 4200
6073 31 4131
6074 46 4187
6075 68 4172
6076 0 1
6077 0 1
6078 38 4130
6079 0 1
6080 0 1
6081 18 2
6082 0 1
6083 49 4153
6084 0 1
6085 55 4212
6086 0 1
6087 0 1
6088 0 1
6089 0 1
6090 0 1
6091 0 1
6092 44 4133
6093 0 1
6094 0 1
6095 38 4169
6096 80 4155
6097 0 1
6098 40 4170
6099 40 4114
6100 0 1
6101 34 4189
6102 0 1
6103 0 1
6104 29 2
6105 6 2
6106 0 1
6107 32 4138
6108 0 1
6109 30 4163
6110 35 4194
6111 29 4135
6112 0 1
6113 0 1
6114 0 1
6115 0 1
6116 0 1
6117 0 1
6118 34 4120
6119 0 1
6120 0 1
6121 45 4099
6122 34 4128
6123 47 4172
6124 27 4098
6125 31 4159
6126 0 1
6127 41 4136
6128 37 4196
6129 0 1
6130 0 1
6131 32 4182
6132 0 1
6133 41 4123
6134 0 1
6135 0 1
6136 0 1
6137 0 1
6138 50 4187
6139 0 1
6140 32 4193
6141 0 1
6142 0 1
6143 47 4148
6144 37 4161
6145 0 1
6146 0 1
6147 0 1
6148 72 2
6149 13 2
6150 0 1
6151 0 1
6152 0 1
6153 0 1
6154 54 4140
6155 72 4091
6156 0 1
6157 0 1
6158 35 4099
6159 53 4161
6160 0 1
6161 0 1
6162 0 1
6163 38 4172
6164 50 4189
6165 31 4161
6166 34 4154
6167 37 4131
6168 38 4198
6169 38 4164
6170 68 2
6171 5 2
6172 33 4144
6173 0 1
6174 39 4123
6175 0 1
6176 0 1
6177 0 1
6178 44 4193
6179 39 4156
6180 0 1
6181 0 1
6182 34 4165
6183 0 1
6184 0 1
6185 87 4213
6186 31 4199
6187 0 1
6188 0 1
6189 0 1
6190 45 4144
6191 30 4177
6192 33 4124
6193 0 1
6194 0 1
6195 0 1
6196 40 4147
6197 0 1
6198 0 1
6199 0 1
6200 0 1
6201 0 1
6202 0 1
6203 79 4140
6204 0 1
6205 0 1
6206 0 1
6207 38 4149
6208 0 1
6209 0 1
6210 0 1
6211 0 1
6212 0 1
6213 9 2
6214 0 1
6215 0 1
6216 0 1
6217 0 1
6218 0 1
6219 0 1
6220 2 2
6221 33 4140
6222 33 4137
6223 0 1
6224 48 4148
6225 37 4141
6226 0 1
6227 0 1
6228 0 1
6229 0 1
6230 0 1
6231 32 4180
6232 0 1
6233 68 4165
6234 42 4167
6235 0 1
6236 36 4122
6237 44 4164
6238 0 1
6239 0 1
6240 0 1
6241 32 4188
6242 64 4100
6243 0 1
6244 38 4139
6245 0 1
6246 49 4205
6247 0 1
6248 32 4176
6249 0 1
6250 0 1
6251 42 4146
6252 0 1
6253 0 1
6254 0 1
6255 0 1
6256 0 1
6257 42 4186
6258 40 4160
6259 0 1
6260 82 4182
6261 73 4138
6262 41 4156
6263 0 1
6264 0 1
6265 0 1
6266 0 1
6267 53 4151
6268 0 1
6269 0 1
6270 0 1
6271 0 1
6272 0 1
6273 0 1
6274 0 1
6275 51 4161
6276 69 4147
6277 35 4192
6278 33 4150
6279 31 4153
6280 69 4157
6281 43 4193
6282 0 1
6283 0 1
6284 83 4170
6285 38 4150
6286 42 4236
6287 42 4142
6288 41 4129
6289 90 4106
6290 71 4187
6291 33 4130
6292 33 4171
6293 56 4214
6294 35 4202
6295 0 1
6296 0 1
6297 0 1
6298 0 1
6299 36 4146
6300 0 1
6301 0 1
6302 49 4159
6303 41 4171
6304 0 1
6305 0 1
6306 39 4221
6307 0 1
6308 0 1
6309 43 4167
6310 0 1
6311 46 4147
6312 0 1
6313 30 2
6314 0 1
6315 39 4124
6316 0 1
6317 0 1
6318 0 1
6319 0 1
6320 33 4149
6321 45 4212
6322 42 4122
6323 0 1
6324 0 1
6325 0 1
6326 29 4123
6327 58 4153
6328 62 2
6329 12 2
6330 35 4167
6331 41 4238
6332 53 4210
6333 36 4208
6334 0 1
6335 0 1
6336 0 1
6337 43 4171
6338 36 4148
6339 0 1
6340 0 1
6341 60 4136
6342 0 1
6343 47 4192
6344 79 4149
6345 0 1
6346 30 4155
6347 0 1
6348 0 1
6349 0 1
6350 0 1
6351 0 1
6352 0 1
6353 0 1
6354 22 2
6355 20 2
6356 0 1
6357 0 1
6358 59 4161
6359 46 4199
6360 0 1
6361 0 1
6362 34 4149
6363 44 4136
6364 0 1
6365 56 4163
6366 0 1
6367 0 1
6368 0 1
6369 0 1
6370 0 1
6371 0 1
6372 0 1
6373 36 4140
6374 0 1
6375 30 2
6376 0 1
6377 44 4176
6378 0 1
6379 0 1
6380 46 4164
6381 0 1
6382 69 4152
6383 0 1
6384 41 4096
6385 0 1
6386 44 4124
6387 0 1
6388 0 1
6389 0 1
6390 0 1
6391 0 1
6392 51 4127
6393 0 1
6394 0 1
6395 0 1
6396 0 1
6397 0 1
6398 0 1
6399 0 1
6400 0 1
6401 35 4175
6402 0 1
6403 0 1
6404 33 4113
6405 0 1
6406 0 1
6407 0 1
6408 0 1
6409 12 2
6410 0 1
6411 44 4147
6412 0 1
6413 0 1
6414 0 1
6415 31 4178
6416 0 1
6417 0 1
6418 0 1
6419 0 1
6420 0 1
6421 0 1
6422 0 1
6423 0 1
6424 43 4209
6425 0 1
6426 0 1
6427 0 1
6428 0 1
6429 0 1
6430 37 4173
6431 68 4127
6432 37 4148
6433 35 4181
6434 0 1
6435 39 4138
6436 0 1
6437 31 4165
6438 0 1
6439 0 1
6440 36 4194
6441 36 4160
6442 30 4200
6443 0 1
6444 0 1
6445 31 4142
6446 0 1
6447 40 4199
6448 46 4151
6449 0 1
6450 0 1
6451 68 4164
6452 38 4145
6453 0 1
6454 0 1
6455 0 1
6456 32 4119
6457 0 1
6458 40 4218
6459 0 1
6460 0 1
6461 0 1
6462 61 4123
6463 45 4227
6464 0 1
6465 0 1
6466 40 4163
6467 51 4154
6468 32 4190
6469 5 2
6470 24 2
6471 37 4205
6472 0 1
6473 0 1
6474 0 1
6475 0 1
6476 0 1
6477 0 1
6478 0 1
6479 0 1
6480 49 4149
6481 0 1
6482 0 1
6483 0 1
6484 0 1
6485 36 4117
6486 50 4138
6487 0 1
6488 39 4198
6489 0 1
6490 47 4121
6491 39 4127
6492 0 1
6493 0 1
6494 0 1
6495 0 1
6496 0 1
6497 0 1
6498 0 1
6499 32 4123
6500 9 2
6501 7 2
6502 0 1
6503 0 1
6504 0 1
6505 37 4215
6506 0 1
6507 64 4179
6508 35 4184
6509 0 1
6510 0 1
6511 0 1
6512 0 1
6513 0 1
6514 58 4162
6515 0 1
6516 0 1
6517 52 4188
6518 39 4149
6519 0 1
6520 0 1
6521 0 1
6522 0 1
6523 0 1
6524 38 4195
6525 0 1
6526 0 1
6527 0 1
6528 42 4193
6529 0 1
6530 32 4170
6531 33 4145
6532 0 1
6533 0 1
6534 0 1
6535 0 1
6536 0 1
6537 0 1
6538 0 1
6539 67 4163
6540 8 2
6541 8 2
6542 30 4163
6543 34 4190
6544 137 4140
6545 54 4135
6546 0 1
6547 0 1
6548 43 4208
6549 0 1
6550 38 4107
