500 30 4165
501 57 4210
502 30 4140
503 34 4156
504 35 4133
505 32 4176
506 42 4190
507 55 4178
508 35 4184
509 39 4188
510 31 4198
511 32 4133
512 28 4130
513 33 4157
514 36 4128
515 35 4227
516 30 4140
517 29 4106
518 35 4160
519 50 4190
520 45 4186
521 32 4175
522 28 4197
523 32 4180
524 31 4173
525 35 4159
526 37 4124
527 29 4198
528 40 4107
529 34 4124
530 33 4141
531 39 4129
532 33 4148
533 32 4138
534 46 4175
535 30 4144
536 31 4155
537 38 4171
538 51 4173
539 34 4213
540 30 4140
541 30 4184
542 32 4134
543 46 4157
544 30 4072
545 33 4141
546 33 4115
547 31 4143
548 27 4181
549 30 4196
550 37 4167
551 34 4144
552 32 4163
553 41 4171
554 33 4192
555 33 4184
556 59 4143
557 30 4168
558 44 4154
559 46 4206
560 32 4185
561 29 4147
562 37 4149
563 34 4212
564 40 4223
565 0 1
566 0 1
567 39 4130
568 32 4174
569 41 4186
570 36 4199
571 34 4101
572 33 4126
573 34 4159
574 37 4197
575 34 4135
576 30 4216
577 36 4160
578 31 4217
579 30 4107
580 32 4189
581 31 4140
582 35 4160
583 31 4116
584 35 4141
585 32 4112
586 36 4142
587 31 4174
588 33 4171
589 33 4152
590 31 4182
591 43 4108
592 33 4132
593 28 4136
594 35 4120
595 31 4170
596 28 4132
597 31 4152
598 31 4139
599 55 4203
4900 43 4169
4901 34 4169
4902 32 4151
4903 47 4080
4904 31 4127
4905 57 4206
4906 96 4113
4907 73 4144
4908 35 4192
4909 40 4180
4910 32 4173
4911 50 4116
4912 30 4134
4913 0 1
4914 44 4185
4915 32 4175
4916 39 4111
4917 38 4118
4918 0 1
4919 34 4135
4920 35 4178
4921 33 4135
4922 35 4072
4923 47 4192
4924 37 4119
4925 32 4134
4926 37 4187
4927 50 4163
4928 0 1
4929 0 1
4930 1 2
4931 21 2
4932 0 1
4933 37 4142
4934 45 4137
4935 64 4136
4936 38 4149
4937 0 1
4938 62 4182
4939 33 4119
4940 47 4162
4941 32 4194
4942 0 1
4943 48 4174
4944 0 1
4945 35 4175
4946 62 4135
4947 0 1
4948 43 4142
4949 38 4162
4950 35 4140
4951 0 1
4952 40 4171
4953 37 4168
4954 34 4144
4955 60 4173
4956 47 4218
4957 45 4139
4958 34 4135
4959 0 1
4960 0 1
4961 57 4165
4962 32 4155
4963 44 4194
4964 35 4115
4965 58 4157
4966 43 4159
4967 62 4134
4968 34 4163
4969 48 4149
4970 60 4141
4971 0 1
4972 40 4154
4973 38 4162
4974 49 4147
4975 57 4167
4976 35 4176
4977 0 1
4978 44 4208
4979 35 4205
4980 50 4176
4981 64 4139
4982 31 4162
4983 0 1
4984 36 4148
4985 30 4160
4986 110 4135
4987 30 4182
4988 0 1
4989 39 4192
4990 0 1
4991 0 1
4992 0 1
4993 33 4140
4994 34 4176
4995 0 1
4996 35 4183
4997 0 1
4998 55 4176
4999 5 2
200 32 4183
201 32 4127
202 39 4144
203 34 4146
204 33 4170
205 34 4147
206 32 4182
207 36 4219
208 29 4131
209 34 4167
210 34 4183
211 36 4168
212 37 4193
213 29 4231
214 28 4143
215 46 4159
216 34 4160
217 86 4134
218 46 4119
219 42 4125
220 35 4150
221 32 4170
222 42 4124
223 33 4160
224 34 4154
225 34 4176
226 33 4179
227 37 4184
228 37 4141
229 29 4174
230 31 4157
231 35 4197
232 33 4178
233 30 4117
234 40 4157
235 35 4210
236 46 4139
237 35 4206
238 38 4167
239 33 4187
240 29 4145
241 32 4187
242 29 4171
243 37 4137
244 28 4127
245 37 4160
246 35 4175
247 29 4170
248 63 4143
249 35 4199
250 29 4140
251 36 4164
252 46 4087
253 47 4181
254 33 4171
255 38 4169
256 40 4109
257 30 4215
258 45 4149
259 35 4148
260 29 4187
261 33 4128
262 30 4153
263 0 1
264 32 4202
265 0 1
266 44 4200
267 34 4149
268 38 4180
269 42 4149
270 32 4197
271 41 4173
272 32 4130
273 35 4113
274 51 4124
275 32 4153
276 29 4147
277 34 4225
278 38 4098
279 32 4173
280 35 4187
281 31 4190
282 35 4173
283 37 4204
284 33 4156
285 27 4106
286 34 4173
287 38 4173
288 35 4177
289 32 4167
290 32 4169
291 34 4169
292 0 1
293 36 4186
294 36 4147
295 35 4139
296 35 4151
297 32 4170
298 0 1
299 0 1
1300 34 4180
1301 34 4185
1302 31 4130
1303 35 4207
1304 39 4158
1305 31 4188
1306 32 4125
1307 33 4165
1308 33 4191
1309 33 4114
1310 29 4119
1311 34 4176
1312 33 4147
1313 31 4143
1314 34 4150
1315 35 4163
1316 37 4183
1317 34 4198
1318 30 4160
1319 62 2
1320 17 2
1321 31 4157
1322 35 4104
1323 33 4184
1324 38 4179
1325 35 4073
1326 0 1
1327 0 1
1328 0 1
1329 29 4143
1330 42 4139
1331 45 4154
1332 32 4167
1333 32 4196
1334 39 4130
1335 48 4112
1336 30 4111
1337 33 4162
1338 31 4159
1339 41 4217
1340 40 4153
1341 38 4090
1342 32 4129
1343 34 4143
1344 35 4189
1345 0 1
1346 0 1
1347 0 1
1348 33 4137
1349 47 4142
1350 32 4148
1351 33 4180
1352 33 4109
1353 43 4091
1354 60 4183
1355 33 4183
1356 31 4126
1357 0 1
1358 48 4175
1359 35 4187
1360 35 4135
1361 32 4110
1362 37 4122
1363 42 4144
1364 38 4201
1365 29 4115
1366 69 4159
1367 30 4163
1368 38 4145
1369 31 4209
1370 38 4179
1371 33 4201
1372 29 4141
1373 42 4159
1374 33 4120
1375 50 4157
1376 35 4205
1377 30 4182
1378 37 4127
1379 40 4183
1380 45 4095
1381 37 4151
1382 33 4130
1383 35 4155
1384 33 4176
1385 32 4158
1386 33 4189
1387 39 4190
1388 40 4193
1389 30 4183
1390 34 4163
1391 33 4098
1392 35 4194
1393 33 4138
1394 30 4185
1395 35 4198
1396 33 4133
1397 35 4139
1398 31 4137
1399 32 4126
2200 0 1
2201 32 4092
2202 0 1
2203 0 1
2204 34 4178
2205 35 4154
2206 36 4114
2207 31 4200
2208 39 4200
2209 32 4186
2210 28 4164
2211 41 4126
2212 35 4112
2213 33 4143
2214 34 4116
2215 32 4229
2216 30 4161
2217 31 4143
2218 32 4157
2219 48 4181
2220 33 4169
2221 32 4157
2222 94 4175
2223 32 4149
2224 30 4126
2225 32 4139
2226 29 4155
2227 37 4124
2228 39 4093
2229 38 4151
2230 34 4153
2231 31 4160
2232 35 4158
2233 52 4145
2234 31 4110
2235 43 4223
2236 40 4168
2237 34 4130
2238 36 4155
2239 32 4141
2240 0 1
2241 39 4123
2242 0 1
2243 37 4124
2244 41 4142
2245 30 4170
2246 33 4150
2247 34 4192
2248 35 4173
2249 34 4162
2250 33 4183
2251 34 4178
2252 36 4131
2253 31 4151
2254 37 4132
2255 37 4160
2256 35 4212
2257 31 4130
2258 32 4200
2259 31 4174
2260 32 4146
2261 34 4160
2262 34 4135
2263 32 4145
2264 32 4157
2265 48 4167
2266 38 4083
2267 32 4163
2268 32 4171
2269 32 4157
2270 28 4148
2271 35 4221
2272 33 4176
2273 29 4183
2274 0 1
2275 37 4204
2276 32 4160
2277 39 4153
2278 0 1
2279 0 1
2280 72 4162
2281 30 4136
2282 0 1
2283 35 4145
2284 38 4168
2285 36 4175
2286 36 4100
2287 0 1
2288 34 4064
2289 35 4138
2290 30 4144
2291 42 4130
2292 32 4129
2293 0 1
2294 36 4124
2295 39 4166
2296 44 4190
2297 29 4183
2298 35 4151
2299 49 4174
4500 0 1
4501 41 4174
4502 31 4134
4503 40 4141
4504 70 4133
4505 30 4159
4506 40 4148
4507 42 4160
4508 31 4087
4509 31 4135
4510 31 4174
4511 48 4126
4512 36 4188
4513 36 4123
4514 56 4159
4515 34 4198
4516 32 4138
4517 37 4146
4518 38 4209
4519 35 4182
4520 0 1
4521 34 4197
4522 40 4208
4523 0 1
4524 0 1
4525 0 1
4526 41 4177
4527 35 4141
4528 36 4210
4529 0 1
4530 0 1
4531 0 1
4532 56 4146
4533 36 4160
4534 0 1
4535 0 1
4536 0 1
4537 0 1
4538 35 4161
4539 40 4169
4540 0 1
4541 44 4176
4542 34 4117
4543 42 4199
4544 85 4140
4545 36 4165
4546 29 4130
4547 56 4198
4548 0 1
4549 0 1
4550 0 1
4551 0 1
4552 49 4205
4553 0 1
4554 0 1
4555 0 1
4556 72 4169
4557 34 4185
4558 35 4152
4559 0 1
4560 44 4101
4561 0 1
4562 0 1
4563 48 4158
4564 50 4194
4565 35 4191
4566 0 1
4567 0 1
4568 0 1
4569 0 1
4570 26 2
4571 0 1
4572 53 4156
4573 45 4188
4574 0 1
4575 37 4095
4576 0 1
4577 32 4166
4578 57 4175
4579 33 4123
4580 31 4166
4581 37 4136
4582 33 4147
4583 0 1
4584 41 2
4585 13 2
4586 69 4148
4587 29 4142
4588 0 1
4589 0 1
4590 53 4148
4591 33 4174
4592 42 4213
4593 0 1
4594 37 4160
4595 47 4184
4596 34 4185
4597 39 4112
4598 64 4147
4599 42 4149
400 38 4175
401 36 4129
402 33 4154
403 36 4141
404 29 4116
405 29 4135
406 49 4174
407 38 4211
408 33 4167
409 30 4140
410 44 4127
411 39 4195
412 26 4112
413 36 4141
414 39 4156
415 35 4173
416 29 4158
417 32 4126
418 96 4116
419 31 4192
420 30 4152
421 34 4131
422 32 4172
423 30 4178
424 29 4175
425 35 4135
426 29 4123
427 33 4167
428 29 4161
429 32 4184
430 30 4197
431 33 4155
432 32 4115
433 30 4200
434 29 4145
435 32 4192
436 30 4160
437 30 4189
438 30 4139
439 30 4127
440 27 4160
441 34 4169
442 33 4110
443 37 4095
444 31 4157
445 35 4123
446 0 1
447 38 4168
448 35 4117
449 34 4155
450 39 4153
451 36 4129
452 31 4192
453 36 4140
454 0 1
455 32 4175
456 29 4130
457 0 1
458 0 1
459 31 4122
460 32 4154
461 45 4120
462 30 4151
463 41 4167
464 35 4138
465 32 4188
466 31 4149
467 29 4109
468 31 4176
469 48 4187
470 35 4116
471 35 4182
472 35 4165
473 36 4176
474 34 4129
475 30 4233
476 44 4124
477 45 4161
478 34 4177
479 34 4131
480 28 4148
481 32 4143
482 30 4159
483 0 1
484 49 4152
485 36 4151
486 43 4154
487 35 4205
488 34 4185
489 38 4216
490 32 4188
491 31 4115
492 37 4147
493 43 4128
494 0 1
495 48 4188
496 31 4136
497 32 4098
498 31 4185
499 35 4181
6400 0 1
6401 55 4165
6402 0 1
6403 0 1
6404 35 4141
6405 0 1
6406 0 1
6407 0 1
6408 45 2
6409 3 2
6410 0 1
6411 43 4124
6412 43 4176
6413 0 1
6414 0 1
6415 67 4181
6416 0 1
6417 0 1
6418 0 1
6419 0 1
6420 0 1
6421 0 1
6422 0 1
6423 0 1
6424 51 4192
6425 0 1
6426 0 1
6427 36 4188
6428 0 1
6429 0 1
6430 86 4131
6431 0 1
6432 60 4236
6433 38 4094
6434 58 4126
6435 45 4145
6436 0 1
6437 29 4114
6438 0 1
6439 0 1
6440 28 4168
6441 35 4129
6442 32 4125
6443 0 1
6444 0 1
6445 33 4142
6446 0 1
6447 39 4189
6448 96 4130
6449 0 1
6450 0 1
6451 32 4145
6452 37 4157
6453 0 1
6454 0 1
6455 0 1
6456 38 4156
6457 0 1
6458 39 4148
6459 0 1
6460 0 1
6461 0 1
6462 31 4195
6463 31 4159
6464 0 1
6465 0 1
6466 37 4126
6467 33 4149
6468 32 4136
6469 30 2
6470 1 2
6471 0 1
6472 0 1
6473 0 1
6474 0 1
6475 0 1
6476 0 1
6477 0 1
6478 0 1
6479 0 1
6480 36 4159
6481 0 1
6482 0 1
6483 0 1
6484 0 1
6485 32 4160
6486 30 4150
6487 0 1
6488 0 1
6489 0 1
6490 49 4187
6491 32 4151
6492 0 1
6493 0 1
6494 0 1
6495 0 1
6496 0 1
6497 0 1
6498 0 1
6499 36 4118
2900 0 1
2901 35 4168
2902 0 1
2903 41 4133
2904 36 4131
2905 34 4152
2906 32 4192
2907 34 4157
2908 47 4176
2909 36 4181
2910 34 4175
2911 38 4164
2912 31 4160
2913 47 4132
2914 65 4163
2915 0 1
2916 34 4150
2917 37 4163
2918 44 4190
2919 0 1
2920 43 4131
2921 33 4136
2922 34 4180
2923 39 4159
2924 31 4128
2925 36 4111
2926 32 4139
2927 35 4131
2928 39 4130
2929 34 4211
2930 34 4111
2931 36 4135
2932 34 4229
2933 34 4111
2934 34 4193
2935 0 1
2936 0 1
2937 31 4182
2938 32 4157
2939 34 4185
2940 34 4141
2941 30 4170
2942 34 4085
2943 32 4137
2944 32 4207
2945 40 4091
2946 37 4163
2947 35 4165
2948 33 4123
2949 36 4160
2950 38 4104
2951 32 4156
2952 36 4196
2953 0 1
2954 46 4133
2955 40 4114
2956 0 1
2957 0 1
2958 0 1
2959 0 1
2960 30 4169
2961 32 4147
2962 35 4188
2963 33 4191
2964 33 4089
2965 45 4157
2966 40 4164
2967 0 1
2968 33 4201
2969 37 4159
2970 40 4192
2971 34 4159
2972 0 1
2973 33 4142
2974 37 4145
2975 42 4165
2976 29 4183
2977 34 4133
2978 47 4161
2979 0 1
2980 36 4142
2981 0 1
2982 34 4145
2983 34 4123
2984 37 4163
2985 34 4155
2986 30 4168
2987 35 4148
2988 32 4112
2989 30 4139
2990 33 4194
2991 51 4153
2992 35 4117
2993 36 4135
2994 35 4156
2995 49 4170
2996 30 4170
2997 39 4161
2998 32 4115
2999 43 4179
5900 0 1
5901 0 1
5902 0 1
5903 53 4134
5904 44 4169
5905 0 1
5906 0 1
5907 0 1
5908 51 4196
5909 51 4181
5910 37 4132
5911 0 1
5912 0 1
5913 0 1
5914 0 1
5915 0 1
5916 0 1
5917 53 4114
5918 46 4139
5919 90 4178
5920 63 4171
5921 0 1
5922 35 4096
5923 51 4119
5924 36 4118
5925 45 4183
5926 53 4163
5927 38 4204
5928 47 4205
5929 52 4167
5930 0 1
5931 0 1
5932 30 4146
5933 0 1
5934 0 1
5935 0 1
5936 37 4140
5937 0 1
5938 84 4207
5939 0 1
5940 0 1
5941 0 1
5942 36 4106
5943 34 4179
5944 45 4157
5945 65 4146
5946 97 4157
5947 0 1
5948 0 1
5949 34 4155
5950 32 4142
5951 64 4208
5952 0 1
5953 38 4159
5954 37 4149
5955 86 4132
5956 39 4173
5957 20 2
5958 1 2
5959 32 4191
5960 0 1
5961 50 4161
5962 0 1
5963 0 1
5964 42 4133
5965 38 4166
5966 91 4176
5967 30 4163
5968 67 4100
5969 0 1
5970 33 4203
5971 41 4192
5972 70 4122
5973 93 4138
5974 48 4136
5975 0 1
5976 0 1
5977 0 1
5978 81 4134
5979 41 4153
5980 34 4165
5981 0 1
5982 0 1
5983 0 1
5984 39 4160
5985 0 1
5986 0 1
5987 0 1
5988 0 1
5989 38 4174
5990 0 1
5991 0 1
5992 0 1
5993 32 4150
5994 45 4174
5995 34 4188
5996 0 1
5997 0 1
5998 0 1
5999 44 4146
2500 34 4217
2501 69 4163
2502 32 4155
2503 116 4199
2504 32 4217
2505 0 1
2506 37 4152
2507 36 4171
2508 47 4167
2509 33 4154
2510 34 4137
2511 30 4154
2512 0 1
2513 52 4089
2514 33 4171
2515 34 4171
2516 37 4145
2517 37 4163
2518 39 4147
2519 56 4128
2520 34 4187
2521 29 4139
2522 33 4171
2523 40 4183
2524 36 4144
2525 0 1
2526 33 4140
2527 40 4180
2528 40 4084
2529 34 4160
2530 30 4141
2531 0 1
2532 0 1
2533 34 4129
2534 30 4192
2535 36 4179
2536 32 4179
2537 30 4159
2538 31 4088
2539 0 1
2540 43 4161
2541 34 4137
2542 85 4166
2543 61 4174
2544 0 1
2545 0 1
2546 36 4139
2547 34 4131
2548 35 4164
2549 34 4166
2550 36 4194
2551 0 1
2552 33 4191
2553 38 4193
2554 32 4132
2555 36 4195
2556 68 4154
2557 37 4150
2558 39 4183
2559 64 4127
2560 31 4168
2561 31 4180
2562 41 4181
2563 42 4162
2564 36 4177
2565 35 4148
2566 0 1
2567 36 4218
2568 31 4152
2569 50 4113
2570 30 4117
2571 32 4136
2572 38 4200
2573 37 4238
2574 35 4205
2575 39 4190
2576 31 4157
2577 30 4166
2578 36 4104
2579 37 4137
2580 38 4147
2581 0 1
2582 38 4152
2583 35 4134
2584 45 4195
2585 47 4162
2586 37 4143
2587 39 4147
2588 8 2
2589 36 4162
2590 34 4160
2591 37 4171
2592 34 4150
2593 39 4233
2594 34 4142
2595 50 4196
2596 51 4144
2597 0 1
2598 41 4177
2599 34 4157
4200 38 4189
4201 45 4177
4202 0 1
4203 27 4144
4204 32 4190
4205 37 4071
4206 35 4156
4207 30 4154
4208 40 4125
4209 37 4185
4210 32 4188
4211 0 1
4212 63 4145
4213 35 4170
4214 31 4147
4215 32 4174
4216 48 4173
4217 33 4193
4218 36 4161
4219 36 4185
4220 38 4169
4221 48 4186
4222 44 4104
4223 40 4183
4224 39 4111
4225 53 4080
4226 37 4166
4227 0 1
4228 0 1
4229 39 4203
4230 44 4238
4231 41 4173
4232 0 1
4233 36 4141
4234 36 4117
4235 29 4203
4236 44 4165
4237 35 4123
4238 36 4124
4239 0 1
4240 0 1
4241 0 1
4242 39 4163
4243 0 1
4244 0 1
4245 0 1
4246 42 4187
4247 59 4162
4248 43 4186
4249 34 4178
4250 39 4170
4251 0 1
4252 39 4201
4253 35 4179
4254 32 4140
4255 0 1
4256 34 4216
4257 32 4129
4258 38 4203
4259 46 4177
4260 42 4216
4261 93 4208
4262 0 1
4263 0 1
4264 43 4144
4265 49 4175
4266 0 1
4267 77 4195
4268 0 1
4269 43 4149
4270 34 4170
4271 38 4108
4272 34 4165
4273 0 1
4274 0 1
4275 32 4176
4276 39 4156
4277 43 4160
4278 0 1
4279 57 4171
4280 44 4148
4281 38 4130
4282 53 4127
4283 0 1
4284 36 4159
4285 34 4164
4286 0 1
4287 33 4218
4288 46 4175
4289 44 4142
4290 44 4184
4291 0 1
4292 43 4151
4293 35 4221
4294 30 4108
4295 0 1
4296 0 1
4297 49 4129
4298 0 1
4299 0 1
1400 32 4211
1401 36 4143
1402 32 4135
1403 31 4159
1404 30 4157
1405 36 4147
1406 34 4124
1407 35 4095
1408 37 4086
1409 35 4199
1410 35 4189
1411 0 1
1412 34 4141
1413 0 1
1414 34 4158
1415 33 4120
1416 34 4150
1417 31 4112
1418 33 4154
1419 30 4181
1420 45 4189
1421 29 4159
1422 36 4160
1423 41 4164
1424 37 4162
1425 43 4179
1426 32 4200
1427 34 4198
1428 38 4130
1429 35 4178
1430 51 4158
1431 0 1
1432 37 4194
1433 34 4162
1434 34 4185
1435 29 4080
1436 35 4108
1437 0 1
1438 32 4114
1439 32 4119
1440 33 4175
1441 37 4185
1442 0 1
1443 34 4125
1444 0 1
1445 0 1
1446 34 4134
1447 39 4149
1448 33 4160
1449 36 4151
1450 34 4167
1451 32 4126
1452 33 4200
1453 33 4203
1454 0 1
1455 47 4182
1456 39 4085
1457 52 4149
1458 36 4194
1459 0 1
1460 45 4163
1461 40 4178
1462 33 4150
1463 35 4176
1464 37 4134
1465 53 4190
1466 33 4211
1467 0 1
1468 43 4171
1469 0 1
1470 31 4123
1471 34 4153
1472 31 4147
1473 0 1
1474 0 1
1475 35 4154
1476 35 4170
1477 32 4189
1478 30 4134
1479 39 4136
1480 40 4165
1481 60 4208
1482 33 4132
1483 32 4152
1484 28 4091
1485 30 4152
1486 33 4165
1487 35 4216
1488 37 4213
1489 33 4126
1490 36 4157
1491 33 4193
1492 33 4184
1493 27 4122
1494 30 4196
1495 32 4156
1496 28 4147
1497 34 4124
1498 33 4179
1499 41 4147
3200 38 4117
3201 41 4171
3202 32 4116
3203 38 4156
3204 43 4109
3205 31 4184
3206 91 4111
3207 47 4159
3208 45 4171
3209 35 4110
3210 38 4122
3211 42 4137
3212 34 4150
3213 0 1
3214 0 1
3215 31 4150
3216 35 4150
3217 36 4153
3218 0 1
3219 37 4094
3220 0 1
3221 35 4127
3222 32 4191
3223 32 4181
3224 36 4130
3225 49 4170
3226 70 4161
3227 28 4118
3228 33 4199
3229 35 4135
3230 30 4147
3231 52 4135
3232 34 4203
3233 39 4125
3234 37 4162
3235 37 4160
3236 33 4133
3237 0 1
3238 30 4129
3239 32 4163
3240 36 4131
3241 33 4166
3242 37 4152
3243 32 4164
3244 0 1
3245 37 4155
3246 60 4135
3247 0 1
3248 31 4145
3249 30 4153
3250 36 4174
3251 35 4114
3252 0 1
3253 53 4147
3254 40 4140
3255 32 4179
3256 33 4161
3257 35 4194
3258 38 4184
3259 38 4206
3260 0 1
3261 35 4181
3262 41 4169
3263 0 1
3264 36 4176
3265 35 4266
3266 53 4131
3267 38 4195
3268 37 4144
3269 0 1
3270 33 4166
3271 44 4184
3272 34 4134
3273 37 4144
3274 30 4190
3275 35 4189
3276 39 4133
3277 0 1
3278 0 1
3279 39 4128
3280 34 4179
3281 38 4160
3282 33 4159
3283 67 4153
3284 37 4205
3285 0 1
3286 38 4158
3287 35 4134
3288 47 4150
3289 0 1
3290 33 4174
3291 31 4195
3292 42 4156
3293 0 1
3294 0 1
3295 33 4172
3296 31 4130
3297 36 4102
3298 0 1
3299 0 1
5500 0 1
5501 33 4121
5502 30 4168
5503 47 4143
5504 0 1
5505 58 4173
5506 11 2
5507 15 2
5508 0 1
5509 0 1
5510 44 4139
5511 63 4131
5512 35 4178
5513 38 4223
5514 0 1
5515 34 4176
5516 48 4164
5517 3 2
5518 4 2
5519 0 1
5520 0 1
5521 0 1
5522 0 1
5523 40 4199
5524 56 4135
5525 74 4132
5526 32 4129
5527 78 4148
5528 0 1
5529 0 1
5530 41 4167
5531 0 1
5532 0 1
5533 0 1
5534 46 4161
5535 0 1
5536 0 1
5537 57 4189
5538 0 1
5539 35 4128
5540 72 4125
5541 0 1
5542 0 1
5543 31 4159
5544 0 1
5545 0 1
5546 0 1
5547 0 1
5548 40 4141
5549 0 1
5550 0 1
5551 74 4222
5552 51 4130
5553 33 4187
5554 31 4156
5555 36 4144
5556 29 4211
5557 38 4173
5558 0 1
5559 4 2
5560 27 2
5561 41 2
5562 38 4143
5563 46 4186
5564 33 4157
5565 36 4196
5566 75 4162
5567 0 1
5568 0 1
5569 0 1
5570 53 4171
5571 0 1
5572 36 4146
5573 0 1
5574 0 1
5575 0 1
5576 0 1
5577 54 4144
5578 0 1
5579 0 1
5580 0 1
5581 100 4190
5582 76 4148
5583 36 4180
5584 0 1
5585 0 1
5586 74 4131
5587 34 4181
5588 0 1
5589 0 1
5590 35 4134
5591 35 4166
5592 0 1
5593 0 1
5594 0 1
5595 47 4115
5596 0 1
5597 0 1
5598 0 1
5599 0 1
300 29 4093
301 37 4211
302 32 4206
303 32 4170
304 30 4181
305 39 4197
306 34 4155
307 31 4187
308 35 4180
309 33 4163
310 33 4136
311 32 4151
312 52 4199
313 0 1
314 55 4192
315 34 4184
316 31 4146
317 34 4214
318 35 4189
319 33 4155
320 31 4160
321 32 4163
322 28 4113
323 32 4130
324 30 4141
325 26 4131
326 30 4180
327 32 4205
328 32 4152
329 33 4161
330 31 4113
331 33 4140
332 33 4149
333 34 4144
334 28 4143
335 34 4092
336 33 4169
337 59 4121
338 38 4172
339 0 1
340 66 4180
341 36 4116
342 37 4085
343 33 4122
344 32 4136
345 30 4106
346 0 1
347 34 4150
348 29 4123
349 36 4129
350 30 4173
351 29 4153
352 29 4137
353 0 1
354 37 4130
355 36 4200
356 34 4094
357 33 4152
358 38 4168
359 41 4195
360 34 4155
361 27 4181
362 31 4119
363 31 4155
364 0 1
365 0 1
366 0 1
367 0 1
368 34 4130
369 41 4181
370 0 1
371 39 4137
372 35 4139
373 31 4146
374 32 4115
375 31 4175
376 31 4158
377 33 4193
378 32 4191
379 15 2
380 0 1
381 59 4225
382 46 4165
383 41 4158
384 29 4087
385 58 4138
386 29 4159
387 37 4166
388 38 4114
389 32 4118
390 33 4140
391 32 4149
392 39 4162
393 29 4187
394 0 1
395 0 1
396 34 4173
397 31 4203
398 31 4131
399 35 4160
6300 0 1
6301 0 1
6302 84 4153
6303 34 4129
6304 0 1
6305 0 1
6306 49 4136
6307 0 1
6308 0 1
6309 60 4208
6310 0 1
6311 44 4121
6312 0 1
6313 1 2
6314 11 2
6315 0 1
6316 0 1
6317 0 1
6318 0 1
6319 0 1
6320 31 4159
6321 41 4135
6322 75 4157
6323 0 1
6324 0 1
6325 0 1
6326 32 4172
6327 69 4152
6328 48 2
6329 54 2
6330 59 4138
6331 49 4187
6332 45 4122
6333 59 4192
6334 0 1
6335 0 1
6336 0 1
6337 35 4212
6338 33 4143
6339 0 1
6340 0 1
6341 0 1
6342 0 1
6343 67 4182
6344 36 4141
6345 0 1
6346 32 4202
6347 0 1
6348 0 1
6349 0 1
6350 0 1
6351 0 1
6352 0 1
6353 0 1
6354 32 2
6355 28 2
6356 0 1
6357 0 1
6358 39 4111
6359 0 1
6360 0 1
6361 0 1
6362 33 4179
6363 33 4180
6364 0 1
6365 46 4154
6366 57 4210
6367 0 1
6368 0 1
6369 0 1
6370 40 4201
6371 0 1
6372 0 1
6373 53 4179
6374 0 1
6375 107 2
6376 0 1
6377 46 4082
6378 0 1
6379 0 1
6380 40 4098
6381 0 1
6382 37 4137
6383 0 1
6384 37 4141
6385 0 1
6386 102 4153
6387 0 1
6388 0 1
6389 0 1
6390 0 1
6391 0 1
6392 64 4152
6393 0 1
6394 0 1
6395 0 1
6396 0 1
6397 0 1
6398 0 1
6399 0 1
3500 36 4109
3501 0 1
3502 38 4184
3503 0 1
3504 29 4120
3505 0 1
3506 37 4173
3507 34 4151
3508 26 4151
3509 34 4135
3510 46 4169
3511 9 2
3512 5 2
3513 35 4152
3514 0 1
3515 0 1
3516 0 1
3517 37 4164
3518 33 4133
3519 43 4122
3520 41 4177
3521 0 1
3522 0 1
3523 42 4155
3524 39 4171
3525 41 4111
3526 36 4119
3527 0 1
3528 0 1
3529 38 4109
3530 50 4157
3531 41 4185
3532 0 1
3533 43 4152
3534 0 1
3535 0 1
3536 33 4138
3537 30 4153
3538 0 1
3539 0 1
3540 33 4181
3541 37 4170
3542 37 4192
3543 37 4135
3544 34 4115
3545 32 4183
3546 37 4165
3547 39 4182
3548 64 4168
3549 0 1
3550 0 1
3551 0 1
3552 38 4176
3553 0 1
3554 36 4164
3555 36 4201
3556 46 4189
3557 40 4212
3558 29 4121
3559 35 4164
3560 32 4149
3561 34 4143
3562 0 1
3563 43 4123
3564 38 4129
3565 36 4200
3566 0 1
3567 0 1
3568 35 4187
3569 0 1
3570 0 1
3571 37 4135
3572 38 4216
3573 30 4193
3574 0 1
3575 52 4131
3576 0 1
3577 33 4104
3578 64 4173
3579 0 1
3580 36 4175
3581 0 1
3582 61 4167
3583 0 1
3584 33 4161
3585 33 4148
3586 36 4207
3587 0 1
3588 0 1
3589 30 4149
3590 34 4153
3591 36 4165
3592 55 4168
3593 0 1
3594 0 1
3595 57 4118
3596 31 4148
3597 38 4155
3598 35 4200
3599 37 4161
5200 46 4204
5201 114 4159
5202 0 1
5203 0 1
5204 36 4133
5205 66 4127
5206 36 4173
5207 0 1
5208 0 1
5209 35 4162
5210 0 1
5211 0 1
5212 0 1
5213 0 1
5214 0 1
5215 36 4148
5216 32 4202
5217 35 4122
5218 0 1
5219 0 1
5220 52 4156
5221 36 4159
5222 46 4186
5223 0 1
5224 0 1
5225 0 1
5226 23 2
5227 38 4175
5228 27 2
5229 0 1
5230 47 4115
5231 0 1
5232 45 4161
5233 0 1
5234 79 4163
5235 34 4131
5236 58 4188
5237 0 1
5238 57 4142
5239 36 4186
5240 47 4078
5241 52 4174
5242 0 1
5243 38 4144
5244 0 1
5245 33 4129
5246 0 1
5247 30 4173
5248 44 4114
5249 36 4184
5250 0 1
5251 38 4225
5252 63 4130
5253 0 1
5254 0 1
5255 30 4153
5256 41 4156
5257 37 4108
5258 35 4169
5259 0 1
5260 40 4209
5261 0 1
5262 0 1
5263 0 1
5264 38 4142
5265 34 4146
5266 35 4129
5267 36 4130
5268 0 1
5269 34 4205
5270 35 4160
5271 96 4146
5272 35 4148
5273 32 4167
5274 32 4178
5275 0 1
5276 0 1
5277 44 4167
5278 0 1
5279 0 1
5280 0 1
5281 0 1
5282 37 4143
5283 0 1
5284 107 4132
5285 38 4146
5286 64 4179
5287 40 4150
5288 46 4167
5289 95 4217
5290 58 4172
5291 58 4212
5292 0 1
5293 29 4132
5294 39 4187
5295 47 4170
5296 0 1
5297 0 1
5298 0 1
5299 39 4107
4000 81 4186
4001 32 4108
4002 29 4172
4003 37 4131
4004 38 4145
4005 32 4157
4006 0 1
4007 36 4217
4008 37 4191
4009 36 4112
4010 0 1
4011 43 4104
4012 0 1
4013 0 1
4014 60 4168
4015 45 4143
4016 0 1
4017 43 4143
4018 31 4198
4019 34 4154
4020 33 4097
4021 38 4158
4022 44 4190
4023 41 4165
4024 39 4212
4025 41 4205
4026 40 4150
4027 33 4159
4028 29 4170
4029 32 4069
4030 32 4154
4031 37 4186
4032 0 1
4033 36 4159
4034 30 4164
4035 0 1
4036 35 4186
4037 36 4156
4038 0 1
4039 0 1
4040 47 4130
4041 0 1
4042 50 4113
4043 36 4102
4044 0 1
4045 34 4133
4046 61 4170
4047 0 1
4048 0 1
4049 0 1
4050 32 4214
4051 36 4157
4052 44 4195
4053 0 1
4054 0 1
4055 0 1
4056 30 4156
4057 0 1
4058 0 1
4059 34 4150
4060 0 1
4061 43 4200
4062 47 4177
4063 54 4139
4064 33 4139
4065 33 4185
4066 33 4114
4067 49 4180
4068 44 4128
4069 0 1
4070 35 4103
4071 0 1
4072 39 4187
4073 0 1
4074 36 4185
4075 41 4156
4076 31 4194
4077 48 4112
4078 0 1
4079 43 4163
4080 38 4125
4081 38 4139
4082 34 4167
4083 0 1
4084 35 4159
4085 0 1
4086 34 4193
4087 43 4134
4088 0 1
4089 0 1
4090 41 4165
4091 37 4178
4092 32 4118
4093 35 4212
4094 0 1
4095 50 4093
4096 36 4146
4097 33 4146
4098 39 4174
4099 35 4150
6100 0 1
6101 46 4171
6102 0 1
6103 0 1
6104 45 2
6105 20 2
6106 0 1
6107 32 4211
6108 0 1
6109 32 4185
6110 34 4122
6111 32 4151
6112 0 1
6113 0 1
6114 0 1
6115 0 1
6116 0 1
6117 0 1
6118 33 4174
6119 0 1
6120 0 1
6121 33 4139
6122 39 4151
6123 51 4137
6124 37 4157
6125 38 4190
6126 0 1
6127 43 4161
6128 55 4199
6129 40 4067
6130 0 1
6131 32 4202
6132 0 1
6133 90 4109
6134 0 1
6135 66 4187
6136 0 1
6137 0 1
6138 51 4139
6139 0 1
6140 36 4147
6141 0 1
6142 0 1
6143 0 1
6144 58 4178
6145 0 1
6146 0 1
6147 39 4144
6148 0 1
6149 0 1
6150 0 1
6151 0 1
6152 0 1
6153 0 1
6154 51 4214
6155 34 4195
6156 0 1
6157 0 1
6158 34 4142
6159 49 4124
6160 0 1
6161 0 1
6162 0 1
6163 50 4181
6164 0 1
6165 40 4099
6166 36 4174
6167 52 4165
6168 37 4159
6169 41 4155
6170 36 2
6171 10 2
6172 30 4175
6173 0 1
6174 36 4186
6175 0 1
6176 0 1
6177 0 1
6178 39 4145
6179 44 4185
6180 0 1
6181 0 1
6182 33 4167
6183 0 1
6184 0 1
6185 47 4195
6186 35 4143
6187 0 1
6188 0 1
6189 0 1
6190 56 4131
6191 39 4159
6192 33 4202
6193 0 1
6194 0 1
6195 0 1
6196 37 4191
6197 0 1
6198 0 1
6199 0 1
2000 30 4177
2001 30 4123
2002 41 4180
2003 33 4121
2004 41 4201
2005 48 4157
2006 64 4134
2007 33 4174
2008 47 4112
2009 45 4151
2010 53 4108
2011 31 4129
2012 31 4191
2013 34 4152
2014 38 4086
2015 44 4137
2016 63 4176
2017 37 4191
2018 30 4175
2019 32 4157
2020 34 4149
2021 60 4200
2022 47 4102
2023 50 4187
2024 47 4152
2025 76 4157
2026 41 4168
2027 0 1
2028 50 4205
2029 0 1
2030 33 4175
2031 36 4150
2032 38 4183
2033 31 4129
2034 31 4166
2035 39 4218
2036 46 4137
2037 62 4186
2038 75 4176
2039 40 4153
2040 33 4149
2041 28 4124
2042 64 4120
2043 36 4147
2044 0 1
2045 36 4122
2046 80 4159
2047 53 4152
2048 42 4148
2049 41 4156
2050 40 4196
2051 63 4162
2052 37 4176
2053 40 4197
2054 43 4170
2055 39 4158
2056 35 4158
2057 60 4194
2058 36 4138
2059 36 4097
2060 35 4144
2061 30 4115
2062 36 4182
2063 34 4180
2064 35 4121
2065 43 4186
2066 0 1
2067 33 4155
2068 30 4151
2069 32 4191
2070 29 4173
2071 31 4185
2072 38 4162
2073 42 4150
2074 40 4146
2075 30 4147
2076 31 4098
2077 33 4190
2078 38 4154
2079 39 4202
2080 34 4172
2081 0 1
2082 39 4157
2083 36 4172
2084 34 4088
2085 35 4172
2086 32 4182
2087 0 1
2088 32 4135
2089 33 4138
2090 32 4118
2091 36 4193
2092 41 4180
2093 35 4128
2094 0 1
2095 0 1
2096 33 4134
2097 37 4179
2098 39 4151
2099 31 4131
1700 35 4107
1701 31 4116
1702 33 4195
1703 32 4106
1704 31 4169
1705 33 4178
1706 48 4158
1707 34 4150
1708 39 4069
1709 41 4189
1710 30 4180
1711 50 4126
1712 0 1
1713 70 4132
1714 0 1
1715 37 4106
1716 35 4195
1717 37 4136
1718 33 4102
1719 31 4162
1720 33 4140
1721 49 4124
1722 32 4187
1723 37 4196
1724 0 1
1725 0 1
1726 34 4166
1727 32 4172
1728 59 4179
1729 37 4140
1730 41 4168
1731 30 4160
1732 36 4157
1733 35 4128
1734 74 4106
1735 36 4192
1736 34 4187
1737 34 4204
1738 36 4157
1739 31 4163
1740 32 4131
1741 30 4121
1742 29 4120
1743 32 4107
1744 38 4155
1745 35 4200
1746 38 4201
1747 44 4124
1748 35 4197
1749 33 4133
1750 34 4170
1751 31 4160
1752 33 4207
1753 33 4138
1754 34 4113
1755 36 4133
1756 29 4169
1757 0 1
1758 33 4139
1759 43 4169
1760 36 4125
1761 32 4183
1762 33 4204
1763 32 4117
1764 30 4106
1765 32 4136
1766 33 4112
1767 33 4153
1768 38 4156
1769 31 4160
1770 46 4122
1771 45 4167
1772 31 4123
1773 32 4118
1774 30 4185
1775 40 4127
1776 35 4207
1777 38 4145
1778 35 4210
1779 32 4138
1780 32 4163
1781 29 4213
1782 36 4185
1783 32 4165
1784 0 1
1785 34 4222
1786 0 1
1787 38 4178
1788 34 4202
1789 36 4175
1790 55 4154
1791 36 4111
1792 36 4161
1793 37 4123
1794 33 4191
1795 0 1
1796 38 4154
1797 34 4172
1798 36 4175
1799 36 4114
1100 30 4162
1101 0 1
1102 0 1
1103 41 4151
1104 39 4129
1105 32 4144
1106 33 4155
1107 30 4199
1108 34 4149
1109 32 4132
1110 37 4116
1111 31 4208
1112 36 4121
1113 32 4150
1114 35 4182
1115 30 4178
1116 32 4186
1117 41 4153
1118 28 4110
1119 0 1
1120 35 4146
1121 34 4079
1122 29 4198
1123 39 4108
1124 29 4151
1125 30 4173
1126 33 4153
1127 0 1
1128 0 1
1129 41 2
1130 0 1
1131 36 4213
1132 27 4128
1133 30 4133
1134 38 4145
1135 32 4161
1136 32 4135
1137 58 4150
1138 32 4150
1139 0 1
1140 35 4140
1141 31 4121
1142 0 1
1143 42 4140
1144 31 4173
1145 0 1
1146 35 4197
1147 43 4101
1148 33 4131
1149 37 4208
1150 33 4115
1151 45 4119
1152 29 4097
1153 31 4185
1154 33 4163
1155 31 4218
1156 35 4157
1157 32 4193
1158 34 4156
1159 33 4140
1160 33 4156
1161 31 4152
1162 31 4176
1163 30 4172
1164 31 4167
1165 32 4179
1166 33 4224
1167 66 4155
1168 34 4175
1169 37 4142
1170 33 4202
1171 33 4156
1172 0 1
1173 31 4170
1174 31 4147
1175 35 4127
1176 33 4162
1177 33 4211
1178 34 4164
1179 37 4202
1180 35 4130
1181 30 4157
1182 37 4141
1183 32 4172
1184 29 4149
1185 39 4170
1186 33 4150
1187 44 4200
1188 31 4218
1189 34 4133
1190 30 4130
1191 34 4151
1192 47 4151
1193 36 4139
1194 35 4141
1195 0 1
1196 37 4161
1197 48 4205
1198 37 4151
1199 37 4095
3900 0 1
3901 0 1
3902 23 2
3903 35 4169
3904 53 4146
3905 34 4136
3906 57 4189
3907 38 4140
3908 31 4180
3909 31 4184
3910 36 4164
3911 64 4204
3912 45 4194
3913 31 4172
3914 34 4130
3915 68 4116
3916 57 4161
3917 0 1
3918 37 4153
3919 35 4145
3920 35 4124
3921 38 4134
3922 32 4139
3923 34 4168
3924 33 4185
3925 37 4149
3926 0 1
3927 35 4150
3928 40 4173
3929 38 4176
3930 34 4198
3931 93 4127
3932 27 4180
3933 0 1
3934 40 4142
3935 37 4212
3936 48 4173
3937 41 4166
3938 0 1
3939 34 4219
3940 35 4156
3941 35 4184
3942 32 4187
3943 36 4164
3944 66 4180
3945 85 4153
3946 53 4123
3947 38 4176
3948 28 4196
3949 0 1
3950 47 4162
3951 36 4150
3952 33 4192
3953 45 4138
3954 0 1
3955 0 1
3956 0 1
3957 73 4094
3958 0 1
3959 0 1
3960 32 4144
3961 48 4134
3962 43 4164
3963 43 4170
3964 0 1
3965 0 1
3966 0 1
3967 97 4166
3968 125 4229
3969 43 4163
3970 40 4209
3971 42 4141
3972 0 1
3973 0 1
3974 0 1
3975 0 1
3976 0 1
3977 0 1
3978 0 1
3979 65 4196
3980 46 4202
3981 33 4216
3982 0 1
3983 34 4143
3984 31 4140
3985 33 4192
3986 0 1
3987 44 4206
3988 62 4149
3989 42 4179
3990 0 1
3991 0 1
3992 0 1
3993 0 1
3994 39 4148
3995 50 4108
3996 0 1
3997 0 1
3998 0 1
3999 0 1
5000 11 2
5001 30 4185
5002 0 1
5003 46 4196
5004 32 4184
5005 35 4222
5006 0 1
5007 39 4137
5008 40 4150
5009 43 4126
5010 52 4130
5011 35 4167
5012 31 4151
5013 37 4124
5014 33 4190
5015 38 4203
5016 34 4162
5017 42 4177
5018 52 4177
5019 33 4138
5020 30 4163
5021 64 4225
5022 62 4161
5023 34 4193
5024 74 4195
5025 31 4112
5026 41 4207
5027 0 1
5028 32 4106
5029 37 4208
5030 34 4141
5031 42 4166
5032 67 4234
5033 35 4147
5034 72 4160
5035 62 4153
5036 70 4192
5037 34 4173
5038 35 4184
5039 39 4163
5040 0 1
5041 43 4145
5042 0 1
5043 39 4155
5044 33 4093
5045 52 4147
5046 34 4154
5047 68 4149
5048 38 4130
5049 52 4082
5050 52 4204
5051 35 4220
5052 50 4222
5053 37 4148
5054 35 4100
5055 37 4218
5056 37 4223
5057 0 1
5058 41 4152
5059 43 4137
5060 103 4195
5061 31 4177
5062 35 4132
5063 35 4192
5064 54 4165
5065 80 4117
5066 0 1
5067 0 1
5068 30 4185
5069 0 1
5070 0 1
5071 44 4172
5072 41 4144
5073 0 1
5074 0 1
5075 37 4165
5076 42 4194
5077 0 1
5078 22 2
5079 12 2
5080 0 1
5081 0 1
5082 37 4156
5083 47 4151
5084 0 1
5085 50 4141
5086 32 4162
5087 37 4217
5088 48 2
5089 77 2
5090 0 1
5091 63 4210
5092 0 1
5093 34 4163
5094 37 4117
5095 0 1
5096 38 4140
5097 0 1
5098 0 1
5099 36 4183
700 31 4139
701 35 4167
702 33 4112
703 33 4159
704 29 4127
705 33 4182
706 33 4164
707 32 4174
708 33 4176
709 34 4193
710 34 4201
711 36 4159
712 34 4183
713 36 4174
714 31 4164
715 30 4122
716 32 4235
717 31 4167
718 31 4151
719 34 4176
720 34 4179
721 31 4171
722 38 4183
723 35 4149
724 30 4135
725 51 4133
726 29 4157
727 26 4160
728 34 4104
729 39 4136
730 0 1
731 0 1
732 0 1
733 33 4149
734 27 4150
735 30 4166
736 30 4170
737 34 4165
738 31 4104
739 32 4141
740 30 4130
741 38 4123
742 28 4089
743 58 4144
744 62 4204
745 30 4209
746 27 4150
747 31 4172
748 34 4202
749 30 4175
750 33 4146
751 88 4154
752 30 4142
753 0 1
754 0 1
755 10 2
756 31 4166
757 33 4133
758 34 4202
759 34 4167
760 34 4145
761 32 4144
762 39 4147
763 31 4183
764 0 1
765 32 4134
766 46 4165
767 36 4157
768 39 4199
769 35 4161
770 29 4111
771 32 4157
772 31 4165
773 32 4161
774 34 4200
775 31 4142
776 34 4174
777 35 4121
778 28 4164
779 29 4186
780 34 4131
781 40 4140
782 34 4178
783 30 4159
784 31 4196
785 33 4158
786 31 4150
787 29 4172
788 29 4202
789 34 4176
790 29 4165
791 30 4167
792 32 4161
793 32 4155
794 30 4134
795 32 4161
796 32 4171
797 119 4155
798 35 4129
799 34 4121
1800 36 4168
1801 0 1
1802 30 4179
1803 32 4162
1804 43 4162
1805 0 1
1806 42 4181
1807 33 4080
1808 32 4142
1809 0 1
1810 33 4171
1811 36 4187
1812 31 4159
1813 37 4165
1814 31 4176
1815 32 4109
1816 32 4101
1817 34 4116
1818 35 4177
1819 32 4150
1820 0 1
1821 37 4153
1822 36 4164
1823 35 4187
1824 34 4227
1825 41 4241
1826 38 4121
1827 44 4230
1828 46 4118
1829 33 4188
1830 31 4162
1831 37 4141
1832 37 4159
1833 30 4090
1834 38 4218
1835 36 4188
1836 36 4130
1837 31 4196
1838 30 4184
1839 31 4201
1840 39 4159
1841 29 4153
1842 39 4156
1843 29 4153
1844 34 4173
1845 34 4153
1846 32 4176
1847 31 4204
1848 32 4203
1849 47 4158
1850 30 4216
1851 38 4148
1852 42 4172
1853 40 4106
1854 28 4149
1855 32 4123
1856 41 4162
1857 32 4156
1858 73 4139
1859 27 4126
1860 37 4175
1861 31 4156
1862 32 4179
1863 42 4146
1864 33 4118
1865 73 4213
1866 57 4191
1867 31 4131
1868 30 4160
1869 31 4190
1870 42 4172
1871 36 4171
1872 38 4151
1873 35 4129
1874 39 4164
1875 36 4151
1876 30 4158
1877 34 4146
1878 31 4132
1879 39 4174
1880 29 4120
1881 33 4124
1882 0 1
1883 0 1
1884 42 4178
1885 33 4156
1886 32 4174
1887 50 4211
1888 42 4155
1889 50 4132
1890 0 1
1891 33 4121
1892 27 4151
1893 31 4148
1894 31 4157
1895 37 4179
1896 35 4189
1897 27 4145
1898 31 4127
1899 36 4170
1600 35 4151
1601 31 4208
1602 32 4133
1603 35 4191
1604 31 4212
1605 33 4141
1606 37 4182
1607 48 4136
1608 34 4151
1609 97 4121
1610 40 4199
1611 36 4144
1612 32 4159
1613 0 1
1614 0 1
1615 34 4094
1616 37 4139
1617 32 4131
1618 31 4170
1619 31 4178
1620 35 4159
1621 30 4215
1622 45 4172
1623 34 4155
1624 48 4193
1625 38 4219
1626 31 4195
1627 32 4181
1628 32 4162
1629 30 4184
1630 29 4129
1631 30 4178
1632 32 4150
1633 36 4163
1634 37 4180
1635 28 4123
1636 30 4215
1637 37 4175
1638 35 4172
1639 32 4082
1640 35 4132
1641 34 4105
1642 28 4203
1643 30 4169
1644 35 4179
1645 32 4124
1646 34 4102
1647 33 4149
1648 40 4120
1649 29 4158
1650 34 4139
1651 30 4135
1652 34 4118
1653 34 4156
1654 36 4160
1655 31 4185
1656 36 4137
1657 31 4163
1658 36 4166
1659 33 4120
1660 34 4218
1661 30 4192
1662 31 4154
1663 47 4116
1664 35 4157
1665 0 1
1666 37 4152
1667 33 4127
1668 38 4176
1669 78 4167
1670 33 4172
1671 94 4117
1672 34 4181
1673 36 4142
1674 33 4169
1675 37 4161
1676 35 4179
1677 35 4178
1678 29 4133
1679 34 4111
1680 0 1
1681 30 4171
1682 37 4216
1683 30 4190
1684 33 4149
1685 44 4140
1686 37 4147
1687 36 4184
1688 36 4173
1689 33 4199
1690 34 4216
1691 32 4163
1692 34 4164
1693 33 4171
1694 30 4132
1695 35 4127
1696 37 4109
1697 40 4163
1698 35 4154
1699 0 1
3000 34 4141
3001 32 4150
3002 38 4124
3003 56 4153
3004 35 4151
3005 33 4156
3006 34 4159
3007 42 4205
3008 34 4177
3009 35 4122
3010 41 4199
3011 67 4170
3012 33 4169
3013 44 4202
3014 34 4143
3015 40 4171
3016 33 4154
3017 0 1
3018 40 4170
3019 0 1
3020 40 4201
3021 0 1
3022 0 1
3023 33 4164
3024 0 1
3025 86 4160
3026 37 4189
3027 33 4137
3028 38 4136
3029 32 4119
3030 37 4160
3031 28 4176
3032 33 4160
3033 0 1
3034 32 4207
3035 0 1
3036 31 4161
3037 31 4141
3038 38 4173
3039 10 2
3040 39 4112
3041 0 1
3042 0 1
3043 0 1
3044 40 2
3045 38 4148
3046 40 4161
3047 25 2
3048 35 4179
3049 27 4173
3050 35 4205
3051 37 4135
3052 33 4154
3053 37 4164
3054 36 4126
3055 45 4135
3056 33 4196
3057 45 4165
3058 54 4096
3059 0 1
3060 46 4190
3061 0 1
3062 37 4139
3063 38 4192
3064 35 4179
3065 36 4129
3066 37 4171
3067 37 4181
3068 41 4130
3069 34 4189
3070 34 4137
3071 38 4147
3072 41 4127
3073 18 2
3074 7 2
3075 34 4169
3076 31 4142
3077 36 4214
3078 35 4121
3079 0 1
3080 0 1
3081 30 4165
3082 57 4230
3083 44 4130
3084 31 4194
3085 32 4134
3086 33 4191
3087 34 4153
3088 33 4114
3089 34 4190
3090 38 4164
3091 0 1
3092 0 1
3093 0 1
3094 40 4138
3095 43 4104
3096 57 4177
3097 41 4204
3098 31 4101
3099 32 4196
5700 0 1
5701 51 4223
5702 0 1
5703 0 1
5704 0 1
5705 50 4146
5706 34 4181
5707 0 1
5708 0 1
5709 40 4114
5710 38 4139
5711 33 4158
5712 0 1
5713 32 4135
5714 0 1
5715 75 4182
5716 33 4148
5717 70 4149
5718 0 1
5719 0 1
5720 54 4096
5721 28 4058
5722 36 4099
5723 49 4106
5724 40 4107
5725 0 1
5726 0 1
5727 0 1
5728 16 2
5729 27 2
5730 0 1
5731 41 4168
5732 0 1
5733 0 1
5734 0 1
5735 44 4129
5736 108 4173
5737 30 4140
5738 62 4154
5739 59 4174
5740 56 4171
5741 84 4148
5742 52 4161
5743 82 4132
5744 36 4138
5745 38 4096
5746 0 1
5747 0 1
5748 35 4223
5749 0 1
5750 0 1
5751 0 1
5752 0 1
5753 0 1
5754 0 1
5755 0 1
5756 38 4076
5757 0 1
5758 0 1
5759 0 1
5760 75 4199
5761 52 4097
5762 0 1
5763 44 4155
5764 0 1
5765 89 4173
5766 8 2
5767 40 4212
5768 0 1
5769 0 1
5770 0 1
5771 0 1
5772 0 1
5773 0 1
5774 0 1
5775 0 1
5776 0 1
5777 31 4123
5778 36 4212
5779 33 4181
5780 0 1
5781 38 4159
5782 0 1
5783 63 4109
5784 30 4139
5785 0 1
5786 110 4177
5787 3 2
5788 0 1
5789 0 1
5790 37 4156
5791 0 1
5792 0 1
5793 40 4149
5794 64 4127
5795 0 1
5796 0 1
5797 0 1
5798 0 1
5799 0 1
3600 40 4136
3601 36 4150
3602 0 1
3603 42 4153
3604 0 1
3605 34 4143
3606 29 4197
3607 41 4136
3608 40 4147
3609 38 4203
3610 37 4161
3611 38 4159
3612 57 4156
3613 34 4102
3614 32 4194
3615 31 4133
3616 34 4148
3617 56 4156
3618 0 1
3619 34 4157
3620 41 4160
3621 37 4159
3622 60 4152
3623 33 4130
3624 30 4186
3625 0 1
3626 42 4112
3627 0 1
3628 48 4099
3629 32 4114
3630 39 4195
3631 39 4110
3632 34 4136
3633 73 4124
3634 33 4192
3635 0 1
3636 41 4145
3637 0 1
3638 46 4098
3639 33 4088
3640 68 4180
3641 45 4117
3642 42 4205
3643 30 4091
3644 32 4185
3645 0 1
3646 30 4158
3647 0 1
3648 33 4183
3649 0 1
3650 33 4171
3651 33 4155
3652 32 4162
3653 49 4132
3654 43 4165
3655 0 1
3656 55 4205
3657 89 4145
3658 38 4198
3659 33 4193
3660 42 4173
3661 0 1
3662 29 4121
3663 33 4156
3664 0 1
3665 32 4160
3666 42 4148
3667 33 4174
3668 33 4158
3669 54 4202
3670 35 4159
3671 32 4134
3672 31 4186
3673 0 1
3674 42 4134
3675 34 4188
3676 31 4193
3677 34 4169
3678 30 4096
3679 34 4155
3680 0 1
3681 0 1
3682 35 4218
3683 0 1
3684 35 4148
3685 55 4100
3686 0 1
3687 39 4152
3688 34 4184
3689 38 4195
3690 41 4184
3691 40 4107
3692 0 1
3693 31 4174
3694 0 1
3695 0 1
3696 0 1
3697 0 1
3698 48 4192
3699 35 4181
5100 44 4147
5101 0 1
5102 0 1
5103 0 1
5104 0 1
5105 34 4179
5106 0 1
5107 41 4179
5108 65 4179
5109 35 4217
5110 0 1
5111 54 4151
5112 45 4168
5113 37 4162
5114 8 2
5115 39 2
5116 0 1
5117 42 4185
5118 0 1
5119 32 4130
5120 0 1
5121 0 1
5122 0 1
5123 32 4188
5124 0 1
5125 69 4169
5126 42 4209
5127 37 4148
5128 35 4185
5129 0 1
5130 0 1
5131 0 1
5132 12 2
5133 0 1
5134 31 4160
5135 0 1
5136 40 4168
5137 0 1
5138 48 4200
5139 0 1
5140 0 1
5141 50 4190
5142 0 1
5143 0 1
5144 0 1
5145 33 4200
5146 32 4137
5147 0 1
5148 0 1
5149 51 4146
5150 0 1
5151 0 1
5152 40 4159
5153 0 1
5154 0 1
5155 2 2
5156 28 2
5157 0 1
5158 0 1
5159 41 4156
5160 37 4176
5161 0 1
5162 50 4165
5163 0 1
5164 38 4143
5165 42 4184
5166 0 1
5167 40 4192
5168 0 1
5169 36 4174
5170 0 1
5171 34 4184
5172 0 1
5173 0 1
5174 0 1
5175 40 4175
5176 0 1
5177 0 1
5178 0 1
5179 34 4167
5180 0 1
5181 0 1
5182 0 1
5183 47 4179
5184 34 4129
5185 53 4137
5186 0 1
5187 79 4192
5188 0 1
5189 37 4181
5190 30 4143
5191 0 1
5192 0 1
5193 0 1
5194 55 4193
5195 52 4194
5196 36 4190
5197 0 1
5198 0 1
5199 0 1
1000 32 4117
1001 35 4185
1002 34 4167
1003 35 4193
1004 33 4155
1005 65 4165
1006 41 4174
1007 49 4168
1008 30 4122
1009 40 4168
1010 38 4220
1011 38 4142
1012 0 1
1013 0 1
1014 56 4162
1015 33 4149
1016 31 4160
1017 37 4151
1018 32 4156
1019 34 4190
1020 31 4166
1021 37 4134
1022 32 4205
1023 32 4129
1024 34 4158
1025 29 4094
1026 31 4207
1027 33 4159
1028 38 4243
1029 33 4196
1030 33 4123
1031 34 4159
1032 30 4116
1033 35 4245
1034 35 4183
1035 40 4130
1036 31 4170
1037 45 4154
1038 30 4155
1039 47 4186
1040 35 4186
1041 32 4207
1042 32 4190
1043 51 4119
1044 34 4218
1045 34 4140
1046 32 4160
1047 37 4166
1048 30 4163
1049 31 4153
1050 35 4181
1051 35 4189
1052 34 4216
1053 0 1
1054 38 4214
1055 32 4198
1056 33 4146
1057 39 4151
1058 72 4213
1059 35 4164
1060 34 4141
1061 34 4146
1062 42 4175
1063 32 4167
1064 35 4202
1065 34 4181
1066 42 4139
1067 34 4112
1068 41 4175
1069 32 4129
1070 42 4163
1071 32 4182
1072 34 4150
1073 31 4180
1074 33 4175
1075 31 4186
1076 34 4166
1077 29 4099
1078 29 4133
1079 32 4150
1080 34 4076
1081 34 4124
1082 35 4179
1083 38 4100
1084 29 4150
1085 31 4163
1086 27 4181
1087 33 4121
1088 35 4173
1089 31 4145
1090 31 4182
1091 33 4131
1092 36 4200
1093 32 4182
1094 0 1
1095 0 1
1096 36 4157
1097 0 1
1098 0 1
1099 36 4166
5800 0 1
5801 0 1
5802 36 4187
5803 34 4127
5804 45 4160
5805 0 1
5806 41 4170
5807 0 1
5808 33 4143
5809 35 4141
5810 0 1
5811 0 1
5812 0 1
5813 0 1
5814 32 4165
5815 0 1
5816 0 1
5817 35 4149
5818 99 4170
5819 88 4169
5820 68 4170
5821 39 4198
5822 0 1
5823 38 4156
5824 0 1
5825 65 4106
5826 35 4169
5827 51 4156
5828 0 1
5829 0 1
5830 0 1
5831 0 1
5832 36 4169
5833 34 4163
5834 0 1
5835 0 1
5836 33 4132
5837 34 4117
5838 0 1
5839 42 4130
5840 39 4143
5841 0 1
5842 0 1
5843 0 1
5844 32 4164
5845 0 1
5846 0 1
5847 6 2
5848 50 4118
5849 34 4156
5850 0 1
5851 49 4157
5852 0 1
5853 0 1
5854 40 4153
5855 36 4088
5856 0 1
5857 39 4208
5858 0 1
5859 48 4142
5860 0 1
5861 38 4135
5862 0 1
5863 36 4125
5864 0 1
5865 0 1
5866 0 1
5867 97 4165
5868 44 4158
5869 0 1
5870 31 4149
5871 38 4205
5872 31 4195
5873 43 4137
5874 0 1
5875 56 4154
5876 0 1
5877 38 4138
5878 34 4181
5879 36 4144
5880 0 1
5881 41 4226
5882 37 4167
5883 34 4164
5884 0 1
5885 0 1
5886 37 4188
5887 37 4171
5888 0 1
5889 0 1
5890 59 4201
5891 0 1
5892 0 1
5893 32 4224
5894 0 1
5895 0 1
5896 0 1
5897 0 1
5898 38 4199
5899 38 4133
3700 117 4176
3701 0 1
3702 48 4143
3703 51 4166
3704 34 4117
3705 34 4150
3706 32 4128
3707 37 4156
3708 0 1
3709 0 1
3710 0 1
3711 0 1
3712 66 4168
3713 0 1
3714 37 4165
3715 36 4195
3716 31 4185
3717 38 4181
3718 0 1
3719 39 4114
3720 34 4175
3721 33 4159
3722 36 4165
3723 42 4168
3724 35 4104
3725 45 4143
3726 0 1
3727 69 4151
3728 39 4186
3729 32 4081
3730 42 4175
3731 34 4129
3732 31 4208
3733 0 1
3734 0 1
3735 0 1
3736 37 4102
3737 0 1
3738 45 4182
3739 45 4164
3740 0 1
3741 31 4154
3742 35 4149
3743 38 4185
3744 0 1
3745 0 1
3746 0 1
3747 31 4105
3748 31 4138
3749 47 4172
3750 0 1
3751 0 1
3752 38 4155
3753 30 4162
3754 42 4234
3755 0 1
3756 161 4180
3757 37 4137
3758 40 4176
3759 0 1
3760 37 4152
3761 36 4137
3762 43 4157
3763 81 4222
3764 58 4175
3765 38 4150
3766 41 4166
3767 46 4177
3768 0 1
3769 36 4153
3770 0 1
3771 32 4175
3772 0 1
3773 34 4161
3774 35 4152
3775 33 4166
3776 0 1
3777 36 4171
3778 41 4163
3779 0 1
3780 32 4165
3781 38 4132
3782 0 1
3783 40 4227
3784 0 1
3785 38 4153
3786 41 4153
3787 0 1
3788 43 4166
3789 59 4166
3790 31 4152
3791 35 4196
3792 40 4170
3793 46 4128
3794 36 4171
3795 34 4176
3796 33 4150
3797 35 4201
3798 38 4132
3799 0 1
3100 35 4178
3101 30 4155
3102 32 4106
3103 50 4151
3104 36 4166
3105 43 4158
3106 40 4123
3107 34 4161
3108 70 4191
3109 0 1
3110 0 1
3111 37 4159
3112 41 4211
3113 0 1
3114 32 4172
3115 36 4140
3116 34 4159
3117 31 4198
3118 39 4165
3119 61 4132
3120 34 4171
3121 34 4137
3122 62 4198
3123 37 4168
3124 36 4171
3125 37 4144
3126 33 4140
3127 39 4134
3128 34 4135
3129 31 4174
3130 0 1
3131 35 4172
3132 30 4156
3133 54 4191
3134 0 1
3135 29 4111
3136 30 4138
3137 29 4139
3138 0 1
3139 33 4144
3140 37 4171
3141 0 1
3142 0 1
3143 0 1
3144 75 4135
3145 0 1
3146 36 4187
3147 35 4198
3148 32 4146
3149 32 4195
3150 0 1
3151 37 4218
3152 42 4139
3153 35 4147
3154 64 4142
3155 0 1
3156 0 1
3157 36 4127
3158 0 1
3159 9 3
3160 22 3
3161 5 3
3162 47 4161
3163 0 1
3164 40 4183
3165 0 1
3166 0 1
3167 35 2
3168 34 4195
3169 35 4165
3170 33 4162
3171 32 4163
3172 39 4162
3173 33 4189
3174 46 4096
3175 42 4065
3176 42 4203
3177 39 4178
3178 29 4139
3179 0 1
3180 33 4174
3181 32 4153
3182 0 1
3183 0 1
3184 33 4169
3185 33 4153
3186 35 4175
3187 38 4179
3188 30 4137
3189 31 4177
3190 33 4140
3191 37 4185
3192 33 4178
3193 0 1
3194 49 4185
3195 0 1
3196 36 4127
3197 37 4144
3198 44 4210
3199 0 1
5600 0 1
5601 0 1
5602 38 4144
5603 35 4178
5604 45 4162
5605 0 1
5606 76 4159
5607 60 4183
5608 66 4110
5609 64 4201
5610 0 1
5611 62 4219
5612 46 4112
5613 95 4207
5614 31 4123
5615 45 4152
5616 33 4162
5617 40 4163
5618 0 1
5619 30 4184
5620 89 4158
5621 41 4174
5622 40 4147
5623 36 4160
5624 60 4133
5625 31 4104
5626 40 4114
5627 49 4171
5628 90 4147
5629 74 4166
5630 30 4142
5631 36 4177
5632 44 4138
5633 79 4137
5634 53 4113
5635 35 4153
5636 72 4172
5637 95 4166
5638 39 4134
5639 32 4162
5640 48 4232
5641 57 4184
5642 29 4142
5643 0 1
5644 79 4173
5645 42 4171
5646 35 4175
5647 35 4150
5648 0 1
5649 0 1
5650 0 1
5651 0 1
5652 0 1
5653 0 1
5654 61 4130
5655 0 1
5656 38 4111
5657 0 1
5658 44 4184
5659 41 4148
5660 64 4152
5661 32 4170
5662 31 4194
5663 41 4179
5664 0 1
5665 34 4195
5666 42 4163
5667 0 1
5668 37 4164
5669 0 1
5670 0 1
5671 0 1
5672 39 4203
5673 0 1
5674 103 4109
5675 0 1
5676 0 1
5677 0 1
5678 35 4145
5679 33 4142
5680 32 4127
5681 0 1
5682 0 1
5683 50 4123
5684 0 1
5685 79 4166
5686 0 1
5687 38 4130
5688 0 1
5689 74 4147
5690 40 4131
5691 48 4144
5692 31 4155
5693 44 4127
5694 0 1
5695 0 1
5696 47 4113
5697 30 4145
5698 0 1
5699 0 1
100 35 4168
101 32 4134
102 33 4092
103 31 4189
104 32 4149
105 31 4171
106 32 4144
107 34 4134
108 32 4145
109 32 4156
110 31 4161
111 30 4186
112 30 4132
113 34 4079
114 32 4134
115 36 4103
116 34 4190
117 35 4152
118 32 4127
119 32 4088
120 31 4145
121 45 4197
122 41 4225
123 32 4183
124 31 4207
125 32 4196
126 39 4168
127 35 4163
128 30 4205
129 41 4145
130 45 4114
131 47 4147
132 49 4155
133 35 4184
134 41 4087
135 43 4116
136 31 4125
137 41 4127
138 54 4174
139 30 4182
140 32 4187
141 29 4175
142 0 1
143 32 4149
144 32 4168
145 47 4148
146 35 4170
147 31 4193
148 0 1
149 79 4134
150 34 4136
151 0 1
152 34 4152
153 33 4177
154 58 4117
155 38 4130
156 30 4166
157 48 4144
158 39 4139
159 59 4109
160 37 4154
161 28 4188
162 30 4151
163 36 4121
164 35 4188
165 31 4136
166 32 4158
167 33 4185
168 34 4146
169 34 4164
170 35 4150
171 32 4138
172 30 4187
173 34 4148
174 29 4175
175 37 4154
176 32 4149
177 33 4179
178 0 1
179 44 4105
180 37 4197
181 32 4104
182 47 4186
183 85 4165
184 38 4127
185 31 4136
186 29 4129
187 31 4192
188 30 4222
189 36 4176
190 29 4173
191 31 4134
192 31 4151
193 31 4144
194 33 4165
195 35 4133
196 29 4152
197 32 4177
198 32 4157
199 31 4202
600 33 4177
601 33 4151
602 34 4214
603 31 4131
604 31 4113
605 32 4115
606 30 4171
607 50 4216
608 38 4154
609 28 4158
610 71 4185
611 33 4163
612 32 4195
613 32 4128
614 32 4171
615 42 4173
616 32 4189
617 31 4127
618 34 4130
619 33 4146
620 40 4178
621 32 4185
622 30 4184
623 32 4224
624 29 4121
625 32 4171
626 33 4131
627 42 4181
628 33 4174
629 36 4169
630 33 4142
631 30 4143
632 29 4184
633 29 4186
634 46 4222
635 37 4128
636 33 4149
637 34 4129
638 27 4173
639 37 4156
640 29 4134
641 30 4160
642 31 4124
643 33 4184
644 33 4154
645 34 4150
646 34 4162
647 29 4189
648 32 4168
649 30 4158
650 31 4112
651 34 4161
652 31 4120
653 31 4202
654 32 4171
655 32 4175
656 32 4142
657 29 4160
658 27 4087
659 63 4195
660 68 4155
661 20 2
662 4 2
663 0 1
664 0 1
665 35 4217
666 40 4149
667 31 4130
668 38 4127
669 35 4116
670 36 4159
671 27 4154
672 33 4220
673 31 4131
674 32 4161
675 32 4155
676 30 4187
677 34 4148
678 31 4192
679 28 4116
680 32 4182
681 38 4171
682 30 4173
683 0 1
684 0 1
685 34 4144
686 0 1
687 0 1
688 0 1
689 5 2
690 55 2
691 0 1
692 0 1
693 35 4224
694 31 4091
695 36 4170
696 35 4226
697 39 4140
698 39 4192
699 37 4180
3800 50 4190
3801 34 4156
3802 31 4153
3803 36 4100
3804 33 4138
3805 0 1
3806 35 4137
3807 49 4145
3808 34 4190
3809 0 1
3810 0 1
3811 42 4150
3812 0 1
3813 37 4212
3814 34 4190
3815 48 4122
3816 0 1
3817 0 1
3818 0 1
3819 42 4194
3820 54 4195
3821 42 4179
3822 0 1
3823 32 4132
3824 0 1
3825 37 4136
3826 36 4163
3827 5 2
3828 1 2
3829 0 1
3830 33 4140
3831 0 1
3832 32 4137
3833 0 1
3834 57 4131
3835 0 1
3836 37 4170
3837 37 4182
3838 37 4169
3839 0 1
3840 50 4132
3841 40 4142
3842 51 4143
3843 0 1
3844 0 1
3845 0 1
3846 0 1
3847 0 1
3848 50 4134
3849 31 4160
3850 64 4158
3851 52 4173
3852 40 4166
3853 0 1
3854 34 4155
3855 31 4164
3856 0 1
3857 0 1
3858 0 1
3859 0 1
3860 0 1
3861 0 1
3862 37 4202
3863 57 4188
3864 35 4147
3865 41 4203
3866 54 4157
3867 0 1
3868 62 4238
3869 0 1
3870 54 4157
3871 32 4138
3872 0 1
3873 0 1
3874 0 1
3875 36 4180
3876 0 1
3877 0 1
3878 0 1
3879 33 4161
3880 0 1
3881 0 1
3882 43 4177
3883 32 4148
3884 38 4152
3885 34 4171
3886 48 4164
3887 34 4186
3888 0 1
3889 35 4122
3890 38 4118
3891 29 4099
3892 0 1
3893 31 4135
3894 36 4111
3895 35 4160
3896 37 4217
3897 44 4170
3898 0 1
3899 0 1
4700 42 4169
4701 0 1
4702 36 4146
4703 57 4132
4704 0 1
4705 0 1
4706 0 1
4707 0 1
4708 0 1
4709 0 1
4710 126 4216
4711 40 4100
4712 34 4182
4713 39 4146
4714 33 4151
4715 39 4158
4716 33 4186
4717 35 4178
4718 0 1
4719 37 4161
4720 37 4239
4721 0 1
4722 34 4181
4723 41 4211
4724 0 1
4725 31 4119
4726 33 4135
4727 34 4187
4728 51 4142
4729 0 1
4730 0 1
4731 0 1
4732 0 1
4733 144 4155
4734 0 1
4735 33 4189
4736 38 4201
4737 46 4221
4738 44 4107
4739 55 4190
4740 31 4186
4741 94 4145
4742 32 4138
4743 36 4185
4744 56 4156
4745 30 4187
4746 30 4193
4747 45 4116
4748 45 4133
4749 0 1
4750 34 4177
4751 53 4186
4752 31 4141
4753 53 4164
4754 53 4177
4755 0 1
4756 0 1
4757 39 4165
4758 0 1
4759 0 1
4760 0 1
4761 0 1
4762 43 4137
4763 64 4133
4764 41 4101
4765 58 4120
4766 38 4172
4767 37 4159
4768 0 1
4769 38 4172
4770 42 4186
4771 29 4138
4772 32 4204
4773 43 4161
4774 34 4138
4775 37 4180
4776 0 1
4777 0 1
4778 39 4148
4779 37 4207
4780 38 4093
4781 38 4089
4782 55 4154
4783 56 4168
4784 41 4188
4785 0 1
4786 50 4112
4787 0 1
4788 0 1
4789 0 1
4790 0 1
4791 3 2
4792 18 2
4793 0 1
4794 36 4192
4795 45 4147
4796 0 1
4797 0 1
4798 34 4147
4799 36 4155
2600 36 4158
2601 37 4107
2602 36 4189
2603 34 4163
2604 38 4193
2605 39 4179
2606 41 4144
2607 40 4114
2608 35 4137
2609 32 4122
2610 35 4137
2611 48 4160
2612 34 4210
2613 33 4147
2614 33 4192
2615 29 4203
2616 0 1
2617 38 4165
2618 35 4227
2619 0 1
2620 33 4141
2621 36 4106
2622 0 1
2623 39 4207
2624 31 4197
2625 34 4150
2626 0 1
2627 0 1
2628 30 4156
2629 0 1
2630 40 4178
2631 83 4177
2632 0 1
2633 37 4143
2634 33 4160
2635 40 4146
2636 37 4184
2637 38 4205
2638 0 1
2639 0 1
2640 0 1
2641 50 4169
2642 0 1
2643 0 1
2644 63 4123
2645 32 4206
2646 34 4161
2647 56 4188
2648 0 1
2649 0 1
2650 0 1
2651 31 4145
2652 47 4114
2653 0 1
2654 58 4109
2655 30 4141
2656 32 4216
2657 0 1
2658 31 4116
2659 34 4151
2660 0 1
2661 38 4172
2662 50 4173
2663 35 4174
2664 51 4150
2665 36 4177
2666 34 4078
2667 58 4188
2668 0 1
2669 51 4145
2670 34 4201
2671 33 4127
2672 40 4110
2673 47 4137
2674 67 4167
2675 58 4191
2676 36 4173
2677 40 4178
2678 30 4121
2679 37 4142
2680 32 4166
2681 35 4196
2682 0 1
2683 40 4148
2684 30 4102
2685 35 4184
2686 32 4127
2687 36 4122
2688 34 4146
2689 36 4124
2690 45 4147
2691 49 4132
2692 0 1
2693 32 4155
2694 49 4197
2695 34 4206
2696 30 4121
2697 36 4197
2698 36 4177
2699 34 4173
4100 30 4130
4101 35 4148
4102 37 4158
4103 0 1
4104 38 4141
4105 37 4196
4106 31 4144
4107 46 4128
4108 0 1
4109 62 4142
4110 31 4165
4111 38 4137
4112 36 4158
4113 45 4177
4114 35 4169
4115 35 4160
4116 31 4165
4117 0 1
4118 34 4196
4119 38 4166
4120 32 4143
4121 56 4153
4122 51 4143
4123 40 4166
4124 36 4169
4125 40 4214
4126 0 1
4127 0 1
4128 34 4179
4129 39 4213
4130 30 4144
4131 38 4121
4132 59 4142
4133 34 4193
4134 40 4171
4135 0 1
4136 0 1
4137 4 2
4138 34 4140
4139 43 4163
4140 67 4163
4141 34 4229
4142 79 4183
4143 0 1
4144 33 4140
4145 37 4119
4146 36 4183
4147 39 4174
4148 45 4161
4149 32 4153
4150 44 4194
4151 48 4144
4152 70 4179
4153 0 1
4154 35 4167
4155 40 4150
4156 32 4160
4157 59 4120
4158 32 4147
4159 48 4171
4160 0 1
4161 0 1
4162 34 4138
4163 75 4198
4164 42 4126
4165 36 4185
4166 28 4203
4167 36 4131
4168 48 4083
4169 36 4182
4170 65 4109
4171 85 4143
4172 99 4064
4173 0 1
4174 35 4155
4175 45 4172
4176 12 2
4177 33 4184
4178 32 4131
4179 0 1
4180 60 4163
4181 46 4163
4182 37 4172
4183 35 4155
4184 41 4178
4185 33 4176
4186 0 1
4187 0 1
4188 31 4181
4189 0 1
4190 32 4201
4191 0 1
4192 66 4160
4193 54 4143
4194 143 4172
4195 44 4195
4196 0 1
4197 32 4116
4198 0 1
4199 34 4162
800 34 4143
801 30 4112
802 36 4098
803 30 4145
804 32 4129
805 33 4174
806 30 4128
807 30 4106
808 35 4113
809 29 4194
810 34 4116
811 36 4139
812 36 4157
813 44 4143
814 34 4101
815 0 1
816 0 1
817 0 1
818 40 4133
819 32 4204
820 40 4178
821 31 4133
822 0 1
823 32 4158
824 33 4185
825 33 4116
826 30 4185
827 0 1
828 32 4134
829 30 4179
830 32 4221
831 0 1
832 32 4182
833 33 4105
834 39 4144
835 35 4171
836 31 4119
837 91 4152
838 0 1
839 34 4171
840 32 4177
841 51 4151
842 36 4190
843 30 4159
844 36 4163
845 32 4146
846 0 1
847 31 4207
848 33 4159
849 31 4164
850 39 4194
851 36 4184
852 35 4184
853 37 4159
854 31 4177
855 31 4150
856 30 4147
857 30 4142
858 32 4135
859 33 4138
860 32 4144
861 31 4129
862 30 4137
863 33 4137
864 33 4155
865 41 4155
866 0 1
867 48 4202
868 34 4170
869 33 4146
870 59 4138
871 42 4127
872 29 4159
873 0 1
874 0 1
875 38 4135
876 26 4161
877 32 4189
878 38 4164
879 32 4211
880 41 4169
881 35 4198
882 30 4115
883 0 1
884 33 4170
885 30 4195
886 32 4170
887 32 4188
888 41 4206
889 34 4204
890 37 4121
891 34 4174
892 31 4245
893 31 4174
894 33 4165
895 35 4136
896 30 4194
897 33 4141
898 40 4164
899 34 4115
4800 37 4146
4801 65 4164
4802 35 4159
4803 34 4153
4804 46 4185
4805 0 1
4806 0 1
4807 49 4178
4808 51 4145
4809 33 4143
4810 39 4164
4811 30 4150
4812 0 1
4813 36 4159
4814 0 1
4815 117 4161
4816 1 2
4817 0 1
4818 31 4164
4819 0 1
4820 0 1
4821 0 1
4822 36 4108
4823 0 1
4824 0 1
4825 0 1
4826 34 4166
4827 0 1
4828 0 1
4829 41 4184
4830 0 1
4831 52 4157
4832 0 1
4833 0 1
4834 41 4135
4835 0 1
4836 0 1
4837 37 4131
4838 45 4170
4839 0 1
4840 33 4182
4841 31 4160
4842 0 1
4843 46 4200
4844 43 4171
4845 33 4171
4846 0 1
4847 48 4162
4848 37 4121
4849 40 4184
4850 34 4157
4851 0 1
4852 38 4182
4853 60 4183
4854 2 2
4855 0 1
4856 0 1
4857 0 1
4858 0 1
4859 56 4142
4860 42 4136
4861 32 4141
4862 35 4111
4863 38 4181
4864 77 4183
4865 0 1
4866 0 1
4867 33 4154
4868 57 4145
4869 32 4117
4870 37 4213
4871 69 4180
4872 0 1
4873 0 1
4874 39 4099
4875 32 4194
4876 70 4141
4877 46 4180
4878 34 4160
4879 31 4206
4880 36 4130
4881 39 4125
4882 31 4175
4883 41 4218
4884 30 4161
4885 41 4166
4886 55 4137
4887 36 4106
4888 49 4158
4889 41 4190
4890 55 4137
4891 50 4198
4892 40 4148
4893 31 4222
4894 35 4168
4895 39 4145
4896 37 4180
4897 79 4169
4898 41 4162
4899 31 4160
2700 39 4136
2701 43 4158
2702 31 4192
2703 29 4186
2704 35 4174
2705 35 4103
2706 33 4207
2707 33 4191
2708 37 4174
2709 68 4172
2710 39 4155
2711 0 1
2712 33 4144
2713 58 4134
2714 31 4192
2715 36 4196
2716 0 1
2717 44 4225
2718 35 4145
2719 33 4128
2720 32 4198
2721 48 4152
2722 36 4143
2723 28 4189
2724 32 4176
2725 31 4181
2726 35 4137
2727 32 4166
2728 36 4171
2729 33 4182
2730 44 4169
2731 35 4146
2732 36 4153
2733 71 4136
2734 0 1
2735 0 1
2736 0 1
2737 48 4193
2738 32 4170
2739 38 4161
2740 35 4144
2741 44 4134
2742 33 4098
2743 37 4137
2744 34 4132
2745 35 4123
2746 32 4172
2747 29 4117
2748 30 4149
2749 33 4148
2750 33 4180
2751 42 4151
2752 69 4196
2753 30 4146
2754 0 1
2755 38 4159
2756 31 4138
2757 31 4213
2758 29 4198
2759 42 4225
2760 37 4147
2761 32 4169
2762 0 1
2763 43 4128
2764 33 4188
2765 0 1
2766 0 1
2767 38 4178
2768 29 4148
2769 42 4173
2770 33 4140
2771 34 4166
2772 0 1
2773 31 4216
2774 44 4141
2775 35 4183
2776 30 4224
2777 0 1
2778 82 4155
2779 31 4162
2780 32 4140
2781 32 4179
2782 33 4142
2783 32 4164
2784 32 4127
2785 33 4162
2786 34 4183
2787 35 4136
2788 31 4215
2789 28 4189
2790 33 4128
2791 29 4176
2792 29 4164
2793 77 4178
2794 30 4159
2795 30 4128
2796 32 4191
2797 40 4198
2798 33 4155
2799 0 1
2100 33 4152
2101 47 4161
2102 28 4159
2103 50 4112
2104 36 4196
2105 37 4212
2106 41 4141
2107 31 4190
2108 39 4151
2109 36 4142
2110 33 4173
2111 35 4161
2112 35 4173
2113 33 4152
2114 0 1
2115 0 1
2116 0 1
2117 46 4145
2118 0 1
2119 96 4138
2120 0 1
2121 67 4102
2122 39 4186
2123 33 4180
2124 29 4168
2125 32 4105
2126 39 4122
2127 47 4182
2128 35 4143
2129 41 4155
2130 36 4140
2131 29 4125
2132 50 4173
2133 29 4149
2134 31 4121
2135 31 4213
2136 32 4244
2137 42 4160
2138 52 4162
2139 36 4206
2140 35 4187
2141 34 4181
2142 35 4116
2143 39 4150
2144 39 4185
2145 65 4192
2146 28 4089
2147 43 4163
2148 36 4165
2149 33 4147
2150 35 4198
2151 35 4183
2152 51 4243
2153 39 4191
2154 49 4125
2155 0 1
2156 37 4133
2157 33 4134
2158 0 1
2159 33 4172
2160 76 4145
2161 36 4096
2162 0 1
2163 30 4176
2164 32 4136
2165 36 4155
2166 0 1
2167 46 4128
2168 37 4129
2169 36 4159
2170 34 4146
2171 31 4159
2172 30 4185
2173 0 1
2174 49 4178
2175 0 1
2176 54 4117
2177 0 1
2178 0 1
2179 31 4203
2180 39 4155
2181 41 4192
2182 49 4147
2183 38 4190
2184 39 4167
2185 44 4107
2186 0 1
2187 30 4098
2188 34 4187
2189 34 4176
2190 0 1
2191 34 4123
2192 40 4139
2193 41 4200
2194 33 4139
2195 38 4174
2196 34 4206
2197 36 4189
2198 31 4151
2199 36 4190
4600 37 4115
4601 31 4089
4602 40 4173
4603 36 4175
4604 35 4176
4605 35 4107
4606 0 1
4607 44 4131
4608 32 4147
4609 35 4107
4610 35 4160
4611 0 1
4612 0 1
4613 59 4152
4614 35 4194
4615 0 1
4616 33 4202
4617 68 4170
4618 32 4141
4619 74 4182
4620 105 4204
4621 42 4135
4622 0 1
4623 0 1
4624 35 4106
4625 25 2
4626 45 4153
4627 42 4139
4628 32 4132
4629 0 1
4630 0 1
4631 33 4200
4632 28 4168
4633 0 1
4634 34 4174
4635 0 1
4636 54 4142
4637 0 1
4638 39 4167
4639 33 4190
4640 44 4107
4641 31 4172
4642 33 4171
4643 35 4090
4644 48 4145
4645 0 1
4646 33 4180
4647 38 4181
4648 33 4185
4649 32 4179
4650 45 4169
4651 46 4195
4652 44 4171
4653 35 4109
4654 51 4182
4655 35 4123
4656 92 4106
4657 0 1
4658 35 4153
4659 40 4154
4660 0 1
4661 36 4149
4662 39 4160
4663 36 4196
4664 43 4139
4665 122 4114
4666 0 1
4667 0 1
4668 34 4134
4669 45 4184
4670 37 4175
4671 37 4206
4672 37 4205
4673 33 4127
4674 42 4169
4675 0 1
4676 0 1
4677 38 4192
4678 37 4199
4679 65 4176
4680 47 4186
4681 28 4114
4682 28 2
4683 1 2
4684 42 4160
4685 34 4145
4686 0 1
4687 30 4203
4688 38 4131
4689 35 4217
4690 31 4146
4691 34 4188
4692 0 1
4693 28 4125
4694 34 4170
4695 36 4160
4696 34 4211
4697 0 1
4698 35 4127
4699 56 4160
6000 51 4152
6001 79 4084
6002 33 4157
6003 66 4218
6004 0 1
6005 33 4156
6006 0 1
6007 55 4118
6008 0 1
6009 37 4171
6010 40 4163
6011 0 1
6012 12 2
6013 0 1
6014 30 4184
6015 0 1
6016 0 1
6017 0 1
6018 39 4146
6019 0 1
6020 45 4152
6021 39 4142
6022 0 1
6023 0 1
6024 0 1
6025 32 4155
6026 0 1
6027 0 1
6028 0 1
6029 0 1
6030 0 1
6031 0 1
6032 0 1
6033 0 1
6034 0 1
6035 81 4166
6036 38 4193
6037 61 4178
6038 0 1
6039 47 4207
6040 38 4214
6041 0 1
6042 34 4182
6043 0 1
6044 0 1
6045 39 4176
6046 0 1
6047 60 4123
6048 0 1
6049 0 1
6050 0 1
6051 0 1
6052 0 1
6053 0 1
6054 0 1
6055 0 1
6056 54 4163
6057 78 4141
6058 0 1
6059 0 1
6060 0 1
6061 0 1
6062 43 4179
6063 36 4123
6064 37 4192
6065 0 1
6066 0 1
6067 39 4208
6068 41 4136
6069 76 4175
6070 0 1
6071 0 1
6072 38 4173
6073 38 4149
6074 45 4173
6075 47 4142
6076 0 1
6077 37 4145
6078 36 4121
6079 0 1
6080 13 2
6081 3 2
6082 0 1
6083 0 1
6084 0 1
6085 52 4197
6086 0 1
6087 0 1
6088 0 1
6089 0 1
6090 0 1
6091 0 1
6092 50 4091
6093 0 1
6094 0 1
6095 34 4141
6096 0 1
6097 0 1
6098 54 4112
6099 34 4193
2800 6 2
2801 73 2
2802 33 4207
2803 40 4149
2804 37 4146
2805 39 4172
2806 30 4152
2807 33 4216
2808 0 1
2809 0 1
2810 0 1
2811 0 1
2812 44 4137
2813 0 1
2814 0 1
2815 0 1
2816 0 1
2817 0 1
2818 30 4140
2819 35 4191
2820 45 4151
2821 33 4102
2822 30 4140
2823 29 4196
2824 0 1
2825 0 1
2826 36 4139
2827 38 4180
2828 42 4152
2829 40 4108
2830 34 4186
2831 36 4094
2832 0 1
2833 41 4232
2834 32 4141
2835 29 4164
2836 57 4148
2837 39 4166
2838 34 4169
2839 34 4198
2840 36 4152
2841 65 4175
2842 36 4172
2843 34 4212
2844 35 4170
2845 53 4150
2846 33 4163
2847 38 4194
2848 34 4140
2849 35 4143
2850 32 4098
2851 35 4198
2852 36 4220
2853 35 4177
2854 34 4164
2855 45 4098
2856 0 1
2857 35 4214
2858 29 4181
2859 40 4201
2860 35 4126
2861 90 4114
2862 38 4188
2863 49 4177
2864 30 4204
2865 31 4151
2866 38 4135
2867 36 4185
2868 0 1
2869 48 4149
2870 69 4138
2871 38 4128
2872 0 1
2873 43 4071
2874 63 4163
2875 31 4160
2876 38 4117
2877 36 4162
2878 31 4165
2879 31 4177
2880 37 4129
2881 30 4125
2882 32 4154
2883 31 4148
2884 36 4211
2885 32 4174
2886 33 4204
2887 38 4183
2888 123 4202
2889 32 4201
2890 32 4188
2891 32 4184
2892 0 1
2893 34 4133
2894 43 4158
2895 0 1
2896 43 4133
2897 36 4189
2898 31 4158
2899 43 4179
5400 0 1
5401 0 1
5402 34 4168
5403 38 4173
5404 0 1
5405 0 1
5406 45 4175
5407 48 4181
5408 0 1
5409 0 1
5410 37 4168
5411 32 4215
5412 0 1
5413 0 1
5414 54 4120
5415 0 1
5416 73 4190
5417 0 1
5418 0 1
5419 36 4151
5420 35 4142
5421 37 4182
5422 0 1
5423 0 1
5424 54 4157
5425 42 4136
5426 59 4180
5427 34 4153
5428 0 1
5429 54 4185
5430 44 4172
5431 22 2
5432 0 1
5433 35 4165
5434 30 4147
5435 57 4181
5436 31 4132
5437 42 4190
5438 0 1
5439 0 1
5440 33 4140
5441 45 4112
5442 35 4175
5443 35 4209
5444 75 4195
5445 39 4212
5446 31 4173
5447 0 1
5448 0 1
5449 0 1
5450 40 4203
5451 31 4189
5452 53 4172
5453 0 1
5454 40 4153
5455 60 4172
5456 0 1
5457 0 1
5458 39 4183
5459 32 4108
5460 36 4192
5461 43 4212
5462 0 1
5463 0 1
5464 0 1
5465 7 2
5466 4 2
5467 32 4161
5468 0 1
5469 51 4169
5470 0 1
5471 42 4157
5472 0 1
5473 0 1
5474 33 4178
5475 34 4161
5476 62 4177
5477 0 1
5478 36 4177
5479 41 4160
5480 0 1
5481 0 1
5482 0 1
5483 33 4139
5484 0 1
5485 33 4184
5486 39 4121
5487 28 4165
5488 36 4169
5489 33 4144
5490 43 4164
5491 49 4154
5492 66 4160
5493 33 4146
5494 40 4179
5495 31 4171
5496 38 4179
5497 50 4176
5498 0 1
5499 0 1
4300 37 4135
4301 38 4147
4302 41 4113
4303 0 1
4304 32 4159
4305 45 4133
4306 48 4138
4307 79 4133
4308 0 1
4309 0 1
4310 0 1
4311 67 4107
4312 0 1
4313 34 4189
4314 36 4092
4315 134 4153
4316 0 1
4317 33 4184
4318 46 4124
4319 0 1
4320 40 4171
4321 32 4130
4322 0 1
4323 0 1
4324 0 1
4325 36 4151
4326 32 4186
4327 37 4127
4328 35 4184
4329 0 1
4330 0 1
4331 44 4154
4332 37 4147
4333 38 4135
4334 34 4206
4335 121 4134
4336 0 1
4337 0 1
4338 0 1
4339 0 1
4340 0 1
4341 38 4161
4342 31 4152
4343 40 4195
4344 34 4151
4345 38 4212
4346 44 4201
4347 62 4156
4348 43 4186
4349 40 4110
4350 53 4188
4351 44 4159
4352 37 4164
4353 0 1
4354 54 4122
4355 0 1
4356 42 4188
4357 0 1
4358 36 4152
4359 33 4146
4360 0 1
4361 0 1
4362 29 4184
4363 30 4150
4364 38 4141
4365 36 4173
4366 0 1
4367 37 4170
4368 55 4102
4369 0 1
4370 0 1
4371 38 4164
4372 32 4173
4373 0 1
4374 0 1
4375 0 1
4376 121 4176
4377 51 4188
4378 36 4137
4379 0 1
4380 0 1
4381 39 4196
4382 44 4159
4383 35 4135
4384 57 4163
4385 37 4179
4386 0 1
4387 39 4110
4388 33 4179
4389 32 4106
4390 61 4219
4391 38 4213
4392 0 1
4393 33 4110
4394 36 4078
4395 48 4149
4396 45 4149
4397 40 4181
4398 5 2
4399 40 4083
1500 53 4150
1501 34 4117
1502 42 4138
1503 38 4182
1504 41 4119
1505 34 4169
1506 43 4174
1507 57 4178
1508 0 1
1509 37 4169
1510 35 4079
1511 27 4166
1512 34 4140
1513 32 4120
1514 37 4191
1515 30 4222
1516 31 4197
1517 31 4159
1518 34 4189
1519 32 4128
1520 30 4170
1521 30 4148
1522 33 4155
1523 33 4196
1524 39 4153
1525 33 4144
1526 33 4183
1527 34 4148
1528 31 4187
1529 35 4175
1530 33 4097
1531 42 4191
1532 37 4126
1533 37 4154
1534 32 4177
1535 28 4162
1536 41 4179
1537 32 4193
1538 46 4164
1539 34 4222
1540 33 4164
1541 36 4174
1542 32 4148
1543 31 4142
1544 34 4210
1545 28 4167
1546 29 4176
1547 36 4180
1548 30 4175
1549 38 4176
1550 32 4094
1551 31 4146
1552 44 4188
1553 30 4168
1554 30 4178
1555 42 4118
1556 35 4092
1557 33 4157
1558 35 4186
1559 30 4206
1560 32 4126
1561 36 4166
1562 31 4139
1563 30 4142
1564 33 4125
1565 32 4181
1566 35 4201
1567 30 4182
1568 34 4142
1569 37 4143
1570 32 4171
1571 0 1
1572 40 4218
1573 33 4120
1574 30 4132
1575 38 4166
1576 0 1
1577 34 4154
1578 39 4125
1579 32 4140
1580 35 4153
1581 30 4165
1582 33 4122
1583 38 4175
1584 33 4146
1585 33 4146
1586 34 4123
1587 30 4166
1588 30 4180
1589 32 4154
1590 35 4123
1591 33 4144
1592 57 4127
1593 33 4145
1594 39 4156
1595 35 4119
1596 32 4173
1597 30 4167
1598 45 4154
1599 42 4133
3400 34 4183
3401 38 4151
3402 33 4207
3403 30 4195
3404 43 4172
3405 33 4169
3406 38 4123
3407 32 4150
3408 30 4163
3409 42 4156
3410 57 4178
3411 37 4167
3412 45 4202
3413 33 4134
3414 38 4131
3415 34 4178
3416 32 4172
3417 64 4169
3418 30 4211
3419 34 4198
3420 36 4122
3421 38 4206
3422 41 4151
3423 40 4198
3424 33 4181
3425 36 4197
3426 30 4161
3427 35 4159
3428 30 4153
3429 39 4168
3430 52 4152
3431 35 4166
3432 33 4146
3433 42 4102
3434 54 4151
3435 36 4172
3436 69 4178
3437 34 4207
3438 0 1
3439 29 4144
3440 34 4165
3441 33 4146
3442 40 4133
3443 32 4185
3444 37 4165
3445 38 4194
3446 34 4110
3447 57 4148
3448 31 4160
3449 40 4224
3450 58 4138
3451 0 1
3452 36 4162
3453 50 4193
3454 33 4147
3455 35 4167
3456 0 1
3457 0 1
3458 0 1
3459 0 1
3460 45 4147
3461 41 4194
3462 56 4178
3463 40 4169
3464 35 4200
3465 42 4165
3466 36 4131
3467 43 4200
3468 32 4160
3469 40 4155
3470 48 4120
3471 0 1
3472 79 4162
3473 33 4196
3474 38 4177
3475 33 4181
3476 31 4113
3477 34 4146
3478 51 4139
3479 30 4157
3480 40 4125
3481 29 4149
3482 31 4151
3483 29 4147
3484 31 4099
3485 53 4187
3486 32 4181
3487 37 4165
3488 50 4215
3489 42 4161
3490 31 4123
3491 0 1
3492 0 1
3493 0 1
3494 32 4164
3495 0 1
3496 39 4229
3497 121 4149
3498 0 1
3499 34 4160
2300 0 1
2301 39 4194
2302 37 4199
2303 34 4192
2304 0 1
2305 39 4162
2306 34 4158
2307 35 4098
2308 34 4125
2309 0 1
2310 0 1
2311 35 4197
2312 32 4122
2313 36 4173
2314 37 4193
2315 35 4192
2316 34 4139
2317 31 4211
2318 33 4162
2319 35 4191
2320 41 4168
2321 55 4133
2322 31 4156
2323 32 4148
2324 33 4215
2325 31 4153
2326 0 1
2327 39 4176
2328 35 4208
2329 40 4160
2330 37 4164
2331 36 4146
2332 31 4172
2333 35 4164
2334 0 1
2335 106 4145
2336 27 2
2337 56 4138
2338 47 4165
2339 34 4178
2340 0 1
2341 33 4183
2342 32 4155
2343 40 4169
2344 45 4185
2345 36 4179
2346 35 4158
2347 34 4152
2348 31 4173
2349 28 4090
2350 61 4167
2351 30 4193
2352 54 4090
2353 33 4186
2354 30 4172
2355 31 4142
2356 32 4144
2357 0 1
2358 0 1
2359 55 4144
2360 35 4151
2361 38 4184
2362 34 4209
2363 0 1
2364 0 1
2365 39 4146
2366 44 4138
2367 47 4237
2368 0 1
2369 31 4168
2370 52 4077
2371 38 4160
2372 30 4187
2373 0 1
2374 0 1
2375 33 4171
2376 32 4137
2377 33 4150
2378 0 1
2379 0 1
2380 43 4181
2381 41 4122
2382 39 4143
2383 42 4179
2384 10 2
2385 19 2
2386 83 4149
2387 34 4122
2388 43 4122
2389 37 4182
2390 0 1
2391 49 4088
2392 45 4139
2393 35 4113
2394 43 4178
2395 30 4188
2396 31 4093
2397 34 4118
2398 33 4139
2399 70 4162
1200 33 4154
1201 35 4128
1202 35 4217
1203 33 4214
1204 37 4146
1205 33 4152
1206 47 4158
1207 36 4121
1208 51 4117
1209 33 4120
1210 31 4092
1211 34 4120
1212 38 4200
1213 36 4163
1214 33 4168
1215 33 4207
1216 34 4133
1217 27 4121
1218 32 4172
1219 35 4177
1220 37 4220
1221 32 4108
1222 29 4213
1223 0 1
1224 0 1
1225 32 4179
1226 34 4167
1227 43 4144
1228 29 4186
1229 30 4143
1230 32 4141
1231 37 4162
1232 32 4157
1233 32 4204
1234 0 1
1235 33 4139
1236 32 4225
1237 32 4197
1238 35 4199
1239 43 4158
1240 31 4158
1241 34 4141
1242 34 4186
1243 39 4148
1244 39 4105
1245 30 4179
1246 28 4125
1247 34 4162
1248 30 4135
1249 41 4178
1250 39 4180
1251 42 4111
1252 46 4178
1253 33 4178
1254 37 4203
1255 41 4152
1256 40 4109
1257 39 4153
1258 59 4187
1259 49 4150
1260 33 4164
1261 42 4186
1262 38 4113
1263 34 4184
1264 36 4193
1265 43 4204
1266 45 4110
1267 32 4135
1268 39 4167
1269 31 4149
1270 30 4140
1271 44 4140
1272 44 4187
1273 102 4171
1274 74 4206
1275 32 4178
1276 30 4145
1277 35 4221
1278 41 4154
1279 36 4160
1280 35 4225
1281 44 4194
1282 48 4172
1283 33 4149
1284 37 4185
1285 31 4142
1286 35 4150
1287 35 4163
1288 30 4084
1289 34 4158
1290 32 4153
1291 39 4146
1292 40 4157
1293 0 1
1294 0 1
1295 39 4131
1296 64 4168
1297 35 4183
1298 0 1
1299 0 1
4400 37 4136
4401 0 1
4402 0 1
4403 48 4187
4404 33 4156
4405 32 4187
4406 37 4113
4407 41 4111
4408 42 4108
4409 29 4130
4410 0 1
4411 31 4147
4412 33 4147
4413 36 4147
4414 52 4162
4415 0 1
4416 0 1
4417 0 1
4418 41 4092
4419 31 4154
4420 33 4109
4421 0 1
4422 43 4174
4423 38 4127
4424 33 4166
4425 46 4168
4426 33 4160
4427 42 4137
4428 0 1
4429 37 4127
4430 65 4190
4431 34 4152
4432 34 4186
4433 46 4166
4434 44 4215
4435 0 1
4436 0 1
4437 0 1
4438 39 4138
4439 0 1
4440 0 1
4441 44 4172
4442 32 4164
4443 39 4166
4444 0 1
4445 0 1
4446 27 4147
4447 48 4182
4448 44 4150
4449 0 1
4450 0 1
4451 0 1
4452 0 1
4453 0 1
4454 34 4107
4455 37 4161
4456 0 1
4457 36 4142
4458 62 4150
4459 0 1
4460 45 4212
4461 43 4176
4462 0 1
4463 56 4162
4464 42 4138
4465 0 1
4466 0 1
4467 33 4165
4468 0 1
4469 40 4182
4470 0 1
4471 31 4193
4472 0 1
4473 48 4172
4474 0 1
4475 0 1
4476 0 1
4477 0 1
4478 36 4214
4479 0 1
4480 0 1
4481 0 1
4482 0 1
4483 48 4208
4484 40 4145
4485 37 4164
4486 49 4140
4487 0 1
4488 0 1
4489 0 1
4490 39 4147
4491 37 4137
4492 42 4153
4493 68 4185
4494 0 1
4495 45 4172
4496 51 4171
4497 37 4181
4498 35 4185
4499 0 1
0 32 4140
1 35 4142
2 35 4120
3 33 4171
4 31 4155
5 33 4155
6 33 4163
7 36 4200
8 29 4186
9 45 4138
10 33 4176
11 33 4137
12 33 4111
13 31 4099
14 35 4190
15 29 4113
16 30 4199
17 28 4177
18 29 4126
19 34 4183
20 31 4141
21 26 4138
22 31 4163
23 0 1
24 35 4108
25 28 4187
26 34 4193
27 31 4094
28 34 4204
29 30 4194
30 29 4176
31 32 4142
32 34 4159
33 29 4140
34 30 4158
35 0 1
36 35 4159
37 34 4160
38 32 4077
39 30 4191
40 39 4133
41 34 4174
42 31 4124
43 31 4108
44 33 4123
45 27 4167
46 0 1
47 31 4137
48 30 4194
49 30 4175
50 29 4081
51 28 4125
52 33 4133
53 38 4166
54 36 4152
55 34 4148
56 31 4162
57 35 4146
58 35 4228
59 39 4219
60 33 4162
61 31 4130
62 30 4136
63 43 4192
64 30 4145
65 34 4140
66 27 4077
67 40 4135
68 39 4131
69 28 4145
70 30 4186
71 35 4130
72 39 4183
73 34 4108
74 34 4163
75 86 4089
76 0 1
77 30 4178
78 33 4153
79 32 4143
80 35 4175
81 35 4134
82 34 4171
83 31 4192
84 31 4191
85 33 4153
86 28 4135
87 33 4146
88 30 4181
89 28 4130
90 32 4136
91 33 4156
92 31 4203
93 30 4140
94 29 4118
95 34 4163
96 36 4233
97 32 4156
98 33 4164
99 35 4188
5300 32 4169
5301 0 1
5302 55 4119
5303 41 4111
5304 0 1
5305 39 4185
5306 57 4104
5307 0 1
5308 0 1
5309 36 4195
5310 0 1
5311 0 1
5312 0 1
5313 62 4165
5314 42 4115
5315 0 1
5316 45 4175
5317 35 4142
5318 0 1
5319 44 4168
5320 39 4156
5321 66 4168
5322 0 1
5323 0 1
5324 33 4166
5325 53 4159
5326 35 4141
5327 47 4156
5328 33 4200
5329 0 1
5330 0 1
5331 5 2
5332 50 4150
5333 0 1
5334 0 1
5335 0 1
5336 45 4117
5337 38 4116
5338 0 1
5339 34 4110
5340 6 2
5341 0 1
5342 0 1
5343 0 1
5344 0 1
5345 31 4116
5346 34 4118
5347 64 4161
5348 59 4174
5349 75 4148
5350 58 4196
5351 0 1
5352 0 1
5353 0 1
5354 0 1
5355 38 4163
5356 35 4183
5357 0 1
5358 33 4231
5359 38 4145
5360 0 1
5361 36 4167
5362 38 4215
5363 44 4119
5364 0 1
5365 0 1
5366 34 4164
5367 30 4163
5368 0 1
5369 0 1
5370 41 4177
5371 56 4160
5372 38 4146
5373 45 4212
5374 52 4184
5375 50 4105
5376 40 4193
5377 0 1
5378 97 4133
5379 0 1
5380 56 4144
5381 0 1
5382 0 1
5383 66 4175
5384 50 4167
5385 35 4179
5386 0 1
5387 32 4186
5388 81 2
5389 37 4159
5390 61 4144
5391 0 1
5392 38 4171
5393 71 4150
5394 46 4119
5395 0 1
5396 0 1
5397 0 1
5398 0 1
5399 38 4161
6200 0 1
6201 0 1
6202 0 1
6203 34 4116
6204 0 1
6205 0 1
6206 0 1
6207 34 4196
6208 0 1
6209 0 1
6210 0 1
6211 0 1
6212 1 2
6213 2 2
6214 0 1
6215 0 1
6216 0 1
6217 0 1
6218 56 4106
6219 0 1
6220 40 2
6221 31 4162
6222 33 4202
6223 0 1
6224 0 1
6225 38 4150
6226 0 1
6227 0 1
6228 0 1
6229 0 1
6230 0 1
6231 53 4165
6232 0 1
6233 34 4130
6234 42 4138
6235 0 1
6236 42 4136
6237 59 4170
6238 0 1
6239 0 1
6240 0 1
6241 47 4219
6242 109 4183
6243 0 1
6244 32 4140
6245 0 1
6246 0 1
6247 0 1
6248 41 4163
6249 0 1
6250 0 1
6251 33 4126
6252 0 1
6253 0 1
6254 0 1
6255 0 1
6256 0 1
6257 0 1
6258 32 4172
6259 0 1
6260 39 4187
6261 41 4167
6262 80 4186
6263 0 1
6264 0 1
6265 44 4112
6266 0 1
6267 37 4156
6268 0 1
6269 0 1
6270 0 1
6271 0 1
6272 0 1
6273 0 1
6274 0 1
6275 34 4161
6276 72 4183
6277 52 4137
6278 50 4158
6279 60 4185
6280 36 4134
6281 53 4191
6282 43 4119
6283 46 4156
6284 38 4172
6285 31 4119
6286 33 4096
6287 68 4191
6288 80 4155
6289 63 4093
6290 63 4129
6291 31 4112
6292 57 4166
6293 31 4145
6294 38 4203
6295 0 1
6296 0 1
6297 0 1
6298 0 1
6299 32 4167
900 36 4211
901 36 4146
902 31 4102
903 29 4130
904 37 4129
905 62 4159
906 35 4229
907 32 4139
908 39 4200
909 37 4193
910 33 4177
911 29 4160
912 31 4170
913 32 4164
914 34 4144
915 37 4170
916 34 4235
917 33 4201
918 30 4172
919 33 4128
920 35 4173
921 32 4126
922 34 4143
923 38 4193
924 32 4151
925 32 4143
926 32 4116
927 33 4180
928 36 4160
929 38 4157
930 33 4111
931 35 4109
932 31 4126
933 30 4100
934 30 4201
935 37 4131
936 33 4142
937 30 4162
938 30 4119
939 61 4144
940 31 4127
941 54 4207
942 32 4181
943 32 4175
944 30 4148
945 34 4131
946 39 4113
947 31 4162
948 32 4153
949 34 4156
950 29 4116
951 37 4168
952 35 4177
953 37 4180
954 36 4126
955 34 4173
956 45 4164
957 33 4177
958 30 4204
959 32 4212
960 31 4160
961 40 4177
962 28 4078
963 42 4143
964 31 4138
965 30 4182
966 42 4174
967 34 4130
968 34 4160
969 37 4151
970 41 4176
971 35 4148
972 38 4156
973 33 4132
974 32 4182
975 33 4166
976 33 4119
977 34 4161
978 39 4114
979 41 4187
980 38 4154
981 35 4150
982 32 4186
983 33 4113
984 33 4125
985 31 4120
986 30 4180
987 32 4091
988 32 4146
989 31 4164
990 33 4178
991 35 4169
992 31 4220
993 31 4153
994 30 4162
995 30 4174
996 29 4143
997 30 4131
998 31 4102
999 32 4129
2400 35 4165
2401 42 4158
2402 37 4179
2403 48 4160
2404 33 4137
2405 34 4177
2406 35 4124
2407 38 4133
2408 38 4200
2409 37 4220
2410 36 4148
2411 32 4200
2412 0 1
2413 38 4105
2414 35 4099
2415 39 4125
2416 32 4154
2417 40 4147
2418 32 4198
2419 31 4154
2420 0 1
2421 0 1
2422 52 4175
2423 44 4169
2424 39 4141
2425 34 4160
2426 40 4151
2427 50 4132
2428 36 4159
2429 37 4129
2430 44 4087
2431 31 4165
2432 39 4142
2433 35 4165
2434 31 4089
2435 38 4131
2436 29 4098
2437 47 4157
2438 32 4209
2439 0 1
2440 36 4170
2441 37 4081
2442 36 4149
2443 34 4176
2444 29 4075
2445 36 4157
2446 39 4190
2447 34 4150
2448 33 4128
2449 30 4119
2450 35 4212
2451 43 4118
2452 34 4166
2453 30 4201
2454 33 4091
2455 34 4185
2456 33 4181
2457 31 4186
2458 30 4177
2459 34 4155
2460 32 4196
2461 31 4145
2462 32 4097
2463 30 4166
2464 0 1
2465 34 4166
2466 36 4146
2467 32 4140
2468 34 4165
2469 38 4149
2470 61 4156
2471 46 4177
2472 35 4173
2473 49 4170
2474 43 4177
2475 0 1
2476 32 4177
2477 33 4211
2478 0 1
2479 34 4153
2480 40 4164
2481 33 4175
2482 32 4166
2483 43 4155
2484 42 4149
2485 30 4115
2486 33 4147
2487 39 4188
2488 27 4196
2489 37 4135
2490 0 1
2491 36 4138
2492 33 4093
2493 0 1
2494 35 4194
2495 35 4112
2496 43 4156
2497 34 4120
2498 32 4151
2499 0 1
1900 31 4104
1901 38 4200
1902 52 4178
1903 173 4224
1904 172 4191
1905 30 4155
1906 33 4192
1907 31 4163
1908 43 4136
1909 33 4111
1910 39 4159
1911 36 4172
1912 34 4132
1913 30 4146
1914 36 4203
1915 34 4177
1916 29 4154
1917 34 4166
1918 35 4195
1919 31 4166
1920 35 4236
1921 32 4116
1922 35 4146
1923 31 4106
1924 36 4166
1925 0 1
1926 34 4192
1927 34 4219
1928 33 4087
1929 28 4125
1930 37 4107
1931 36 4134
1932 34 4166
1933 27 4181
1934 36 4143
1935 33 4169
1936 35 4160
1937 33 4180
1938 35 4116
1939 58 4140
1940 54 4159
1941 40 4183
1942 36 4157
1943 53 4196
1944 0 1
1945 51 4127
1946 38 4167
1947 30 4134
1948 0 1
1949 47 4179
1950 35 4154
1951 32 4160
1952 47 4132
1953 27 4156
1954 34 4222
1955 29 4129
1956 31 4158
1957 35 4162
1958 55 4165
1959 31 4175
1960 31 4225
1961 32 4139
1962 31 4179
1963 32 4138
1964 29 4151
1965 32 4201
1966 30 4151
1967 35 4167
1968 33 4170
1969 30 4195
1970 35 4175
1971 34 4198
1972 40 4170
1973 32 4107
1974 31 4195
1975 40 4201
1976 32 4178
1977 29 4153
1978 54 4156
1979 31 4161
1980 31 4182
1981 41 4189
1982 47 4161
1983 0 1
1984 49 4093
1985 30 4174
1986 33 4174
1987 31 4176
1988 0 1
1989 36 4187
1990 36 4185
1991 32 4165
1992 32 4145
1993 39 4199
1994 34 4144
1995 36 4153
1996 37 4169
1997 34 4157
1998 37 4152
1999 33 4126
3300 0 1
3301 0 1
3302 99 4169
3303 41 4179
3304 78 4183
3305 0 1
3306 44 4118
3307 44 4163
3308 41 4136
3309 45 4202
3310 0 1
3311 31 4152
3312 30 4169
3313 37 4141
3314 0 1
3315 34 4171
3316 32 4196
3317 29 4106
3318 32 4157
3319 48 4150
3320 44 4189
3321 39 4207
3322 34 4176
3323 34 4172
3324 81 4185
3325 37 4164
3326 45 4161
3327 38 4196
3328 48 4179
3329 36 4189
3330 11 2
3331 63 4210
3332 0 1
3333 59 4173
3334 31 4154
3335 43 4166
3336 32 4138
3337 34 4145
3338 0 1
3339 39 4155
3340 68 4160
3341 34 4178
3342 36 4236
3343 33 4165
3344 0 1
3345 36 4156
3346 34 4148
3347 40 4144
3348 30 4174
3349 38 4152
3350 0 1
3351 36 4143
3352 0 1
3353 45 4172
3354 81 4113
3355 34 4163
3356 34 4151
3357 0 1
3358 0 1
3359 35 4196
3360 0 1
3361 49 4178
3362 0 1
3363 0 1
3364 37 4198
3365 36 4154
3366 37 4154
3367 44 4131
3368 0 1
3369 31 4208
3370 0 1
3371 30 4130
3372 13 2
3373 15 2
3374 0 1
3375 0 1
3376 34 4175
3377 34 4165
3378 33 4124
3379 31 4129
3380 31 4082
3381 39 4166
3382 35 4107
3383 36 4112
3384 31 4140
3385 34 4206
3386 37 4115
3387 43 4161
3388 35 4154
3389 35 4151
3390 37 4189
3391 82 4128
3392 88 4079
3393 30 4217
3394 0 1
3395 32 4132
3396 32 4117
3397 33 4157
3398 0 1
3399 35 4131
6500 5 2
6501 15 2
6502 0 1
6503 0 1
6504 0 1
6505 38 4194
6506 0 1
6507 48 4202
6508 35 4145
6509 0 1
6510 0 1
6511 0 1
6512 0 1
6513 0 1
6514 37 4176
6515 0 1
6516 0 1
6517 51 4114
6518 38 4188
6519 0 1
6520 0 1
6521 0 1
6522 0 1
6523 0 1
6524 32 4158
6525 0 1
6526 0 1
6527 0 1
6528 37 4158
6529 0 1
6530 32 4125
6531 34 4150
6532 0 1
6533 0 1
6534 0 1
6535 0 1
6536 0 1
6537 0 1
6538 0 1
6539 33 4110
6540 31 2
6541 88 2
6542 44 4147
6543 29 4146
6544 34 4098
6545 69 4189
6546 0 1
6547 0 1
6548 49 4124
6549 0 1
6550 43 4144
