0 34 4144
1 32 4162
2 32 4181
3 27 4126
4 31 4142
5 32 4147
6 34 4188
7 33 4175
8 33 4154
9 49 4081
10 35 4103
11 32 4194
12 32 4099
13 33 4147
14 28 4140
15 29 4164
16 32 4156
17 32 4186
18 31 4176
19 32 4121
20 35 4123
21 29 4162
22 32 4156
23 0 1
24 34 4139
25 38 4132
26 29 4187
27 33 4144
28 33 4146
29 25 4157
30 31 4113
31 32 4102
32 32 4147
33 32 4106
34 36 4154
35 0 1
36 34 4131
37 31 4169
38 31 4166
39 31 4150
40 34 4074
41 31 4169
42 33 4168
43 32 4184
44 29 4164
45 32 4158
46 0 1
47 27 4157
48 33 4133
49 32 4219
50 32 4120
51 31 4138
52 34 4138
53 34 4098
54 33 4142
55 42 4234
56 34 4162
57 34 4151
58 35 4222
59 35 4153
60 37 4159
61 33 4111
62 33 4182
63 36 4174
64 33 4102
65 40 4145
66 32 4110
67 34 4120
68 38 4155
69 32 4174
70 30 4131
71 32 4110
72 39 4212
73 34 4206
74 36 4173
75 54 4190
76 0 1
77 31 4132
78 35 4134
79 32 4163
80 32 4191
81 28 4176
82 33 4199
83 36 4163
84 34 4151
85 36 4211
86 33 4176
87 31 4173
88 30 4147
89 34 4139
90 32 4172
91 32 4195
92 34 4213
93 29 4151
94 30 4148
95 31 4158
96 28 4161
97 33 4159
98 32 4212
99 36 4132
100 30 4124
101 30 4159
102 31 4137
103 30 4211
104 36 4163
105 32 4129
106 32 4197
107 34 4164
108 30 4103
109 32 4166
110 31 4204
111 34 4127
112 33 4191
113 38 4185
114 0 1
115 30 4154
116 44 4112
117 34 4159
118 29 4142
119 48 4134
120 30 4186
121 42 4185
122 47 4148
123 30 4108
124 30 4163
125 30 4127
126 87 4167
127 39 4092
128 32 4135
129 44 4108
130 98 4172
131 39 4167
132 118 4160
133 31 4193
134 34 4162
135 38 4190
136 33 4170
137 36 4181
138 49 4131
139 32 4131
140 32 4190
141 29 4144
142 36 4208
143 35 4157
144 31 4175
145 35 4149
146 32 4163
147 32 4099
148 0 1
149 50 4205
150 33 4212
151 0 1
152 34 4149
153 31 4165
154 52 4186
155 44 4204
156 30 4135
157 31 4153
158 37 4159
159 68 4190
160 41 4163
161 29 4146
162 29 4115
163 31 4119
164 30 4151
165 30 4151
166 37 4129
167 38 4194
168 35 4139
169 49 4156
170 33 4189
171 33 4169
172 29 4139
173 33 4196
174 32 4194
175 37 4165
176 37 4203
177 32 4124
178 0 1
179 38 4117
180 37 4168
181 31 4136
182 41 4184
183 44 4187
184 37 4174
185 32 4171
186 32 4164
187 32 4209
188 35 4107
189 39 4159
190 34 4179
191 35 4125
192 30 4146
193 36 4104
194 34 4143
195 40 4173
196 31 4111
197 29 4176
198 31 4134
199 30 4229
200 34 4177
201 31 4117
202 34 4191
203 38 4140
204 35 4210
205 36 4130
206 28 4166
207 32 4146
208 34 4197
209 34 4183
210 36 4142
211 38 4115
212 54 4193
213 31 4173
214 28 4159
215 48 4187
216 32 4176
217 44 4135
218 40 4114
219 39 4158
220 34 4166
221 36 4187
222 35 4162
223 35 4186
224 31 4158
225 37 4172
226 33 4123
227 36 4139
228 35 4102
229 31 4178
230 33 4128
231 31 4140
232 31 4147
233 35 4233
234 31 4137
235 36 4140
236 36 4145
237 35 4103
238 35 4149
239 30 4209
240 31 4145
241 31 4157
242 39 4191
243 34 4149
244 31 4113
245 36 4167
246 37 4151
247 34 4134
248 30 4167
249 31 4145
250 31 4174
251 34 4197
252 35 4150
253 33 4217
254 28 4122
255 31 4174
256 33 4167
257 31 4194
258 35 4131
259 42 4173
260 37 4120
261 34 4201
262 28 4105
263 42 4179
264 29 4102
265 0 1
266 39 4187
267 33 4164
268 32 4144
269 0 1
270 29 4128
271 33 4176
272 36 4130
273 32 4162
274 38 4180
275 27 4141
276 29 4165
277 0 1
278 40 4133
279 34 4216
280 0 1
281 33 4167
282 27 4085
283 36 4189
284 33 4176
285 29 4116
286 31 4115
287 38 4153
288 34 4148
289 33 4123
290 31 4183
291 31 4200
292 31 4100
293 36 4146
294 34 4156
295 31 4160
296 29 4169
297 35 4220
298 0 1
299 0 1
300 34 4183
301 34 4115
302 29 4136
303 34 4141
304 31 4132
305 29 4109
306 32 4141
307 30 4169
308 42 4185
309 37 4189
310 30 4143
311 33 4142
312 37 4165
313 31 4134
314 71 4189
315 30 4231
316 32 4148
317 33 4165
318 34 4135
319 30 4136
320 35 4194
321 35 4118
322 32 4199
323 32 4128
324 33 4168
325 31 4168
326 31 4150
327 32 4152
328 34 4172
329 33 4125
330 35 4185
331 31 4137
332 32 4129
333 30 4182
334 31 4147
335 31 4172
336 34 4133
337 57 4187
338 39 4180
339 0 1
340 36 4177
341 32 4176
342 36 4155
343 36 4076
344 31 4091
345 32 4167
346 0 1
347 30 4174
348 30 4206
349 30 4174
350 31 4178
351 33 4171
352 33 4151
353 0 1
354 34 4166
355 28 4112
356 36 4132
357 28 4146
358 33 4185
359 33 4201
360 40 4164
361 32 4137
362 31 4171
363 34 4163
364 0 1
365 0 1
366 0 1
367 0 1
368 36 4191
369 34 4119
370 0 1
371 35 4149
372 31 4182
373 30 4172
374 31 4181
375 34 4180
376 33 4164
377 29 4156
378 32 4141
379 38 2
380 9 2
381 43 4111
382 43 4170
383 42 4168
384 29 4161
385 57 4199
386 34 4164
387 35 4164
388 36 4159
389 32 4164
390 35 4181
391 34 4090
392 30 4148
393 35 4162
394 0 1
395 0 1
396 32 4133
397 33 4139
398 29 4124
399 33 4197
400 34 4128
401 47 4158
402 34 4128
403 29 4148
404 27 4133
405 31 4144
406 34 4107
407 31 4189
408 33 4184
409 56 4121
410 34 4197
411 34 4174
412 30 4140
413 32 4130
414 48 4140
415 33 4163
416 35 4214
417 29 4134
418 32 4125
419 34 4127
420 38 4237
421 37 4125
422 38 4182
423 28 4175
424 33 4210
425 30 4104
426 30 4142
427 31 4219
428 32 4224
429 37 4132
430 30 4178
431 33 4136
432 32 4153
433 30 4163
434 33 4170
435 32 4187
436 32 4202
437 35 4174
438 32 4134
439 33 4166
440 30 4163
441 32 4147
442 35 4180
443 34 4205
444 30 4109
445 36 4167
446 0 1
447 35 4157
448 34 4146
449 29 4149
450 42 4129
451 38 4121
452 31 4180
453 29 4153
454 0 1
455 36 4156
456 29 4169
457 0 1
458 0 1
459 31 4193
460 36 4145
461 34 4184
462 32 4168
463 31 4138
464 35 4113
465 29 4198
466 31 4151
467 33 4188
468 28 4116
469 48 4187
470 35 4219
471 32 4174
472 39 4191
473 37 4086
474 41 4143
475 32 4108
476 52 4173
477 46 4124
478 37 4129
479 29 4136
480 27 4113
481 76 4155
482 0 1
483 74 4102
484 48 4167
485 36 4166
486 44 4206
487 36 4127
488 37 4151
489 31 4191
490 38 4167
491 30 4124
492 34 4143
493 54 4166
494 29 4197
495 39 4163
496 34 4155
497 32 4195
498 31 4151
499 41 4135
500 36 4124
501 39 4197
502 34 4147
503 35 4176
504 40 4161
505 30 4221
506 32 4169
507 29 4170
508 55 4132
509 34 4157
510 33 4147
511 28 4162
512 35 4145
513 29 4168
514 35 4133
515 31 4179
516 34 4191
517 34 4120
518 35 4190
519 31 4139
520 32 4143
521 30 4120
522 32 4142
523 35 4166
524 36 4150
525 31 4191
526 41 4143
527 32 4148
528 33 4169
529 35 4129
530 32 4159
531 37 4134
532 40 4193
533 34 4155
534 45 4134
535 29 4197
536 42 4135
537 34 4140
538 57 4153
539 31 4153
540 33 4189
541 33 4132
542 33 4142
543 33 4178
544 33 4120
545 36 4160
546 33 4183
547 32 4177
548 33 4105
549 33 4183
550 38 4193
551 31 4192
552 35 4188
553 29 4209
554 32 4169
555 31 4220
556 50 4200
557 33 4192
558 44 4177
559 38 4164
560 29 4138
561 32 4116
562 31 4184
563 38 4155
564 31 4165
565 0 1
566 0 1
567 38 4225
568 30 4163
569 36 4159
570 70 4153
571 31 4204
572 36 4185
573 27 4103
574 39 4136
575 29 4143
576 32 4156
577 30 4174
578 34 4188
579 32 4156
580 35 4152
581 31 4174
582 32 4172
583 34 4133
584 0 1
585 29 4178
586 34 4181
587 32 4193
588 33 4185
589 35 4113
590 32 4141
591 37 4113
592 34 4123
593 31 4155
594 32 4136
595 34 4184
596 29 4138
597 30 4220
598 33 4170
599 48 4114
600 31 4178
601 35 4163
602 33 4174
603 33 4144
604 30 4175
605 35 4179
606 40 4136
607 40 4167
608 35 4163
609 30 4152
610 31 4180
611 30 4175
612 32 4132
613 29 4161
614 34 4170
615 49 4173
616 29 4137
617 31 4140
618 35 4099
619 30 4166
620 35 4135
621 32 4170
622 34 4162
623 32 4126
624 32 4152
625 36 4190
626 32 4192
627 42 4173
628 30 4176
629 30 4161
630 35 4167
631 32 4159
632 32 4181
633 30 4150
634 0 1
635 32 4115
636 33 4159
637 31 4180
638 31 4210
639 34 4177
640 28 4104
641 30 4134
642 33 4160
643 28 4157
644 33 4196
645 31 4155
646 33 4139
647 32 4160
648 32 4143
649 30 4106
650 30 4205
651 37 4172
652 28 4150
653 34 4085
654 31 4098
655 30 4170
656 32 4186
657 33 4166
658 35 4157
659 38 4122
660 39 4187
661 60 2
662 47 2
663 0 1
664 0 1
665 38 4137
666 38 4113
667 31 4139
668 37 4182
669 36 4102
670 38 4151
671 33 4144
672 30 4128
673 31 4225
674 31 4180
675 33 4194
676 32 4189
677 32 4097
678 31 4210
679 34 4133
680 28 4118
681 40 4150
682 31 4181
683 0 1
684 34 4162
685 41 4202
686 0 1
687 0 1
688 0 1
689 19 2
690 15 2
691 0 1
692 0 1
693 36 4171
694 29 4162
695 29 4163
696 36 4126
697 36 4166
698 33 4190
699 43 4138
700 32 4142
701 33 4111
702 32 4151
703 35 4171
704 30 4171
705 30 4196
706 33 4154
707 35 4097
708 42 4211
709 30 4171
710 28 4161
711 32 4142
712 33 4156
713 36 4188
714 30 4166
715 35 4144
716 32 4134
717 32 4203
718 31 4118
719 35 4150
720 29 4160
721 29 4141
722 36 4179
723 37 4175
724 33 4124
725 40 4128
726 30 4081
727 33 4154
728 26 4151
729 111 4166
730 0 1
731 0 1
732 0 1
733 33 4194
734 33 4169
735 36 4173
736 29 4193
737 35 4133
738 34 4141
739 29 4144
740 32 4194
741 51 4169
742 31 4154
743 49 4142
744 48 4183
745 35 4097
746 35 4143
747 31 4140
748 34 4173
749 31 4167
750 34 4133
751 35 4151
752 32 4183
753 0 1
754 0 1
755 38 2
756 33 4160
757 31 4163
758 34 4168
759 31 4130
760 43 4095
761 40 4165
762 39 4197
763 31 4144
764 0 1
765 31 4215
766 35 4180
767 35 4164
768 58 4183
769 33 4145
770 32 4095
771 32 4180
772 28 4152
773 28 4144
774 36 4178
775 39 4177
776 33 4164
777 35 4142
778 32 4139
779 35 4113
780 32 4116
781 35 4173
782 31 4158
783 33 4162
784 30 4184
785 34 4171
786 33 4143
787 32 4140
788 32 4208
789 32 4155
790 36 4138
791 30 4181
792 27 4171
793 34 4145
794 39 4146
795 36 4176
796 36 4177
797 66 4120
798 32 4132
799 34 4067
800 30 4102
801 33 4177
802 32 4174
803 29 4180
804 33 4143
805 28 4154
806 33 4121
807 33 4157
808 34 4138
809 33 4147
810 34 4160
811 29 4135
812 30 4128
813 40 4211
814 38 4173
815 0 1
816 0 1
817 0 1
818 38 4121
819 38 4126
820 45 4204
821 33 4164
822 0 1
823 35 4136
824 32 4166
825 31 4168
826 32 4188
827 0 1
828 34 4151
829 30 4178
830 33 4122
831 0 1
832 30 4198
833 34 4186
834 33 4195
835 35 4064
836 33 4171
837 45 4149
838 0 1
839 30 4097
840 36 4148
841 35 4203
842 36 4132
843 32 4182
844 32 4193
845 32 4100
846 0 1
847 35 4126
848 34 4153
849 36 4134
850 34 4181
851 31 4121
852 31 4120
853 32 4183
854 33 4208
855 33 4159
856 33 4127
857 28 4212
858 36 4119
859 31 4155
860 34 4154
861 32 4100
862 32 4128
863 33 4180
864 34 4191
865 50 4122
866 0 1
867 42 4215
868 36 4132
869 35 4164
870 39 4185
871 31 4221
872 33 4157
873 0 1
874 67 4129
875 44 4151
876 31 4167
877 33 4116
878 32 4186
879 32 4136
880 38 4137
881 27 4091
882 31 4225
883 0 1
884 36 4129
885 30 4145
886 36 4165
887 31 4164
888 44 4179
889 35 4179
890 35 4119
891 32 4172
892 34 4126
893 33 4156
894 40 4156
895 42 4215
896 35 4164
897 31 4169
898 33 4124
899 36 4206
900 39 4193
901 33 4159
902 31 4198
903 36 4185
904 37 4148
905 36 4109
906 33 4221
907 33 4062
908 72 4142
909 35 4116
910 32 4201
911 33 4136
912 34 4188
913 33 4110
914 30 4138
915 35 4185
916 27 4208
917 30 4190
918 34 4155
919 32 4134
920 29 4150
921 32 4180
922 34 4159
923 35 4173
924 36 4189
925 31 4139
926 31 4145
927 31 4161
928 33 4212
929 33 4179
930 45 4177
931 61 4192
932 32 4136
933 31 4175
934 36 4162
935 32 4123
936 35 4227
937 33 4176
938 31 4213
939 96 4187
940 32 4174
941 40 4131
942 32 4113
943 34 4203
944 32 4162
945 31 4139
946 34 4153
947 29 4121
948 34 4165
949 35 4175
950 34 4163
951 31 4147
952 31 4128
953 35 4186
954 31 4173
955 40 4175
956 33 4119
957 31 4148
958 41 4168
959 30 4155
960 36 4175
961 32 4174
962 31 4156
963 36 4117
964 36 4157
965 35 4156
966 44 4173
967 31 4217
968 31 4170
969 42 4132
970 35 4197
971 37 4138
972 33 4137
973 40 4154
974 40 4142
975 29 4182
976 45 4162
977 33 4126
978 42 4172
979 56 4188
980 46 4169
981 36 4125
982 35 4183
983 36 4167
984 29 4195
985 33 4179
986 30 4175
987 36 4140
988 36 4169
989 29 4181
990 35 4153
991 32 4142
992 33 4158
993 32 4149
994 27 4131
995 37 4150
996 33 4148
997 35 4143
998 38 4216
999 37 4133
1000 34 4145
1001 34 4138
1002 33 4154
1003 33 4177
1004 33 4108
1005 56 4160
1006 45 4154
1007 37 4141
1008 32 4141
1009 0 1
1010 40 4186
1011 38 4155
1012 0 1
1013 0 1
1014 85 4185
1015 37 4157
1016 34 4162
1017 31 4190
1018 36 4171
1019 32 4159
1020 33 4205
1021 32 4138
1022 30 4124
1023 32 4146
1024 37 4221
1025 34 4168
1026 35 4160
1027 34 4143
1028 45 4165
1029 36 4091
1030 30 4141
1031 38 4180
1032 32 4121
1033 36 4177
1034 40 4165
1035 35 4146
1036 32 4179
1037 40 4195
1038 46 4210
1039 0 1
1040 32 4155
1041 28 4162
1042 34 4224
1043 35 4148
1044 36 4169
1045 32 4097
1046 34 4164
1047 36 4145
1048 33 4187
1049 35 4138
1050 32 4141
1051 34 4198
1052 34 4117
1053 0 1
1054 29 4138
1055 34 4205
1056 41 4191
1057 38 4154
1058 44 4201
1059 31 4105
1060 32 4100
1061 33 4098
1062 40 4174
1063 31 4152
1064 36 4190
1065 37 4180
1066 30 4180
1067 30 4118
1068 38 4155
1069 35 4157
1070 39 4114
1071 32 4145
1072 29 4147
1073 29 4140
1074 30 4153
1075 34 4179
1076 39 4069
1077 28 4136
1078 38 4165
1079 27 4141
1080 32 4150
1081 30 4171
1082 35 4165
1083 35 4181
1084 33 4120
1085 30 4164
1086 35 4163
1087 31 4107
1088 29 4116
1089 38 4160
1090 28 4166
1091 32 4182
1092 30 4138
1093 36 4148
1094 0 1
1095 0 1
1096 33 4136
1097 0 1
1098 0 1
1099 33 4159
1100 31 4123
1101 0 1
1102 0 1
1103 31 4140
1104 45 4154
1105 36 4166
1106 36 4151
1107 32 4143
1108 33 4161
1109 32 4158
1110 37 4166
1111 33 4150
1112 30 4117
1113 38 4135
1114 29 4185
1115 31 4142
1116 37 4148
1117 38 4160
1118 35 4174
1119 0 1
1120 38 4160
1121 31 4143
1122 29 4164
1123 31 4163
1124 30 4146
1125 29 4136
1126 32 4133
1127 0 1
1128 24 2
1129 5 2
1130 0 1
1131 33 4145
1132 32 4156
1133 30 4114
1134 32 4171
1135 31 4131
1136 34 4199
1137 33 4201
1138 33 4122
1139 0 1
1140 82 4163
1141 31 4136
1142 0 1
1143 37 4175
1144 32 4171
1145 0 1
1146 31 4153
1147 38 4103
1148 39 4116
1149 32 4071
1150 30 4142
1151 52 4161
1152 34 4104
1153 34 4161
1154 31 4208
1155 33 4132
1156 32 4163
1157 31 4115
1158 32 4138
1159 33 4199
1160 33 4156
1161 30 4169
1162 35 4167
1163 37 4175
1164 34 4183
1165 31 4215
1166 27 4210
1167 39 4172
1168 33 4134
1169 34 4177
1170 28 4167
1171 27 4184
1172 0 1
1173 31 4108
1174 35 4115
1175 33 4226
1176 28 4096
1177 36 4126
1178 33 4130
1179 33 4129
1180 33 4146
1181 33 4170
1182 34 4154
1183 42 4178
1184 34 4160
1185 31 4148
1186 40 4131
1187 32 4150
1188 32 4152
1189 37 4174
1190 33 4193
1191 36 4175
1192 38 4149
1193 42 4131
1194 32 4190
1195 0 1
1196 33 4155
1197 86 4124
1198 0 1
1199 33 4193
1200 38 4170
1201 33 4147
1202 32 4128
1203 33 4167
1204 33 4190
1205 40 4124
1206 33 4184
1207 49 4130
1208 38 4151
1209 31 4161
1210 29 4154
1211 30 4162
1212 32 4153
1213 36 4212
1214 36 4120
1215 34 4146
1216 34 4171
1217 31 4164
1218 33 4103
1219 31 4162
1220 36 4215
1221 35 4183
1222 35 4101
1223 59 4137
1224 0 1
1225 36 4200
1226 35 4194
1227 38 4173
1228 30 4173
1229 33 4172
1230 33 4213
1231 37 4132
1232 31 4137
1233 31 4196
1234 38 4188
1235 32 4173
1236 36 4177
1237 29 4161
1238 35 4172
1239 37 4167
1240 34 4156
1241 33 4125
1242 32 4143
1243 36 4171
1244 31 4150
1245 31 4159
1246 32 4152
1247 28 4087
1248 40 4165
1249 40 4157
1250 31 4177
1251 35 4169
1252 57 4173
1253 35 4168
1254 34 4217
1255 49 4207
1256 33 4189
1257 38 4119
1258 0 1
1259 35 4174
1260 31 4170
1261 67 4153
1262 32 4173
1263 32 4133
1264 33 4159
1265 37 4154
1266 41 4205
1267 33 4109
1268 37 4099
1269 31 4162
1270 34 4170
1271 54 4190
1272 30 4168
1273 81 4096
1274 84 4179
1275 32 4159
1276 29 4167
1277 33 4156
1278 0 1
1279 32 4212
1280 31 4133
1281 31 4190
1282 34 4178
1283 33 4147
1284 38 4154
1285 34 4198
1286 37 4104
1287 37 4156
1288 36 4105
1289 29 4149
1290 31 4196
1291 35 4158
1292 33 4176
1293 0 1
1294 0 1
1295 47 4106
1296 40 4150
1297 34 4185
1298 0 1
1299 0 1
1300 34 4187
1301 30 4166
1302 27 4192
1303 32 4172
1304 37 4144
1305 37 4136
1306 37 4194
1307 32 4182
1308 33 4180
1309 32 4126
1310 32 4146
1311 35 4177
1312 31 4108
1313 32 4167
1314 36 4117
1315 35 4190
1316 31 4168
1317 35 4128
1318 34 4150
1319 1 2
1320 22 2
1321 31 4158
1322 31 4141
1323 30 4212
1324 36 4174
1325 35 4171
1326 0 1
1327 0 1
1328 0 1
1329 50 4209
1330 40 4141
1331 56 4195
1332 34 4218
1333 33 4145
1334 34 4154
1335 57 4166
1336 33 4160
1337 45 4161
1338 30 4163
1339 31 4186
1340 36 4146
1341 35 4151
1342 33 4176
1343 74 4154
1344 33 4198
1345 35 4180
1346 69 4056
1347 0 1
1348 35 4205
1349 31 4175
1350 0 1
1351 29 4153
1352 37 4123
1353 57 4138
1354 41 4201
1355 29 4168
1356 37 4186
1357 0 1
1358 0 1
1359 35 4108
1360 32 4154
1361 33 4078
1362 34 4176
1363 32 4170
1364 33 4169
1365 34 4180
1366 48 4196
1367 31 4146
1368 31 4181
1369 31 4225
1370 39 4188
1371 36 4115
1372 29 4152
1373 45 4176
1374 29 4182
1375 49 4136
1376 35 4190
1377 32 4182
1378 33 4133
1379 38 4212
1380 49 4136
1381 37 4133
1382 34 4175
1383 29 4126
1384 37 4136
1385 33 4160
1386 29 4180
1387 36 4163
1388 34 4174
1389 32 4179
1390 32 4159
1391 40 4155
1392 32 4154
1393 30 4142
1394 36 4212
1395 65 4150
1396 34 4126
1397 33 4128
1398 35 4198
1399 33 4137
1400 31 4202
1401 36 4103
1402 32 4134
1403 34 4185
1404 29 4184
1405 39 4174
1406 34 4159
1407 39 4176
1408 31 4192
1409 34 4189
1410 33 4133
1411 0 1
1412 35 4171
1413 40 4119
1414 31 4143
1415 30 4190
1416 30 4238
1417 30 4135
1418 43 4157
1419 35 4118
1420 38 4128
1421 32 4162
1422 50 4139
1423 40 4157
1424 39 4189
1425 34 4178
1426 38 4094
1427 36 4193
1428 47 4220
1429 34 4195
1430 42 4115
1431 0 1
1432 30 4141
1433 33 4181
1434 31 4179
1435 33 4151
1436 30 4153
1437 0 1
1438 36 4174
1439 30 4144
1440 35 4129
1441 35 4216
1442 0 1
1443 43 4143
1444 0 1
1445 0 1
1446 33 4119
1447 49 4147
1448 35 4186
1449 33 4142
1450 35 4141
1451 39 4123
1452 34 4165
1453 37 4155
1454 0 1
1455 36 4156
1456 35 4144
1457 33 4142
1458 35 4166
1459 0 1
1460 53 4210
1461 40 4170
1462 33 4153
1463 37 4160
1464 47 4191
1465 59 4207
1466 38 4171
1467 0 1
1468 31 4147
1469 0 1
1470 39 4112
1471 28 4168
1472 34 4158
1473 0 1
1474 0 1
1475 31 4120
1476 34 4145
1477 49 4112
1478 33 4185
1479 32 4127
1480 34 4152
1481 35 4127
1482 30 4194
1483 34 4152
1484 33 4160
1485 30 4192
1486 37 4146
1487 33 4156
1488 45 4151
1489 32 4132
1490 35 4186
1491 29 4150
1492 35 4147
1493 30 4154
1494 35 4159
1495 29 4141
1496 30 4193
1497 31 4125
1498 29 4179
1499 38 4164
1500 35 4131
1501 31 4240
1502 37 4172
1503 40 4159
1504 36 4161
1505 31 4129
1506 28 4173
1507 36 4154
1508 0 1
1509 33 4132
1510 34 4101
1511 35 4198
1512 38 4177
1513 36 4158
1514 37 4199
1515 31 4153
1516 31 4183
1517 33 4189
1518 35 4173
1519 40 4145
1520 34 4182
1521 31 4163
1522 34 4172
1523 32 4136
1524 42 4157
1525 36 4203
1526 39 4177
1527 33 4112
1528 35 4110
1529 37 4161
1530 34 4124
1531 37 4182
1532 31 4172
1533 37 4169
1534 30 4139
1535 33 4095
1536 38 4139
1537 34 4178
1538 39 4167
1539 29 4140
1540 50 4115
1541 34 4120
1542 33 4093
1543 54 4159
1544 33 4189
1545 35 4182
1546 33 4177
1547 33 4124
1548 30 4189
1549 37 4120
1550 32 4167
1551 30 4080
1552 40 4133
1553 32 4152
1554 34 4149
1555 45 4134
1556 29 4140
1557 38 4179
1558 40 4160
1559 37 4131
1560 33 4122
1561 33 4203
1562 34 4205
1563 31 4137
1564 38 4202
1565 35 4158
1566 33 4102
1567 35 4216
1568 31 4163
1569 43 4227
1570 35 4149
1571 0 1
1572 58 4170
1573 36 4204
1574 38 4140
1575 37 4151
1576 0 1
1577 34 4171
1578 35 4150
1579 28 4131
1580 34 4207
1581 38 4109
1582 34 4125
1583 36 4235
1584 29 4170
1585 31 4173
1586 35 4131
1587 38 4178
1588 33 4139
1589 33 4172
1590 32 4169
1591 33 4140
1592 89 4156
1593 30 4188
1594 29 4138
1595 32 4182
1596 36 4162
1597 33 4172
1598 52 4173
1599 40 4162
1600 31 4126
1601 30 4137
1602 34 4184
1603 32 4135
1604 33 4153
1605 37 4161
1606 35 4165
1607 40 4187
1608 33 4149
1609 29 4181
1610 42 4196
1611 0 1
1612 32 4207
1613 0 1
1614 0 1
1615 35 4143
1616 41 4159
1617 29 4132
1618 44 4183
1619 32 4217
1620 37 4190
1621 34 4125
1622 42 4205
1623 30 4188
1624 34 4149
1625 39 4156
1626 29 4159
1627 34 4174
1628 31 4194
1629 31 4153
1630 28 4154
1631 29 4154
1632 35 4198
1633 32 4151
1634 32 4181
1635 36 4160
1636 36 4141
1637 35 4147
1638 35 4153
1639 32 4140
1640 34 4153
1641 34 4158
1642 31 4168
1643 28 4154
1644 36 4088
1645 31 4219
1646 33 4157
1647 30 4144
1648 45 4213
1649 31 4163
1650 33 4162
1651 29 4157
1652 34 4217
1653 37 4161
1654 31 4156
1655 31 4165
1656 37 4172
1657 30 4159
1658 32 4195
1659 32 4157
1660 35 4164
1661 34 4136
1662 35 4163
1663 36 4205
1664 38 4174
1665 0 1
1666 37 4121
1667 35 4182
1668 43 4179
1669 59 4195
1670 31 4156
1671 40 4142
1672 33 4148
1673 41 4103
1674 34 4175
1675 36 4132
1676 30 4166
1677 32 4156
1678 41 4154
1679 0 1
1680 0 1
1681 31 4144
1682 39 4189
1683 30 4101
1684 32 4227
1685 33 4158
1686 32 4184
1687 36 4134
1688 32 4081
1689 34 4167
1690 34 4158
1691 32 4240
1692 31 4161
1693 31 4142
1694 37 4203
1695 32 4209
1696 35 4131
1697 36 4221
1698 35 4161
1699 0 1
1700 40 4187
1701 32 4134
1702 35 4194
1703 35 4143
1704 32 4162
1705 38 4195
1706 36 4151
1707 42 4158
1708 37 4148
1709 47 4120
1710 34 4205
1711 43 4145
1712 0 1
1713 0 1
1714 0 1
1715 31 4117
1716 33 4122
1717 32 4159
1718 32 4149
1719 32 4165
1720 57 4135
1721 35 4181
1722 33 4127
1723 43 4212
1724 0 1
1725 0 1
1726 33 4150
1727 32 4176
1728 58 4145
1729 31 4121
1730 31 4095
1731 39 4151
1732 31 4216
1733 35 4110
1734 35 4164
1735 39 4182
1736 34 4169
1737 32 4164
1738 32 4150
1739 32 4162
1740 34 4150
1741 33 4163
1742 33 4161
1743 46 4142
1744 39 4161
1745 39 4139
1746 34 4156
1747 29 4183
1748 31 4160
1749 34 4194
1750 32 4152
1751 34 4123
1752 36 4184
1753 34 4149
1754 36 4141
1755 29 4195
1756 34 4148
1757 0 1
1758 33 4169
1759 39 4220
1760 36 4166
1761 31 4142
1762 41 4204
1763 28 4122
1764 33 4137
1765 37 4161
1766 34 4141
1767 34 4120
1768 36 4137
1769 34 4118
1770 34 4173
1771 44 4176
1772 31 4137
1773 38 4184
1774 30 4158
1775 35 4185
1776 32 4104
1777 34 4149
1778 30 4129
1779 34 4136
1780 32 4196
1781 44 4097
1782 44 4162
1783 40 4158
1784 0 1
1785 38 4135
1786 0 1
1787 31 4109
1788 36 4117
1789 41 4120
1790 51 4133
1791 34 4167
1792 42 4165
1793 33 4167
1794 48 4168
1795 0 1
1796 34 4183
1797 35 4175
1798 31 4104
1799 36 4127
1800 35 4171
1801 0 1
1802 41 4130
1803 36 4155
1804 48 4173
1805 0 1
1806 61 4171
1807 37 4241
1808 31 4173
1809 0 1
1810 40 4124
1811 35 4155
1812 33 4197
1813 50 4175
1814 33 4180
1815 32 4180
1816 37 4202
1817 36 4142
1818 31 4180
1819 36 4104
1820 32 4179
1821 35 4105
1822 32 4193
1823 36 4147
1824 31 4154
1825 34 4218
1826 35 4182
1827 33 4183
1828 39 4183
1829 31 4150
1830 34 4183
1831 31 4141
1832 32 4120
1833 33 4123
1834 36 4106
1835 40 4185
1836 33 4210
1837 34 4201
1838 37 4152
1839 31 4182
1840 40 4171
1841 32 4162
1842 36 4126
1843 34 4176
1844 36 4161
1845 34 4147
1846 31 4159
1847 33 4160
1848 29 4168
1849 46 4200
1850 35 4108
1851 34 4161
1852 35 4191
1853 34 4120
1854 34 4086
1855 33 4141
1856 40 4166
1857 38 4188
1858 33 4215
1859 33 4155
1860 43 4189
1861 37 4153
1862 35 4214
1863 34 4171
1864 37 4192
1865 59 4129
1866 119 4110
1867 36 4112
1868 34 4152
1869 34 4150
1870 32 4098
1871 34 4224
1872 41 4160
1873 37 4147
1874 43 4149
1875 30 4179
1876 36 4134
1877 32 4186
1878 28 4147
1879 32 4136
1880 29 4187
1881 35 4136
1882 0 1
1883 0 1
1884 41 4112
1885 33 4151
1886 33 4104
1887 41 4153
1888 0 1
1889 48 4176
1890 0 1
1891 33 4217
1892 34 4158
1893 31 4195
1894 33 4157
1895 33 4207
1896 43 4160
1897 33 4103
1898 36 4138
1899 52 4156
1900 36 4200
1901 34 4207
1902 49 4239
1903 34 4
1904 83 4159
1905 34 4109
1906 31 4103
1907 26 4159
1908 34 4184
1909 33 4170
1910 34 4154
1911 37 4120
1912 30 4164
1913 40 4137
1914 32 4167
1915 37 4190
1916 34 4152
1917 31 4199
1918 41 4189
1919 34 4145
1920 39 4078
1921 32 4167
1922 36 4145
1923 35 4160
1924 45 4160
1925 49 4220
1926 34 4123
1927 35 4183
1928 37 4148
1929 36 4192
1930 32 4129
1931 32 4138
1932 0 1
1933 30 4163
1934 34 4150
1935 33 4207
1936 33 4169
1937 33 4157
1938 38 4156
1939 36 4164
1940 54 4190
1941 35 4183
1942 43 4177
1943 29 4121
1944 0 1
1945 46 4149
1946 32 4188
1947 35 4226
1948 0 1
1949 39 4141
1950 33 4153
1951 38 4176
1952 41 4143
1953 33 4118
1954 37 4156
1955 35 4077
1956 33 4164
1957 31 4190
1958 35 4163
1959 29 4183
1960 39 4165
1961 32 4139
1962 33 4121
1963 30 4186
1964 34 4088
1965 35 4127
1966 30 4187
1967 32 4179
1968 31 4130
1969 35 4162
1970 28 4127
1971 54 4163
1972 40 4176
1973 31 4156
1974 52 4226
1975 44 4148
1976 33 4140
1977 33 4214
1978 51 4131
1979 33 4192
1980 32 4124
1981 33 4183
1982 42 4194
1983 35 4203
1984 37 4129
1985 31 4231
1986 33 4183
1987 32 4192
1988 0 1
1989 42 4161
1990 29 4154
1991 32 4152
1992 34 4168
1993 67 4096
1994 33 4138
1995 32 4161
1996 39 4122
1997 32 4141
1998 35 4140
1999 34 4161
2000 42 4155
2001 28 4161
2002 35 4110
2003 32 4188
2004 33 4208
2005 83 4197
2006 46 4151
2007 36 4182
2008 38 4121
2009 42 4151
2010 0 1
2011 36 4211
2012 32 4149
2013 41 4113
2014 53 4167
2015 30 4187
2016 53 4147
2017 31 4161
2018 32 4148
2019 31 4194
2020 33 4142
2021 43 4192
2022 35 4148
2023 52 4178
2024 30 4163
2025 54 4178
2026 56 4109
2027 77 4147
2028 46 4185
2029 32 4202
2030 37 4232
2031 34 4150
2032 40 4139
2033 32 4083
2034 51 4171
2035 36 4155
2036 42 4169
2037 31 4142
2038 46 4120
2039 36 4164
2040 0 1
2041 30 4142
2042 45 4185
2043 37 4207
2044 42 4174
2045 35 4186
2046 60 4188
2047 40 4174
2048 37 4158
2049 40 4130
2050 41 4125
2051 37 4173
2052 46 4176
2053 46 4173
2054 33 4157
2055 34 4125
2056 31 4168
2057 37 4117
2058 36 4141
2059 40 4188
2060 37 4160
2061 30 4192
2062 39 4158
2063 38 4182
2064 48 4167
2065 38 4196
2066 38 4164
2067 33 4153
2068 34 4185
2069 69 4177
2070 39 4181
2071 35 4094
2072 39 4146
2073 57 4203
2074 35 4137
2075 33 4166
2076 29 4133
2077 31 4146
2078 48 4147
2079 34 4153
2080 35 4199
2081 0 1
2082 35 4143
2083 39 4157
2084 37 4117
2085 37 4140
2086 33 4166
2087 46 4127
2088 35 4137
2089 31 4136
2090 28 4165
2091 32 4116
2092 44 4176
2093 29 4150
2094 0 1
2095 0 1
2096 30 4149
2097 40 4135
2098 31 4182
2099 36 4163
2100 32 4196
2101 36 4189
2102 31 4175
2103 40 4179
2104 31 4167
2105 31 4176
2106 30 4122
2107 32 4167
2108 35 4167
2109 35 4165
2110 40 4172
2111 35 4152
2112 37 4169
2113 37 4186
2114 0 1
2115 0 1
2116 0 1
2117 36 4145
2118 0 1
2119 37 4129
2120 0 1
2121 0 1
2122 35 4120
2123 35 4170
2124 37 4127
2125 28 4119
2126 37 4189
2127 42 4159
2128 38 4140
2129 36 4210
2130 35 4137
2131 31 4157
2132 39 4156
2133 30 4187
2134 36 4121
2135 33 4131
2136 36 4185
2137 35 4167
2138 31 4166
2139 34 4182
2140 30 4192
2141 31 4154
2142 34 4154
2143 34 4155
2144 31 4136
2145 40 4152
2146 29 4180
2147 38 4127
2148 34 4132
2149 35 4190
2150 32 4162
2151 57 4180
2152 0 1
2153 39 4142
2154 33 4132
2155 0 1
2156 33 4157
2157 36 4140
2158 0 1
2159 38 4168
2160 63 4133
2161 31 4166
2162 0 1
2163 29 4208
2164 35 4181
2165 41 4141
2166 0 1
2167 40 4162
2168 80 4183
2169 50 4093
2170 31 4130
2171 30 4076
2172 39 4167
2173 0 1
2174 88 4192
2175 0 1
2176 0 1
2177 0 1
2178 0 1
2179 33 4203
2180 38 4165
2181 32 4121
2182 48 4130
2183 33 4093
2184 34 4122
2185 39 4093
2186 0 1
2187 34 4162
2188 32 4152
2189 37 4191
2190 0 1
2191 34 4164
2192 36 4153
2193 68 4151
2194 32 4145
2195 35 4183
2196 45 4157
2197 30 4158
2198 35 4109
2199 39 4174
2200 42 4153
2201 64 4177
2202 0 1
2203 0 1
2204 30 4133
2205 30 4132
2206 30 4090
2207 33 4184
2208 40 4210
2209 34 4137
2210 35 4104
2211 30 4202
2212 32 4160
2213 32 4183
2214 32 4178
2215 31 4183
2216 31 4216
2217 34 4206
2218 35 4128
2219 48 4127
2220 33 4177
2221 32 4130
2222 78 4171
2223 29 4168
2224 35 4160
2225 32 4142
2226 32 4163
2227 32 4146
2228 40 4123
2229 37 4194
2230 29 4130
2231 34 4144
2232 32 4199
2233 48 4241
2234 31 4169
2235 33 4127
2236 35 4186
2237 34 4196
2238 34 4168
2239 34 4182
2240 0 1
2241 33 4143
2242 34 4118
2243 0 1
2244 45 4143
2245 32 4190
2246 29 4177
2247 31 4150
2248 36 4161
2249 32 4182
2250 30 4170
2251 33 4148
2252 38 4134
2253 34 4107
2254 28 4161
2255 34 4141
2256 34 4164
2257 36 4129
2258 36 4210
2259 42 4193
2260 30 4104
2261 39 4230
2262 29 4142
2263 31 4205
2264 30 4174
2265 36 4178
2266 29 4159
2267 38 4166
2268 34 4162
2269 32 4124
2270 34 4166
2271 29 4154
2272 32 4133
2273 32 4126
2274 36 4155
2275 42 4177
2276 31 4147
2277 31 4096
2278 0 1
2279 0 1
2280 32 4194
2281 28 4193
2282 0 1
2283 31 4185
2284 35 4108
2285 33 4151
2286 51 4170
2287 39 4214
2288 33 4148
2289 35 4137
2290 38 4152
2291 36 4157
2292 44 4176
2293 0 1
2294 44 4170
2295 36 4141
2296 32 4210
2297 37 4131
2298 33 4122
2299 36 4136
2300 0 1
2301 30 4162
2302 29 4161
2303 30 4142
2304 0 1
2305 35 4164
2306 30 4179
2307 52 4164
2308 34 4164
2309 0 1
2310 0 1
2311 39 4155
2312 39 4118
2313 32 4082
2314 39 4190
2315 32 4075
2316 32 4141
2317 35 4158
2318 36 4169
2319 34 4183
2320 55 4178
2321 73 4165
2322 33 4158
2323 30 4201
2324 34 4138
2325 37 4140
2326 31 4144
2327 37 4195
2328 34 4104
2329 38 4138
2330 37 4134
2331 36 4154
2332 32 4193
2333 34 4168
2334 0 1
2335 85 4132
2336 16 2
2337 63 4137
2338 48 4183
2339 36 4156
2340 0 1
2341 32 4198
2342 38 4156
2343 62 4124
2344 47 4154
2345 35 4103
2346 35 4141
2347 29 4220
2348 42 4162
2349 29 4183
2350 36 4165
2351 30 4174
2352 64 4178
2353 41 4139
2354 37 4237
2355 34 4173
2356 44 4142
2357 0 1
2358 0 1
2359 55 4149
2360 31 4145
2361 35 4142
2362 33 4127
2363 0 1
2364 0 1
2365 45 4183
2366 50 4138
2367 59 4125
2368 0 1
2369 37 4190
2370 48 4168
2371 33 4194
2372 33 4133
2373 0 1
2374 0 1
2375 29 4130
2376 34 4146
2377 34 4187
2378 0 1
2379 0 1
2380 33 4170
2381 49 4098
2382 32 4217
2383 38 4122
2384 2 2
2385 7 2
2386 39 4165
2387 34 4155
2388 42 4171
2389 17 2
2390 0 1
2391 58 4151
2392 75 4127
2393 33 4199
2394 46 4177
2395 34 4212
2396 32 4131
2397 35 4128
2398 34 4147
2399 40 4141
2400 36 4178
2401 31 4172
2402 54 4184
2403 39 4172
2404 33 4147
2405 39 4120
2406 39 4170
2407 55 4149
2408 0 1
2409 46 4172
2410 40 4170
2411 34 4149
2412 0 1
2413 29 4160
2414 32 4171
2415 36 4171
2416 38 4107
2417 42 4114
2418 38 4156
2419 39 4134
2420 0 1
2421 0 1
2422 37 4139
2423 65 4156
2424 42 4154
2425 38 4100
2426 39 4155
2427 56 4134
2428 45 4185
2429 42 4115
2430 30 4186
2431 34 4153
2432 41 4110
2433 35 4214
2434 29 4165
2435 33 4142
2436 38 4195
2437 32 4189
2438 31 4107
2439 0 1
2440 67 4193
2441 43 4187
2442 41 4147
2443 40 4190
2444 34 4179
2445 37 4098
2446 38 4113
2447 34 4173
2448 36 4159
2449 30 4182
2450 54 4179
2451 34 4154
2452 29 4175
2453 33 4153
2454 31 4093
2455 33 4165
2456 32 4154
2457 36 4189
2458 36 4128
2459 33 4158
2460 38 4154
2461 33 4160
2462 34 4123
2463 35 4187
2464 0 1
2465 37 4207
2466 35 4165
2467 36 4174
2468 32 4207
2469 30 4214
2470 35 4202
2471 55 4111
2472 36 4189
2473 39 4217
2474 32 4143
2475 0 1
2476 34 4152
2477 39 4158
2478 0 1
2479 46 4203
2480 42 4211
2481 35 4159
2482 31 4202
2483 41 4172
2484 34 4137
2485 37 4161
2486 34 4123
2487 35 4173
2488 33 4217
2489 37 4186
2490 0 1
2491 43 4145
2492 75 4153
2493 0 1
2494 35 4186
2495 39 4178
2496 35 4170
2497 33 4168
2498 62 4163
2499 0 1
2500 33 4123
2501 46 4216
2502 29 4158
2503 40 4132
2504 34 4131
2505 27 4098
2506 36 4132
2507 30 4141
2508 35 4190
2509 32 4185
2510 38 4176
2511 33 4140
2512 0 1
2513 61 4195
2514 32 4192
2515 34 4162
2516 35 4192
2517 38 4165
2518 35 4173
2519 95 4157
2520 33 4133
2521 37 4163
2522 33 4159
2523 40 4120
2524 33 4148
2525 0 1
2526 32 4078
2527 34 4160
2528 35 4204
2529 36 4161
2530 33 4155
2531 0 1
2532 0 1
2533 37 4145
2534 30 4192
2535 31 4178
2536 29 4136
2537 33 4134
2538 29 4138
2539 0 1
2540 45 4109
2541 35 4154
2542 59 4165
2543 45 4178
2544 0 1
2545 0 1
2546 46 4181
2547 36 4189
2548 45 4184
2549 30 4123
2550 37 4187
2551 0 1
2552 57 4140
2553 34 4119
2554 34 4106
2555 33 4212
2556 0 1
2557 55 4160
2558 53 4155
2559 55 4123
2560 32 4145
2561 29 4142
2562 38 4187
2563 82 4173
2564 38 4164
2565 35 4160
2566 0 1
2567 31 4120
2568 39 4213
2569 33 4208
2570 35 4142
2571 37 4211
2572 36 4187
2573 46 4103
2574 34 4181
2575 36 4163
2576 34 4145
2577 29 4126
2578 35 4163
2579 33 4115
2580 36 4119
2581 0 1
2582 31 4150
2583 35 4096
2584 32 4140
2585 51 4167
2586 46 4154
2587 43 4203
2588 53 2
2589 32 4174
2590 47 4214
2591 37 4193
2592 35 4113
2593 37 4180
2594 41 4198
2595 40 4179
2596 0 1
2597 0 1
2598 36 4160
2599 30 4105
2600 37 4184
2601 32 4158
2602 36 4148
2603 33 4169
2604 38 4163
2605 38 4190
2606 33 4122
2607 35 4181
2608 37 4170
2609 32 4137
2610 43 4167
2611 42 4154
2612 38 4145
2613 33 4143
2614 31 4141
2615 28 4105
2616 36 4183
2617 31 4108
2618 42 4182
2619 0 1
2620 33 4165
2621 31 4157
2622 0 1
2623 58 4222
2624 32 4177
2625 37 4137
2626 0 1
2627 0 1
2628 33 4171
2629 0 1
2630 43 4166
2631 50 4124
2632 0 1
2633 35 4183
2634 32 4184
2635 36 4190
2636 34 4138
2637 32 4139
2638 40 4208
2639 0 1
2640 0 1
2641 57 4152
2642 0 1
2643 0 1
2644 41 4164
2645 38 4216
2646 35 4163
2647 43 4190
2648 0 1
2649 0 1
2650 0 1
2651 35 4183
2652 32 4159
2653 160 4163
2654 33 4155
2655 34 4146
2656 37 4208
2657 36 4136
2658 0 1
2659 35 4159
2660 0 1
2661 48 4133
2662 35 4207
2663 42 4170
2664 44 4139
2665 35 4178
2666 30 4171
2667 39 4166
2668 0 1
2669 40 4129
2670 35 4136
2671 30 4145
2672 35 4129
2673 39 4206
2674 0 1
2675 69 4158
2676 40 4184
2677 35 4160
2678 36 4166
2679 38 4122
2680 34 4157
2681 34 4167
2682 86 4176
2683 42 4108
2684 35 4170
2685 29 4169
2686 40 4179
2687 35 4204
2688 34 4177
2689 33 4153
2690 71 4146
2691 33 4197
2692 0 1
2693 33 4124
2694 44 4170
2695 38 4137
2696 31 4128
2697 32 4160
2698 38 4197
2699 34 4134
2700 0 1
2701 37 4122
2702 34 4189
2703 32 4137
2704 32 4176
2705 31 4154
2706 0 1
2707 29 4138
2708 35 4141
2709 57 4077
2710 52 4145
2711 0 1
2712 29 4161
2713 34 4159
2714 36 4165
2715 35 4149
2716 0 1
2717 39 4160
2718 43 4159
2719 33 4161
2720 43 4179
2721 50 4114
2722 32 4097
2723 31 4131
2724 32 4151
2725 34 4159
2726 35 4120
2727 33 4142
2728 31 4138
2729 39 4165
2730 45 4157
2731 30 4173
2732 38 4181
2733 0 1
2734 0 1
2735 0 1
2736 0 1
2737 35 4195
2738 31 4199
2739 35 4159
2740 38 4189
2741 67 4234
2742 46 4127
2743 40 4124
2744 30 4158
2745 39 4149
2746 32 4203
2747 32 4194
2748 32 4178
2749 33 4170
2750 35 4166
2751 35 4142
2752 40 4120
2753 32 4162
2754 34 4162
2755 36 4174
2756 34 4193
2757 42 4116
2758 30 4155
2759 47 4138
2760 37 4192
2761 32 4173
2762 0 1
2763 34 4156
2764 30 4111
2765 0 1
2766 35 4163
2767 34 4189
2768 39 4106
2769 42 4153
2770 0 1
2771 39 4153
2772 0 1
2773 32 4112
2774 29 4134
2775 94 4107
2776 34 4114
2777 74 4172
2778 30 4142
2779 40 4120
2780 33 4125
2781 27 4172
2782 34 4187
2783 36 4134
2784 33 4134
2785 38 4171
2786 30 4099
2787 30 4171
2788 29 4218
2789 31 4221
2790 50 4153
2791 31 4135
2792 34 4216
2793 47 4228
2794 37 4135
2795 36 4167
2796 40 4210
2797 30 4175
2798 34 4179
2799 0 1
2800 8 2
2801 27 2
2802 39 4185
2803 47 4098
2804 37 4172
2805 33 4151
2806 33 4151
2807 35 4151
2808 0 1
2809 0 1
2810 0 1
2811 0 1
2812 87 4212
2813 0 1
2814 0 1
2815 0 1
2816 0 1
2817 0 1
2818 30 4171
2819 35 4206
2820 33 4195
2821 44 4162
2822 31 4106
2823 32 4143
2824 0 1
2825 0 1
2826 49 4172
2827 35 4186
2828 0 1
2829 34 4159
2830 38 4135
2831 39 4137
2832 0 1
2833 37 4179
2834 42 4171
2835 29 4137
2836 39 4129
2837 43 4151
2838 36 4109
2839 51 4133
2840 33 4154
2841 40 4147
2842 33 4159
2843 41 4119
2844 35 4089
2845 50 4168
2846 33 4192
2847 33 4133
2848 42 4135
2849 41 4229
2850 32 4154
2851 35 4172
2852 35 4149
2853 43 4179
2854 35 4147
2855 42 4217
2856 0 1
2857 36 4183
2858 33 4205
2859 32 4151
2860 31 4118
2861 47 4190
2862 50 4101
2863 41 4208
2864 33 4108
2865 37 4131
2866 38 4123
2867 67 4150
2868 46 4200
2869 45 4185
2870 33 4142
2871 26 4134
2872 0 1
2873 40 4124
2874 38 4139
2875 33 4184
2876 33 4210
2877 32 4191
2878 35 4122
2879 34 4140
2880 31 4182
2881 34 4147
2882 31 4151
2883 32 4199
2884 35 4132
2885 40 4197
2886 34 4137
2887 55 4163
2888 39 4144
2889 43 4190
2890 37 4152
2891 37 4164
2892 0 1
2893 30 4161
2894 37 4178
2895 0 1
2896 31 4169
2897 43 4207
2898 32 4224
2899 57 4203
2900 0 1
2901 36 4159
2902 48 4190
2903 35 4154
2904 31 4176
2905 31 4213
2906 48 4194
2907 39 4153
2908 37 4204
2909 45 4118
2910 28 4085
2911 37 4215
2912 32 4195
2913 40 4170
2914 51 4160
2915 0 1
2916 37 4135
2917 37 4119
2918 49 4180
2919 0 1
2920 55 4163
2921 33 4153
2922 43 4170
2923 46 4151
2924 31 4149
2925 33 4144
2926 36 4178
2927 40 4147
2928 48 4193
2929 43 4144
2930 32 4123
2931 36 4160
2932 34 4146
2933 33 4144
2934 38 4149
2935 0 1
2936 0 1
2937 33 4158
2938 32 4168
2939 35 4155
2940 37 4221
2941 31 4133
2942 40 4186
2943 35 4142
2944 33 4105
2945 47 4159
2946 49 4188
2947 36 4122
2948 39 4128
2949 38 4178
2950 36 4140
2951 50 4160
2952 36 4168
2953 37 4152
2954 0 1
2955 45 4183
2956 0 1
2957 0 1
2958 0 1
2959 0 1
2960 32 4151
2961 36 4139
2962 33 4120
2963 34 4127
2964 32 4054
2965 38 4138
2966 33 4144
2967 0 1
2968 31 4121
2969 37 4148
2970 36 4172
2971 35 4172
2972 0 1
2973 34 4178
2974 34 4163
2975 39 4173
2976 35 4110
2977 34 4178
2978 39 4149
2979 0 1
2980 33 4170
2981 0 1
2982 31 4171
2983 40 4123
2984 37 4107
2985 40 4142
2986 52 4121
2987 40 4119
2988 41 4130
2989 35 4183
2990 33 4168
2991 36 4140
2992 32 4107
2993 32 4111
2994 41 4149
2995 35 4158
2996 33 4149
2997 33 4102
2998 50 4159
2999 37 4171
3000 34 4161
3001 33 4139
3002 33 4136
3003 36 4130
3004 41 4213
3005 35 4151
3006 36 4198
3007 36 4164
3008 39 4128
3009 31 4207
3010 33 4131
3011 38 4133
3012 47 4158
3013 0 1
3014 36 4106
3015 35 4135
3016 31 4112
3017 0 1
3018 0 1
3019 0 1
3020 39 4181
3021 0 1
3022 0 1
3023 36 4151
3024 0 1
3025 34 4172
3026 35 4141
3027 30 4126
3028 41 4119
3029 32 4159
3030 36 4200
3031 37 4142
3032 33 4162
3033 0 1
3034 33 4205
3035 48 4185
3036 32 4199
3037 54 4137
3038 35 4199
3039 35 2
3040 55 4129
3041 0 1
3042 0 1
3043 2 2
3044 20 2
3045 74 4137
3046 53 4185
3047 10 2
3048 33 4182
3049 33 4170
3050 36 4151
3051 56 4180
3052 36 4135
3053 32 4148
3054 43 4178
3055 31 4197
3056 38 4170
3057 34 4127
3058 31 4189
3059 0 1
3060 52 4150
3061 0 1
3062 41 4161
3063 35 4174
3064 35 4180
3065 34 4146
3066 37 4157
3067 34 4125
3068 37 4122
3069 31 4163
3070 38 4117
3071 40 4169
3072 65 4144
3073 22 2
3074 6 2
3075 38 4197
3076 33 4153
3077 31 4154
3078 34 4145
3079 0 1
3080 0 1
3081 29 4156
3082 50 4119
3083 38 4140
3084 34 4186
3085 31 4142
3086 31 4124
3087 34 4165
3088 28 4159
3089 30 4151
3090 33 4139
3091 0 1
3092 0 1
3093 0 1
3094 0 1
3095 39 4150
3096 38 4152
3097 53 4213
3098 28 4127
3099 47 4155
3100 33 4164
3101 31 4147
3102 32 4130
3103 50 4189
3104 36 4166
3105 37 4153
3106 31 4139
3107 33 4106
3108 39 4110
3109 119 4203
3110 0 1
3111 41 4188
3112 44 4201
3113 0 1
3114 31 4079
3115 31 4123
3116 32 4133
3117 31 4177
3118 31 4190
3119 53 4211
3120 30 4137
3121 31 4170
3122 31 4161
3123 32 4147
3124 35 4195
3125 36 4169
3126 36 4165
3127 32 4183
3128 44 4163
3129 30 4177
3130 0 1
3131 39 4155
3132 38 4142
3133 33 4180
3134 0 1
3135 33 4149
3136 35 4148
3137 36 4133
3138 0 1
3139 35 4108
3140 34 4150
3141 0 1
3142 0 1
3143 0 1
3144 80 4181
3145 37 4199
3146 32 4157
3147 36 4187
3148 31 4154
3149 39 4169
3150 0 1
3151 43 4115
3152 34 4205
3153 40 4179
3154 13 2
3155 0 1
3156 0 1
3157 38 4121
3158 0 1
3159 25 3
3160 6 3
3161 17 3
3162 41 4194
3163 0 1
3164 38 4116
3165 0 1
3166 0 1
3167 7 2
3168 41 4191
3169 0 1
3170 42 4159
3171 32 4147
3172 34 4174
3173 34 4132
3174 31 4164
3175 61 4182
3176 36 4118
3177 35 4142
3178 34 4153
3179 36 4163
3180 36 4161
3181 30 4163
3182 33 4202
3183 0 1
3184 42 4201
3185 34 4166
3186 37 4144
3187 30 4167
3188 35 4169
3189 50 4180
3190 35 4179
3191 37 4192
3192 36 4177
3193 0 1
3194 39 4213
3195 0 1
3196 35 4171
3197 38 4190
3198 38 4099
3199 0 1
3200 64 4173
3201 43 4207
3202 44 4094
3203 43 4178
3204 43 4145
3205 38 4175
3206 34 4187
3207 32 4126
3208 39 4106
3209 30 4119
3210 41 4197
3211 36 4202
3212 38 4176
3213 0 1
3214 0 1
3215 37 4152
3216 34 4150
3217 39 4153
3218 0 1
3219 0 1
3220 0 1
3221 35 4147
3222 34 4162
3223 33 4118
3224 54 4103
3225 81 4152
3226 49 4172
3227 38 4144
3228 47 4157
3229 38 4180
3230 40 4184
3231 58 4157
3232 35 4164
3233 32 4151
3234 0 1
3235 38 4204
3236 37 4167
3237 0 1
3238 36 4187
3239 35 4118
3240 29 4157
3241 39 4209
3242 0 1
3243 30 4091
3244 0 1
3245 33 4158
3246 47 4181
3247 48 4159
3248 37 4201
3249 34 4136
3250 33 4190
3251 32 4186
3252 0 1
3253 46 4117
3254 37 4191
3255 35 4165
3256 35 4129
3257 34 4189
3258 31 4179
3259 41 4212
3260 0 1
3261 36 4127
3262 43 4061
3263 0 1
3264 33 4200
3265 53 4168
3266 57 4174
3267 33 4145
3268 38 4133
3269 0 1
3270 42 4146
3271 31 4137
3272 39 4171
3273 31 4225
3274 44 4141
3275 33 4134
3276 39 4177
3277 0 1
3278 0 1
3279 33 4190
3280 38 4175
3281 33 4198
3282 43 4156
3283 37 4128
3284 36 4176
3285 0 1
3286 43 4146
3287 31 4165
3288 42 4147
3289 120 4130
3290 34 4136
3291 41 4164
3292 35 4107
3293 0 1
3294 0 1
3295 36 4145
3296 30 4188
3297 42 4188
3298 0 1
3299 0 1
3300 0 1
3301 0 1
3302 52 4141
3303 35 4201
3304 39 4127
3305 0 1
3306 40 4166
3307 49 4187
3308 53 4179
3309 52 4188
3310 0 1
3311 43 4161
3312 30 4142
3313 0 1
3314 0 1
3315 34 4140
3316 39 4194
3317 29 4186
3318 31 4053
3319 0 1
3320 52 4108
3321 50 4166
3322 35 4117
3323 30 4112
3324 42 4194
3325 31 4147
3326 62 4143
3327 32 4180
3328 45 4203
3329 40 4181
3330 77 4180
3331 72 4177
3332 0 1
3333 77 4064
3334 36 4174
3335 36 4152
3336 35 4185
3337 43 4131
3338 0 1
3339 31 4121
3340 70 4148
3341 36 4150
3342 41 4127
3343 48 4193
3344 0 1
3345 35 4119
3346 33 4153
3347 56 4214
3348 29 4143
3349 35 4113
3350 0 1
3351 46 4148
3352 0 1
3353 72 4110
3354 34 4212
3355 0 1
3356 37 4174
3357 0 1
3358 0 1
3359 39 4209
3360 0 1
3361 32 4195
3362 0 1
3363 0 1
3364 78 4214
3365 67 4177
3366 42 4152
3367 35 4156
3368 0 1
3369 36 4188
3370 0 1
3371 33 4158
3372 6 2
3373 25 2
3374 0 1
3375 35 4175
3376 36 4203
3377 80 4143
3378 36 4166
3379 35 4161
3380 40 4175
3381 33 4197
3382 72 4132
3383 32 4115
3384 32 4170
3385 29 4142
3386 32 4164
3387 37 4179
3388 37 4071
3389 35 4171
3390 36 4113
3391 33 4131
3392 42 4177
3393 34 4131
3394 35 4156
3395 32 4167
3396 34 4143
3397 32 4142
3398 31 4173
3399 36 4157
3400 38 4205
3401 31 4207
3402 28 4130
3403 33 4206
3404 32 4125
3405 60 4169
3406 32 4114
3407 36 4196
3408 34 4177
3409 42 4126
3410 41 4179
3411 30 4115
3412 31 4171
3413 31 4157
3414 34 4179
3415 32 4171
3416 46 4174
3417 33 4179
3418 39 4144
3419 40 4176
3420 34 4202
3421 39 4157
3422 38 4133
3423 34 4128
3424 34 4173
3425 34 4206
3426 32 4193
3427 35 4153
3428 32 4224
3429 33 4134
3430 36 4148
3431 30 4182
3432 34 4166
3433 54 4221
3434 41 4112
3435 53 4194
3436 44 4201
3437 33 4173
3438 71 4162
3439 30 4175
3440 28 4143
3441 30 4140
3442 37 4070
3443 30 4144
3444 37 4158
3445 33 4150
3446 30 4198
3447 52 4183
3448 0 1
3449 41 4162
3450 47 4207
3451 63 4159
3452 48 4183
3453 61 4117
3454 35 4184
3455 37 4167
3456 0 1
3457 52 4145
3458 0 1
3459 0 1
3460 58 4127
3461 39 4166
3462 38 4159
3463 36 4207
3464 34 4164
3465 0 1
3466 35 4182
3467 42 4182
3468 40 4139
3469 35 4132
3470 36 4127
3471 0 1
3472 35 4150
3473 32 4154
3474 36 4145
3475 34 4134
3476 39 4163
3477 32 4156
3478 85 4116
3479 31 4115
3480 31 4121
3481 37 4180
3482 28 4217
3483 45 4178
3484 0 1
3485 0 1
3486 30 4180
3487 77 4141
3488 36 4173
3489 37 4169
3490 33 4122
3491 0 1
3492 0 1
3493 0 1
3494 34 4180
3495 0 1
3496 44 4142
3497 58 2
3498 0 1
3499 33 4167
3500 31 4155
3501 0 1
3502 39 4166
3503 0 1
3504 37 4164
3505 0 1
3506 32 4170
3507 43 4188
3508 32 4194
3509 31 4165
3510 37 4194
3511 7 2
3512 9 2
3513 49 4148
3514 0 1
3515 0 1
3516 37 4163
3517 34 4131
3518 40 4139
3519 50 4150
3520 32 4144
3521 0 1
3522 0 1
3523 34 4191
3524 59 4178
3525 38 4171
3526 45 4221
3527 0 1
3528 0 1
3529 37 4167
3530 47 4177
3531 46 4168
3532 0 1
3533 56 4162
3534 0 1
3535 0 1
3536 32 4189
3537 30 4189
3538 0 1
3539 0 1
3540 30 4164
3541 41 4116
3542 36 4143
3543 35 4144
3544 34 4159
3545 48 4176
3546 35 4166
3547 48 4144
3548 37 4124
3549 0 1
3550 0 1
3551 0 1
3552 36 4158
3553 0 1
3554 41 4176
3555 34 4175
3556 59 4136
3557 58 4166
3558 31 4184
3559 32 4132
3560 33 4147
3561 63 4172
3562 0 1
3563 30 4173
3564 36 4149
3565 35 4209
3566 0 1
3567 0 1
3568 50 4161
3569 0 1
3570 0 1
3571 36 4182
3572 37 4149
3573 36 4173
3574 0 1
3575 80 4202
3576 0 1
3577 31 4114
3578 74 4148
3579 0 1
3580 33 4179
3581 0 1
3582 96 4130
3583 0 1
3584 37 4171
3585 30 4146
3586 29 4107
3587 0 1
3588 0 1
3589 36 4154
3590 40 4153
3591 30 4165
3592 39 4170
3593 0 1
3594 0 1
3595 36 4154
3596 33 4146
3597 31 4173
3598 36 4123
3599 34 4201
3600 33 4148
3601 35 4147
3602 0 1
3603 45 4117
3604 0 1
3605 66 4187
3606 0 1
3607 66 4189
3608 32 4128
3609 38 4144
3610 29 4221
3611 28 4138
3612 53 4182
3613 0 1
3614 33 4182
3615 37 4130
3616 32 4180
3617 47 4216
3618 0 1
3619 37 4152
3620 46 4166
3621 51 4160
3622 42 4170
3623 40 4195
3624 36 4168
3625 0 1
3626 49 4141
3627 77 4148
3628 47 4153
3629 36 4153
3630 56 4137
3631 59 4119
3632 0 1
3633 41 4148
3634 38 4157
3635 0 1
3636 45 4100
3637 0 1
3638 36 4148
3639 33 4162
3640 43 4175
3641 34 4106
3642 51 4183
3643 28 4119
3644 36 4107
3645 0 1
3646 38 4135
3647 0 1
3648 30 4139
3649 0 1
3650 38 4148
3651 39 4214
3652 32 4076
3653 17 2
3654 70 4167
3655 0 1
3656 49 4185
3657 56 4175
3658 0 1
3659 32 4138
3660 34 4193
3661 0 1
3662 35 4154
3663 33 4138
3664 0 1
3665 39 4163
3666 33 4165
3667 38 4214
3668 33 4169
3669 49 4167
3670 33 4161
3671 40 4185
3672 39 4132
3673 0 1
3674 35 4182
3675 33 4126
3676 32 4128
3677 32 4153
3678 0 1
3679 36 4183
3680 0 1
3681 0 1
3682 33 4183
3683 0 1
3684 35 4181
3685 68 4142
3686 0 1
3687 37 4098
3688 38 4167
3689 40 4172
3690 35 4190
3691 36 4161
3692 0 1
3693 62 4140
3694 0 1
3695 0 1
3696 0 1
3697 0 1
3698 36 4141
3699 51 4192
3700 3 2
3701 50 4142
3702 35 4150
3703 35 4117
3704 30 4163
3705 37 4191
3706 35 4160
3707 31 4189
3708 0 1
3709 0 1
3710 0 1
3711 0 1
3712 42 4177
3713 0 1
3714 53 4156
3715 35 4179
3716 31 4170
3717 46 4143
3718 0 1
3719 44 4162
3720 33 4214
3721 31 4137
3722 38 4150
3723 33 4177
3724 30 4117
3725 37 4165
3726 0 1
3727 40 4191
3728 33 4173
3729 37 4154
3730 39 4168
3731 33 4193
3732 35 4187
3733 0 1
3734 0 1
3735 29 4201
3736 35 4137
3737 0 1
3738 47 4207
3739 41 4191
3740 41 4119
3741 33 4151
3742 35 4180
3743 59 4111
3744 0 1
3745 0 1
3746 0 1
3747 42 4137
3748 32 4139
3749 39 4140
3750 0 1
3751 0 1
3752 51 4192
3753 35 4169
3754 32 4180
3755 0 1
3756 38 4141
3757 31 4176
3758 33 4166
3759 0 1
3760 32 4200
3761 33 4178
3762 0 1
3763 87 2
3764 179 4176
3765 39 4117
3766 38 4180
3767 40 4174
3768 31 4123
3769 31 4154
3770 0 1
3771 48 4156
3772 0 1
3773 37 4158
3774 34 4172
3775 34 4234
3776 0 1
3777 45 4138
3778 0 1
3779 0 1
3780 53 4169
3781 53 4112
3782 0 1
3783 41 4134
3784 0 1
3785 36 4142
3786 39 4178
3787 0 1
3788 43 4159
3789 34 4157
3790 63 4113
3791 48 4183
3792 33 4159
3793 35 4194
3794 36 4198
3795 30 4097
3796 50 4152
3797 34 4161
3798 37 4143
3799 0 1
3800 36 4156
3801 37 4182
3802 35 4155
3803 35 4174
3804 37 4137
3805 0 1
3806 34 4155
3807 48 4205
3808 32 4200
3809 0 1
3810 0 1
3811 31 4114
3812 0 1
3813 37 4195
3814 75 4084
3815 33 4136
3816 0 1
3817 0 1
3818 0 1
3819 36 4158
3820 61 4100
3821 35 4135
3822 0 1
3823 38 4163
3824 0 1
3825 34 4174
3826 35 4169
3827 4 2
3828 5 2
3829 0 1
3830 46 4158
3831 0 1
3832 0 1
3833 0 1
3834 42 4143
3835 0 1
3836 35 4184
3837 40 4210
3838 32 4178
3839 0 1
3840 45 4123
3841 0 1
3842 42 4168
3843 0 1
3844 61 4155
3845 0 1
3846 0 1
3847 0 1
3848 36 4160
3849 34 4226
3850 46 4139
3851 42 4150
3852 31 4158
3853 0 1
3854 39 4151
3855 32 4162
3856 0 1
3857 0 1
3858 0 1
3859 0 1
3860 34 4209
3861 49 4166
3862 32 4187
3863 32 4155
3864 35 4096
3865 37 4152
3866 39 4127
3867 0 1
3868 44 4132
3869 0 1
3870 31 4144
3871 32 4219
3872 0 1
3873 0 1
3874 0 1
3875 31 4180
3876 0 1
3877 0 1
3878 0 1
3879 37 4183
3880 0 1
3881 0 1
3882 33 4163
3883 31 4177
3884 32 4105
3885 61 4142
3886 32 4159
3887 36 4174
3888 0 1
3889 40 4181
3890 33 4173
3891 32 4127
3892 0 1
3893 34 4238
3894 60 4103
3895 0 1
3896 40 4186
3897 34 4188
3898 0 1
3899 0 1
3900 0 1
3901 9 2
3902 0 1
3903 36 4142
3904 29 4159
3905 37 4144
3906 51 4193
3907 43 4145
3908 31 4211
3909 32 4119
3910 43 4153
3911 86 4204
3912 33 4156
3913 42 4162
3914 37 4220
3915 45 4189
3916 68 4166
3917 48 4143
3918 40 4181
3919 39 4186
3920 49 4135
3921 36 4171
3922 32 4193
3923 33 4152
3924 51 4119
3925 59 4168
3926 62 4128
3927 32 4176
3928 34 4160
3929 31 4162
3930 32 4179
3931 82 4158
3932 37 4189
3933 40 4143
3934 44 4169
3935 48 4138
3936 43 4097
3937 44 4154
3938 0 1
3939 0 1
3940 32 4210
3941 48 4180
3942 107 4192
3943 41 4174
3944 62 4120
3945 59 4152
3946 34 4147
3947 50 4169
3948 47 4141
3949 75 4096
3950 35 4108
3951 38 4202
3952 37 4131
3953 49 4180
3954 0 1
3955 0 1
3956 0 1
3957 42 4129
3958 0 1
3959 0 1
3960 34 4169
3961 38 4169
3962 0 1
3963 40 4198
3964 37 4169
3965 0 1
3966 0 1
3967 0 1
3968 124 4183
3969 39 4172
3970 42 4200
3971 39 4148
3972 0 1
3973 0 1
3974 0 1
3975 0 1
3976 0 1
3977 0 1
3978 0 1
3979 59 4164
3980 86 4146
3981 35 4138
3982 53 4206
3983 36 4163
3984 29 4142
3985 31 4108
3986 0 1
3987 43 4185
3988 32 4160
3989 39 4177
3990 0 1
3991 0 1
3992 0 1
3993 0 1
3994 33 4180
3995 34 4217
3996 0 1
3997 0 1
3998 0 1
3999 0 1
4000 0 1
4001 29 4168
4002 32 4128
4003 39 4145
4004 35 4181
4005 38 4147
4006 0 1
4007 34 4177
4008 45 4138
4009 31 4168
4010 0 1
4011 98 4100
4012 0 1
4013 0 1
4014 35 4178
4015 40 4167
4016 0 1
4017 68 4168
4018 31 4173
4019 50 4185
4020 56 4139
4021 33 4178
4022 53 4152
4023 52 4169
4024 28 4165
4025 41 4136
4026 125 4114
4027 47 4170
4028 36 4128
4029 33 4187
4030 39 4168
4031 0 1
4032 42 4154
4033 43 4186
4034 33 4137
4035 0 1
4036 30 4193
4037 47 4123
4038 0 1
4039 0 1
4040 34 4209
4041 47 4216
4042 58 4126
4043 42 4172
4044 0 1
4045 35 4163
4046 40 4133
4047 0 1
4048 0 1
4049 0 1
4050 35 4118
4051 37 4146
4052 54 4133
4053 0 1
4054 0 1
4055 0 1
4056 37 4120
4057 0 1
4058 0 1
4059 0 1
4060 0 1
4061 46 4127
4062 35 4130
4063 0 1
4064 35 4198
4065 35 4160
4066 36 4209
4067 100 4141
4068 38 4170
4069 0 1
4070 33 4149
4071 0 1
4072 37 4170
4073 44 4139
4074 29 4141
4075 33 4169
4076 33 4139
4077 111 4186
4078 0 1
4079 63 4133
4080 29 4168
4081 33 4154
4082 36 4154
4083 0 1
4084 59 4185
4085 0 1
4086 31 4106
4087 41 4196
4088 0 1
4089 0 1
4090 36 4160
4091 41 4151
4092 36 4129
4093 35 4099
4094 0 1
4095 42 4173
4096 40 4224
4097 31 4120
4098 0 1
4099 33 4149
4100 31 4116
4101 38 4146
4102 37 4187
4103 0 1
4104 32 4168
4105 32 4136
4106 32 4144
4107 38 4154
4108 0 1
4109 58 4161
4110 31 4165
4111 40 4193
4112 34 4162
4113 40 4144
4114 39 4197
4115 44 4134
4116 33 4168
4117 0 1
4118 38 4132
4119 30 4082
4120 38 4184
4121 53 4190
4122 38 4191
4123 40 4166
4124 51 4113
4125 42 4131
4126 0 1
4127 0 1
4128 35 4211
4129 36 4176
4130 29 4154
4131 32 4174
4132 70 4168
4133 41 4186
4134 33 4167
4135 0 1
4136 21 2
4137 0 1
4138 35 4176
4139 34 4124
4140 45 4144
4141 42 4188
4142 34 4237
4143 45 4160
4144 48 4112
4145 38 4206
4146 41 4173
4147 46 4154
4148 34 4157
4149 32 4128
4150 36 4131
4151 38 4116
4152 56 4155
4153 0 1
4154 32 4122
4155 40 4190
4156 37 4195
4157 38 4152
4158 38 4144
4159 51 4191
4160 0 1
4161 0 1
4162 40 4138
4163 28 4142
4164 38 4130
4165 46 4171
4166 33 4120
4167 35 4124
4168 29 2
4169 41 4118
4170 0 1
4171 0 1
4172 41 4194
4173 0 1
4174 44 4171
4175 33 4177
4176 42 4183
4177 36 4134
4178 38 4192
4179 43 4134
4180 86 4180
4181 33 4089
4182 39 4202
4183 35 4144
4184 31 4136
4185 38 4149
4186 0 1
4187 0 1
4188 34 4217
4189 0 1
4190 34 4133
4191 0 1
4192 39 4137
4193 35 4164
4194 36 4151
4195 32 4172
4196 0 1
4197 33 4176
4198 0 1
4199 34 4152
4200 41 4152
4201 35 4174
4202 0 1
4203 38 4134
4204 36 4127
4205 32 4142
4206 38 4166
4207 35 4124
4208 37 4157
4209 0 1
4210 33 4176
4211 0 1
4212 61 4173
4213 36 4131
4214 34 4181
4215 39 4122
4216 43 4160
4217 32 4120
4218 37 4141
4219 37 4148
4220 37 4151
4221 39 4126
4222 40 4157
4223 75 4138
4224 37 4164
4225 43 4216
4226 35 4181
4227 0 1
4228 0 1
4229 38 4200
4230 40 4156
4231 35 4174
4232 0 1
4233 56 4158
4234 31 4172
4235 34 4201
4236 35 4176
4237 34 4185
4238 36 4154
4239 0 1
4240 0 1
4241 0 1
4242 37 4160
4243 39 4153
4244 44 4149
4245 0 1
4246 65 4223
4247 30 4124
4248 0 1
4249 34 4151
4250 36 4187
4251 0 1
4252 34 4151
4253 32 4220
4254 47 4104
4255 0 1
4256 35 4137
4257 41 4186
4258 88 4109
4259 38 4215
4260 37 4167
4261 42 4142
4262 128 4163
4263 48 4201
4264 37 4153
4265 34 4137
4266 0 1
4267 101 4151
4268 0 1
4269 0 1
4270 32 4160
4271 32 4184
4272 33 4183
4273 0 1
4274 0 1
4275 37 4178
4276 46 4157
4277 36 4170
4278 0 1
4279 53 4179
4280 57 4100
4281 44 4193
4282 36 4219
4283 0 1
4284 42 4143
4285 54 4160
4286 0 1
4287 32 4233
4288 42 4147
4289 48 4176
4290 54 4182
4291 0 1
4292 47 4195
4293 61 4156
4294 33 4172
4295 42 4194
4296 35 4133
4297 0 1
4298 0 1
4299 0 1
4300 40 4118
4301 30 4174
4302 42 4192
4303 0 1
4304 41 4156
4305 38 4114
4306 0 1
4307 35 4120
4308 0 1
4309 0 1
4310 0 1
4311 49 4197
4312 0 1
4313 53 4139
4314 36 4189
4315 81 4167
4316 0 1
4317 34 4159
4318 38 4160
4319 0 1
4320 47 4133
4321 35 4114
4322 0 1
4323 0 1
4324 0 1
4325 56 4122
4326 35 4179
4327 47 4117
4328 42 4152
4329 0 1
4330 0 1
4331 59 4170
4332 28 4166
4333 51 4162
4334 34 4163
4335 52 4163
4336 0 1
4337 0 1
4338 0 1
4339 0 1
4340 0 1
4341 34 4162
4342 41 4115
4343 35 4140
4344 41 4134
4345 44 4172
4346 41 4182
4347 37 4208
4348 34 4164
4349 65 4215
4350 47 4169
4351 41 4133
4352 37 4116
4353 0 1
4354 42 4155
4355 0 1
4356 57 4159
4357 0 1
4358 41 4159
4359 48 4178
4360 0 1
4361 0 1
4362 34 4139
4363 32 4194
4364 39 4134
4365 41 4218
4366 0 1
4367 0 1
4368 37 4140
4369 0 1
4370 35 4190
4371 41 4163
4372 30 4102
4373 0 1
4374 0 1
4375 0 1
4376 41 4139
4377 37 4165
4378 36 4166
4379 0 1
4380 0 1
4381 33 4161
4382 45 4147
4383 37 4234
4384 40 4137
4385 36 4095
4386 0 1
4387 52 4216
4388 34 4092
4389 44 4114
4390 0 1
4391 32 4155
4392 0 1
4393 35 4135
4394 40 4161
4395 57 4117
4396 41 4102
4397 57 4153
4398 58 4128
4399 39 4158
4400 33 4192
4401 0 1
4402 0 1
4403 39 4126
4404 31 4144
4405 31 4117
4406 63 4138
4407 42 4145
4408 37 4133
4409 35 4101
4410 0 1
4411 36 4166
4412 43 4208
4413 35 4158
4414 50 4182
4415 0 1
4416 0 1
4417 0 1
4418 55 4225
4419 35 4097
4420 34 4183
4421 0 1
4422 35 4135
4423 34 4195
4424 36 4182
4425 45 4191
4426 36 4221
4427 47 4060
4428 0 1
4429 52 4187
4430 56 4175
4431 35 4126
4432 33 4089
4433 34 4160
4434 46 4188
4435 0 1
4436 0 1
4437 0 1
4438 34 4160
4439 0 1
4440 0 1
4441 34 4114
4442 37 4203
4443 35 4165
4444 0 1
4445 0 1
4446 39 4160
4447 42 4140
4448 49 4137
4449 0 1
4450 0 1
4451 0 1
4452 0 1
4453 0 1
4454 30 4128
4455 30 4160
4456 0 1
4457 36 4142
4458 94 4152
4459 0 1
4460 52 4141
4461 54 4142
4462 0 1
4463 69 4201
4464 45 4133
4465 0 1
4466 0 1
4467 33 4148
4468 0 1
4469 42 4131
4470 77 4103
4471 43 4127
4472 0 1
4473 0 1
4474 0 1
4475 0 1
4476 0 1
4477 0 1
4478 71 4146
4479 30 4175
4480 0 1
4481 0 1
4482 0 1
4483 55 4191
4484 39 4116
4485 0 1
4486 46 4160
4487 0 1
4488 0 1
4489 41 4173
4490 36 4155
4491 30 4141
4492 44 4188
4493 46 4235
4494 0 1
4495 33 4198
4496 31 4192
4497 36 4149
4498 37 4172
4499 0 1
4500 0 1
4501 39 4187
4502 42 4154
4503 44 4167
4504 59 4141
4505 35 4143
4506 44 4121
4507 87 4139
4508 40 4108
4509 35 4173
4510 37 4135
4511 39 4185
4512 33 4105
4513 39 4134
4514 55 4110
4515 37 4181
4516 37 4183
4517 33 4212
4518 34 4158
4519 34 4116
4520 0 1
4521 32 4148
4522 30 4182
4523 0 1
4524 0 1
4525 36 4157
4526 48 4138
4527 41 4192
4528 0 1
4529 0 1
4530 0 1
4531 0 1
4532 49 4201
4533 61 4165
4534 0 1
4535 0 1
4536 0 1
4537 0 1
4538 35 4164
4539 38 4173
4540 0 1
4541 37 4165
4542 36 4178
4543 35 4133
4544 41 4192
4545 0 1
4546 31 4068
4547 46 4196
4548 0 1
4549 0 1
4550 0 1
4551 0 1
4552 41 4202
4553 0 1
4554 0 1
4555 0 1
4556 50 4144
4557 32 4172
4558 51 4163
4559 0 1
4560 0 1
4561 0 1
4562 0 1
4563 59 4138
4564 60 4191
4565 48 4123
4566 0 1
4567 0 1
4568 0 1
4569 0 1
4570 34 2
4571 46 2
4572 62 4149
4573 50 4126
4574 34 4165
4575 36 4164
4576 0 1
4577 33 4164
4578 70 4150
4579 36 4189
4580 31 4117
4581 33 4170
4582 32 4140
4583 0 1
4584 15 2
4585 24 2
4586 46 4186
4587 32 4165
4588 0 1
4589 0 1
4590 39 4168
4591 50 4197
4592 0 1
4593 0 1
4594 0 1
4595 35 4188
4596 34 4144
4597 42 4156
4598 42 4154
4599 38 4162
4600 33 4109
4601 45 4167
4602 37 4167
4603 37 4137
4604 41 4133
4605 55 4164
4606 36 4203
4607 48 4135
4608 57 4172
4609 32 4167
4610 44 4172
4611 68 4151
4612 0 1
4613 52 4107
4614 32 4134
4615 36 4161
4616 43 4173
4617 47 4154
4618 42 4197
4619 42 4130
4620 35 4137
4621 37 4127
4622 57 4127
4623 0 1
4624 37 4185
4625 49 2
4626 45 4175
4627 50 4133
4628 53 4163
4629 0 1
4630 0 1
4631 32 4168
4632 31 4175
4633 0 1
4634 30 4178
4635 0 1
4636 41 4159
4637 0 1
4638 31 4135
4639 36 4154
4640 35 4112
4641 31 4201
4642 31 4130
4643 48 4196
4644 47 4145
4645 0 1
4646 38 4166
4647 34 4155
4648 34 4169
4649 36 4181
4650 39 4164
4651 30 4198
4652 33 4179
4653 41 4169
4654 41 4160
4655 0 1
4656 53 4105
4657 0 1
4658 47 4175
4659 46 4135
4660 0 1
4661 0 1
4662 46 4194
4663 39 4128
4664 33 4182
4665 34 4201
4666 0 1
4667 0 1
4668 42 4200
4669 37 4110
4670 36 4153
4671 39 4138
4672 30 4162
4673 43 4093
4674 42 4206
4675 0 1
4676 0 1
4677 34 4161
4678 40 4162
4679 36 4108
4680 64 4123
4681 45 4179
4682 26 2
4683 0 1
4684 41 4163
4685 42 4152
4686 0 1
4687 41 4211
4688 51 4159
4689 41 4189
4690 34 4156
4691 31 4186
4692 0 1
4693 36 4214
4694 34 4195
4695 33 4140
4696 29 4094
4697 0 1
4698 35 4105
4699 35 4202
4700 32 4156
4701 0 1
4702 30 4180
4703 64 4113
4704 0 1
4705 0 1
4706 0 1
4707 0 1
4708 0 1
4709 0 1
4710 40 4158
4711 28 4105
4712 28 4151
4713 31 4175
4714 35 4120
4715 40 4212
4716 34 4095
4717 44 4150
4718 0 1
4719 40 4172
4720 36 4169
4721 0 1
4722 36 4199
4723 44 4221
4724 0 1
4725 35 4197
4726 38 4085
4727 35 4160
4728 0 1
4729 0 1
4730 0 1
4731 0 1
4732 0 1
4733 37 4189
4734 0 1
4735 30 4169
4736 55 4128
4737 37 4181
4738 35 4160
4739 69 4123
4740 46 4138
4741 51 4189
4742 33 4183
4743 40 4169
4744 34 4199
4745 33 4226
4746 46 4168
4747 37 4139
4748 30 4152
4749 0 1
4750 35 4109
4751 66 4183
4752 35 4163
4753 0 1
4754 39 4164
4755 0 1
4756 0 1
4757 32 4160
4758 0 1
4759 0 1
4760 0 1
4761 0 1
4762 43 4161
4763 78 4166
4764 0 1
4765 57 4087
4766 33 4127
4767 73 4151
4768 36 4124
4769 55 4162
4770 34 4128
4771 49 4129
4772 89 4145
4773 32 4187
4774 34 4167
4775 41 4144
4776 0 1
4777 0 1
4778 39 4110
4779 40 4168
4780 64 4155
4781 65 4167
4782 44 4137
4783 52 4205
4784 47 4176
4785 0 1
4786 43 4164
4787 0 1
4788 3 2
4789 0 1
4790 0 1
4791 26 2
4792 78 2
4793 0 1
4794 35 4143
4795 80 4151
4796 0 1
4797 0 1
4798 42 4165
4799 32 4164
4800 34 4140
4801 42 4214
4802 81 4207
4803 30 4149
4804 35 4160
4805 0 1
4806 0 1
4807 44 4182
4808 49 4092
4809 32 4174
4810 37 4171
4811 36 4182
4812 0 1
4813 35 4189
4814 0 1
4815 55 4169
4816 34 4138
4817 0 1
4818 42 4157
4819 0 1
4820 0 1
4821 0 1
4822 37 4169
4823 0 1
4824 0 1
4825 0 1
4826 47 4209
4827 0 1
4828 0 1
4829 49 4162
4830 87 4163
4831 29 4173
4832 0 1
4833 0 1
4834 47 4137
4835 0 1
4836 0 1
4837 32 4183
4838 58 4177
4839 0 1
4840 50 4181
4841 39 4236
4842 0 1
4843 43 4169
4844 0 1
4845 37 4158
4846 0 1
4847 51 4214
4848 45 4160
4849 49 4164
4850 35 4147
4851 0 1
4852 84 4151
4853 75 4180
4854 1 2
4855 0 1
4856 0 1
4857 0 1
4858 0 1
4859 47 4176
4860 71 4146
4861 35 4179
4862 70 4185
4863 79 4113
4864 38 4164
4865 0 1
4866 0 1
4867 40 4183
4868 41 4209
4869 32 4148
4870 43 4176
4871 48 4147
4872 0 1
4873 0 1
4874 28 4145
4875 34 4144
4876 47 4170
4877 34 4171
4878 45 4129
4879 36 4174
4880 34 4186
4881 31 4159
4882 38 4150
4883 44 4133
4884 30 4141
4885 45 4151
4886 30 4146
4887 28 4158
4888 34 4184
4889 33 4182
4890 36 4194
4891 44 4176
4892 35 4224
4893 33 4132
4894 32 4167
4895 43 4172
4896 37 4149
4897 39 4106
4898 67 4167
4899 42 4140
4900 38 4200
4901 40 4140
4902 38 4137
4903 51 4145
4904 51 4157
4905 32 4138
4906 40 4154
4907 38 4132
4908 101 4212
4909 52 4179
4910 34 4189
4911 0 1
4912 44 4177
4913 0 1
4914 43 4148
4915 56 4159
4916 52 4161
4917 38 4149
4918 37 4167
4919 31 4173
4920 34 4148
4921 61 4185
4922 44 4135
4923 38 4184
4924 67 4139
4925 40 4163
4926 56 4133
4927 35 4138
4928 0 1
4929 36 4148
4930 44 2
4931 13 2
4932 0 1
4933 102 4117
4934 44 4144
4935 37 4180
4936 35 4134
4937 32 4112
4938 49 4154
4939 36 4172
4940 38 4162
4941 32 4164
4942 47 4193
4943 47 4153
4944 0 1
4945 58 4128
4946 70 4186
4947 0 1
4948 57 4214
4949 42 4171
4950 35 4200
4951 0 1
4952 30 4165
4953 45 4160
4954 37 4171
4955 41 4155
4956 35 4199
4957 38 4193
4958 36 4160
4959 0 1
4960 0 1
4961 42 4154
4962 43 4132
4963 41 4160
4964 37 4152
4965 41 4189
4966 87 4178
4967 35 4135
4968 43 4168
4969 32 4149
4970 88 4194
4971 0 1
4972 42 4174
4973 42 4099
4974 53 4185
4975 66 4178
4976 47 4144
4977 0 1
4978 38 4161
4979 32 4130
4980 45 4146
4981 88 4174
4982 43 4143
4983 47 4162
4984 64 4156
4985 37 4206
4986 53 4141
4987 33 4176
4988 0 1
4989 35 4179
4990 0 1
4991 0 1
4992 0 1
4993 31 4186
4994 34 4142
4995 0 1
4996 43 4166
4997 0 1
4998 85 4198
4999 28 2
5000 3 2
5001 40 4159
5002 0 1
5003 50 4173
5004 34 4190
5005 36 4128
5006 32 4167
5007 47 4168
5008 35 4162
5009 38 4160
5010 34 4141
5011 33 4128
5012 43 4171
5013 60 4165
5014 30 4188
5015 32 4184
5016 49 4135
5017 62 4160
5018 41 4136
5019 37 4142
5020 44 4139
5021 65 4191
5022 131 4124
5023 37 4156
5024 0 1
5025 39 4144
5026 59 4182
5027 0 1
5028 39 4114
5029 45 4166
5030 43 4197
5031 38 4146
5032 81 4113
5033 38 4139
5034 71 4222
5035 56 4188
5036 48 4140
5037 51 4129
5038 71 4120
5039 38 4157
5040 56 4127
5041 46 4169
5042 71 4180
5043 0 1
5044 0 1
5045 36 4145
5046 42 4157
5047 56 4129
5048 30 4173
5049 44 4165
5050 71 4135
5051 33 4165
5052 54 4115
5053 39 4169
5054 44 4129
5055 48 4123
5056 47 4157
5057 0 1
5058 32 4131
5059 37 4174
5060 36 4152
5061 41 4148
5062 31 4235
5063 35 4176
5064 32 4182
5065 54 4165
5066 0 1
5067 0 1
5068 41 4172
5069 0 1
5070 0 1
5071 36 4153
5072 67 4177
5073 0 1
5074 0 1
5075 40 4184
5076 39 4155
5077 0 1
5078 7 2
5079 8 2
5080 0 1
5081 0 1
5082 50 4128
5083 48 4163
5084 46 4164
5085 53 4195
5086 40 4152
5087 53 4172
5088 6 2
5089 1 2
5090 0 1
5091 86 4113
5092 35 4195
5093 30 4178
5094 41 4137
5095 0 1
5096 0 1
5097 0 1
5098 0 1
5099 37 4181
5100 54 4207
5101 0 1
5102 0 1
5103 0 1
5104 0 1
5105 34 4149
5106 0 1
5107 43 4143
5108 35 4130
5109 61 4164
5110 0 1
5111 39 4162
5112 47 4214
5113 42 4173
5114 6 2
5115 18 2
5116 0 1
5117 52 4160
5118 0 1
5119 42 4144
5120 0 1
5121 0 1
5122 0 1
5123 41 4177
5124 0 1
5125 0 1
5126 47 4149
5127 52 4204
5128 0 1
5129 0 1
5130 0 1
5131 1 2
5132 22 2
5133 0 1
5134 31 4138
5135 0 1
5136 41 4215
5137 0 1
5138 49 4174
5139 0 1
5140 0 1
5141 36 4190
5142 0 1
5143 0 1
5144 0 1
5145 31 4167
5146 44 4209
5147 0 1
5148 0 1
5149 36 4168
5150 0 1
5151 0 1
5152 44 4195
5153 0 1
5154 0 1
5155 8 2
5156 30 2
5157 0 1
5158 0 1
5159 35 4124
5160 39 4086
5161 0 1
5162 45 4141
5163 0 1
5164 39 4137
5165 41 4155
5166 0 1
5167 34 4165
5168 0 1
5169 64 4231
5170 0 1
5171 35 4215
5172 0 1
5173 0 1
5174 0 1
5175 32 4190
5176 0 1
5177 0 1
5178 0 1
5179 31 4132
5180 0 1
5181 0 1
5182 0 1
5183 40 4117
5184 57 4113
5185 40 4131
5186 0 1
5187 43 4178
5188 0 1
5189 0 1
5190 53 4151
5191 0 1
5192 68 4213
5193 53 4151
5194 57 4176
5195 37 4159
5196 37 4160
5197 0 1
5198 0 1
5199 0 1
5200 45 4125
5201 36 4209
5202 0 1
5203 0 1
5204 30 4183
5205 59 4150
5206 31 4169
5207 0 1
5208 0 1
5209 80 4174
5210 0 1
5211 0 1
5212 0 1
5213 0 1
5214 0 1
5215 38 4154
5216 78 4212
5217 51 4231
5218 0 1
5219 0 1
5220 34 4168
5221 32 4186
5222 44 4168
5223 0 1
5224 0 1
5225 0 1
5226 2 2
5227 42 4109
5228 32 2
5229 32 2
5230 84 4166
5231 0 1
5232 76 4190
5233 0 1
5234 51 4139
5235 37 4131
5236 0 1
5237 0 1
5238 53 4152
5239 37 4199
5240 48 4177
5241 67 4162
5242 0 1
5243 31 4174
5244 0 1
5245 47 4157
5246 0 1
5247 31 4133
5248 36 4194
5249 47 4173
5250 0 1
5251 34 4117
5252 79 4169
5253 0 1
5254 0 1
5255 43 4156
5256 0 1
5257 35 4184
5258 49 4144
5259 0 1
5260 48 4197
5261 0 1
5262 0 1
5263 0 1
5264 40 4175
5265 55 4162
5266 33 4215
5267 30 4221
5268 0 1
5269 47 4160
5270 40 4155
5271 49 4132
5272 78 4224
5273 34 4182
5274 27 4161
5275 0 1
5276 0 1
5277 42 4143
5278 0 1
5279 0 1
5280 0 1
5281 0 1
5282 30 4200
5283 0 1
5284 77 4125
5285 57 4127
5286 87 4104
5287 40 4145
5288 0 1
5289 60 4173
5290 54 4113
5291 41 4132
5292 0 1
5293 69 4109
5294 33 4209
5295 48 4162
5296 0 1
5297 0 1
5298 0 1
5299 34 4142
5300 33 4176
5301 0 1
5302 86 4117
5303 84 4180
5304 0 1
5305 37 4156
5306 78 4147
5307 43 4137
5308 0 1
5309 33 4218
5310 0 1
5311 0 1
5312 0 1
5313 47 4177
5314 34 4142
5315 0 1
5316 60 4167
5317 35 4164
5318 0 1
5319 0 1
5320 82 4233
5321 36 4141
5322 0 1
5323 0 1
5324 33 4138
5325 77 4185
5326 38 4217
5327 36 4175
5328 29 4183
5329 0 1
5330 0 1
5331 26 2
5332 43 4165
5333 0 1
5334 0 1
5335 0 1
5336 78 4131
5337 43 4150
5338 0 1
5339 50 4136
5340 7 2
5341 0 1
5342 0 1
5343 0 1
5344 0 1
5345 43 4130
5346 35 4134
5347 83 4187
5348 51 4122
5349 0 1
5350 119 4101
5351 0 1
5352 0 1
5353 0 1
5354 0 1
5355 34 4111
5356 33 4197
5357 45 4209
5358 45 4094
5359 57 4107
5360 0 1
5361 27 4178
5362 35 4192
5363 48 4143
5364 0 1
5365 0 1
5366 59 4185
5367 47 4153
5368 0 1
5369 0 1
5370 35 4168
5371 140 4154
5372 30 4148
5373 41 4138
5374 44 4205
5375 38 4153
5376 37 4133
5377 0 1
5378 37 4176
5379 0 1
5380 33 4104
5381 0 1
5382 0 1
5383 28 4160
5384 48 4146
5385 37 4129
5386 0 1
5387 33 4130
5388 10 2
5389 30 4094
5390 84 4210
5391 0 1
5392 35 4170
5393 56 4160
5394 52 4173
5395 0 1
5396 0 1
5397 0 1
5398 0 1
5399 32 4165
5400 0 1
5401 0 1
5402 38 4178
5403 38 4172
5404 0 1
5405 0 1
5406 43 4206
5407 33 4190
5408 0 1
5409 0 1
5410 40 4136
5411 33 4161
5412 0 1
5413 0 1
5414 38 4142
5415 0 1
5416 43 4172
5417 0 1
5418 0 1
5419 50 4165
5420 38 4124
5421 0 1
5422 0 1
5423 0 1
5424 37 4147
5425 39 4193
5426 35 4176
5427 38 4163
5428 0 1
5429 75 4130
5430 57 4152
5431 1 2
5432 15 2
5433 39 4106
5434 37 4155
5435 38 4085
5436 40 4161
5437 31 4160
5438 0 1
5439 0 1
5440 43 4196
5441 43 4136
5442 56 4128
5443 0 1
5444 36 4160
5445 35 4132
5446 38 4203
5447 34 4123
5448 0 1
5449 0 1
5450 61 4144
5451 39 4171
5452 53 4150
5453 0 1
5454 39 4207
5455 66 4160
5456 0 1
5457 0 1
5458 49 4175
5459 34 4135
5460 33 4109
5461 34 4153
5462 0 1
5463 0 1
5464 0 1
5465 12 2
5466 0 1
5467 51 4160
5468 0 1
5469 35 4172
5470 0 1
5471 51 4166
5472 0 1
5473 0 1
5474 38 4165
5475 35 4220
5476 37 4189
5477 0 1
5478 28 4148
5479 64 4169
5480 0 1
5481 0 1
5482 31 4144
5483 32 4102
5484 0 1
5485 39 4208
5486 46 4137
5487 37 4147
5488 34 4188
5489 35 4174
5490 39 4158
5491 51 4123
5492 40 4174
5493 39 4187
5494 38 4149
5495 61 4181
5496 47 4128
5497 35 4135
5498 0 1
5499 0 1
5500 0 1
5501 56 4168
5502 46 4138
5503 0 1
5504 70 4144
5505 53 4169
5506 62 2
5507 0 1
5508 0 1
5509 0 1
5510 39 4145
5511 0 1
5512 35 4103
5513 32 4119
5514 0 1
5515 35 4163
5516 37 4222
5517 23 2
5518 11 2
5519 0 1
5520 0 1
5521 0 1
5522 0 1
5523 37 4173
5524 36 4194
5525 42 4175
5526 38 4174
5527 46 4136
5528 0 1
5529 0 1
5530 37 4141
5531 0 1
5532 0 1
5533 0 1
5534 56 4143
5535 0 1
5536 0 1
5537 44 4147
5538 0 1
5539 36 4209
5540 54 4218
5541 0 1
5542 0 1
5543 41 4166
5544 0 1
5545 49 4159
5546 0 1
5547 0 1
5548 60 4144
5549 0 1
5550 0 1
5551 37 4101
5552 43 4151
5553 41 4126
5554 32 4180
5555 38 4187
5556 63 4182
5557 41 4146
5558 0 1
5559 120 2
5560 3 2
5561 57 4211
5562 68 4137
5563 48 4176
5564 41 4140
5565 0 1
5566 62 4164
5567 0 1
5568 0 1
5569 0 1
5570 66 4170
5571 0 1
5572 33 4108
5573 0 1
5574 0 1
5575 0 1
5576 0 1
5577 34 4133
5578 0 1
5579 0 1
5580 0 1
5581 52 4168
5582 52 4164
5583 33 4135
5584 0 1
5585 0 1
5586 68 4132
5587 39 4172
5588 0 1
5589 0 1
5590 62 4159
5591 36 4138
5592 0 1
5593 45 4148
5594 0 1
5595 39 4134
5596 0 1
5597 0 1
5598 0 1
5599 0 1
5600 0 1
5601 57 4165
5602 34 4162
5603 28 4134
5604 41 4141
5605 0 1
5606 45 4180
5607 71 4174
5608 46 4139
5609 45 4184
5610 56 4126
5611 36 4161
5612 59 4135
5613 44 4198
5614 62 4097
5615 47 4125
5616 47 4165
5617 0 1
5618 40 4135
5619 0 1
5620 52 4156
5621 72 4199
5622 56 4142
5623 45 4176
5624 41 4192
5625 40 4160
5626 32 4194
5627 38 4175
5628 36 4215
5629 39 4166
5630 71 4162
5631 0 1
5632 45 4215
5633 61 4155
5634 37 4166
5635 77 4123
5636 43 4161
5637 32 4175
5638 0 1
5639 40 4182
5640 49 4137
5641 35 4152
5642 37 4178
5643 50 4068
5644 38 4143
5645 0 1
5646 52 4137
5647 42 4138
5648 0 1
5649 0 1
5650 0 1
5651 0 1
5652 40 4156
5653 0 1
5654 39 4195
5655 0 1
5656 33 4171
5657 44 4176
5658 172 4158
5659 47 4149
5660 38 4171
5661 44 4115
5662 37 4181
5663 44 4153
5664 0 1
5665 0 1
5666 107 4193
5667 0 1
5668 32 4171
5669 0 1
5670 0 1
5671 0 1
5672 42 4120
5673 0 1
5674 0 1
5675 0 1
5676 0 1
5677 0 1
5678 62 4178
5679 35 4175
5680 36 4207
5681 0 1
5682 0 1
5683 45 4138
5684 0 1
5685 9 2
5686 0 1
5687 40 4125
5688 0 1
5689 42 4157
5690 33 4172
5691 85 4129
5692 37 4122
5693 48 4146
5694 0 1
5695 0 1
5696 42 4133
5697 34 4160
5698 0 1
5699 0 1
5700 0 1
5701 79 4193
5702 0 1
5703 0 1
5704 42 4172
5705 0 1
5706 37 4139
5707 0 1
5708 0 1
5709 34 4133
5710 42 4196
5711 41 4173
5712 0 1
5713 49 4136
5714 0 1
5715 39 4173
5716 54 4156
5717 57 4181
5718 0 1
5719 0 1
5720 52 4192
5721 36 4157
5722 36 4123
5723 48 4143
5724 35 4167
5725 0 1
5726 0 1
5727 0 1
5728 1 2
5729 8 2
5730 37 4169
5731 33 4202
5732 0 1
5733 0 1
5734 0 1
5735 38 4144
5736 47 4158
5737 43 4191
5738 44 4197
5739 36 4182
5740 67 4177
5741 0 1
5742 35 4199
5743 76 4145
5744 39 4165
5745 53 4164
5746 0 1
5747 0 1
5748 46 4174
5749 0 1
5750 0 1
5751 0 1
5752 0 1
5753 0 1
5754 0 1
5755 0 1
5756 49 4227
5757 0 1
5758 0 1
5759 0 1
5760 39 4155
5761 3 2
5762 0 1
5763 35 4159
5764 0 1
5765 0 1
5766 1 2
5767 33 4171
5768 0 1
5769 41 4129
5770 0 1
5771 0 1
5772 0 1
5773 0 1
5774 0 1
5775 0 1
5776 0 1
5777 32 4228
5778 38 4164
5779 43 4132
5780 0 1
5781 70 4126
5782 0 1
5783 41 4094
5784 35 4162
5785 66 4160
5786 54 4124
5787 65 4193
5788 0 1
5789 0 1
5790 41 4120
5791 0 1
5792 0 1
5793 45 4136
5794 41 4171
5795 0 1
5796 0 1
5797 0 1
5798 0 1
5799 0 1
5800 0 1
5801 0 1
5802 36 4175
5803 37 4115
5804 71 4133
5805 49 4137
5806 38 4181
5807 0 1
5808 39 4150
5809 42 4135
5810 0 1
5811 0 1
5812 0 1
5813 0 1
5814 32 4096
5815 0 1
5816 0 1
5817 47 4148
5818 49 4128
5819 57 4204
5820 70 4179
5821 33 4172
5822 0 1
5823 28 4108
5824 0 1
5825 33 4175
5826 38 4126
5827 42 4186
5828 0 1
5829 0 1
5830 0 1
5831 0 1
5832 37 4143
5833 53 4132
5834 0 1
5835 0 1
5836 0 1
5837 42 4188
5838 0 1
5839 46 4120
5840 53 4209
5841 0 1
5842 0 1
5843 0 1
5844 32 4207
5845 0 1
5846 0 1
5847 37 2
5848 37 4170
5849 66 4207
5850 0 1
5851 69 4132
5852 0 1
5853 0 1
5854 38 4124
5855 36 4121
5856 0 1
5857 0 1
5858 0 1
5859 61 4110
5860 52 4212
5861 64 4170
5862 0 1
5863 38 4139
5864 0 1
5865 0 1
5866 0 1
5867 39 4149
5868 54 4152
5869 0 1
5870 37 4146
5871 39 4076
5872 42 4148
5873 49 4184
5874 0 1
5875 56 4200
5876 0 1
5877 47 4169
5878 33 4107
5879 34 4187
5880 0 1
5881 37 4177
5882 39 4161
5883 38 4160
5884 0 1
5885 0 1
5886 38 4201
5887 35 4138
5888 0 1
5889 0 1
5890 30 4139
5891 0 1
5892 0 1
5893 43 4145
5894 0 1
5895 0 1
5896 0 1
5897 0 1
5898 31 4191
5899 36 4184
5900 0 1
5901 0 1
5902 0 1
5903 77 4160
5904 39 4126
5905 0 1
5906 0 1
5907 0 1
5908 35 4165
5909 0 1
5910 0 1
5911 0 1
5912 0 1
5913 0 1
5914 0 1
5915 0 1
5916 0 1
5917 91 4145
5918 42 4187
5919 70 4155
5920 41 4130
5921 0 1
5922 39 4117
5923 32 4083
5924 44 4156
5925 74 4146
5926 34 4184
5927 44 4130
5928 38 4158
5929 33 4173
5930 0 1
5931 0 1
5932 29 4215
5933 0 1
5934 0 1
5935 0 1
5936 0 1
5937 0 1
5938 0 1
5939 0 1
5940 0 1
5941 0 1
5942 101 4217
5943 36 4157
5944 58 4145
5945 19 2
5946 78 4159
5947 0 1
5948 0 1
5949 36 4156
5950 47 4139
5951 78 4161
5952 0 1
5953 37 4167
5954 0 1
5955 51 4193
5956 39 4135
5957 8 2
5958 9 2
5959 40 4176
5960 0 1
5961 41 4170
5962 0 1
5963 0 1
5964 46 4177
5965 60 4197
5966 51 4203
5967 37 4167
5968 37 4143
5969 0 1
5970 48 4123
5971 0 1
5972 32 4119
5973 53 4194
5974 45 4144
5975 0 1
5976 0 1
5977 0 1
5978 39 4180
5979 39 4199
5980 42 4140
5981 0 1
5982 0 1
5983 0 1
5984 35 4132
5985 0 1
5986 0 1
5987 0 1
5988 0 1
5989 69 4077
5990 0 1
5991 0 1
5992 0 1
5993 32 4131
5994 35 4195
5995 52 4207
5996 0 1
5997 0 1
5998 0 1
5999 40 4140
6000 84 4142
6001 113 4127
6002 44 4161
6003 42 4149
6004 0 1
6005 42 4133
6006 0 1
6007 33 4161
6008 0 1
6009 63 4185
6010 37 4122
6011 3 2
6012 12 2
6013 0 1
6014 34 4170
6015 0 1
6016 0 1
6017 0 1
6018 46 4166
6019 0 1
6020 33 4154
6021 30 4138
6022 0 1
6023 0 1
6024 0 1
6025 34 4166
6026 0 1
6027 0 1
6028 0 1
6029 0 1
6030 0 1
6031 0 1
6032 0 1
6033 0 1
6034 0 1
6035 97 4214
6036 33 4132
6037 91 4156
6038 108 2
6039 33 4138
6040 52 4147
6041 0 1
6042 44 4134
6043 0 1
6044 0 1
6045 47 4169
6046 0 1
6047 0 1
6048 0 1
6049 0 1
6050 0 1
6051 0 1
6052 0 1
6053 0 1
6054 0 1
6055 0 1
6056 41 4103
6057 36 4179
6058 0 1
6059 0 1
6060 0 1
6061 0 1
6062 50 4169
6063 49 4159
6064 39 4139
6065 0 1
6066 0 1
6067 32 4097
6068 42 4150
6069 43 4167
6070 0 1
6071 0 1
6072 37 4095
6073 38 4157
6074 53 4184
6075 38 4121
6076 0 1
6077 88 4200
6078 32 4183
6079 0 1
6080 49 2
6081 13 2
6082 0 1
6083 68 4145
6084 0 1
6085 34 4166
6086 0 1
6087 0 1
6088 0 1
6089 0 1
6090 0 1
6091 0 1
6092 38 4176
6093 0 1
6094 0 1
6095 32 4177
6096 62 4171
6097 0 1
6098 49 4138
6099 33 4189
6100 0 1
6101 35 4250
6102 0 1
6103 0 1
6104 0 1
6105 1 2
6106 0 1
6107 59 4196
6108 0 1
6109 49 4113
6110 48 4118
6111 29 4081
6112 0 1
6113 0 1
6114 0 1
6115 0 1
6116 0 1
6117 0 1
6118 33 4197
6119 0 1
6120 0 1
6121 46 4123
6122 52 4131
6123 56 4156
6124 30 4154
6125 33 4165
6126 0 1
6127 40 4121
6128 42 4102
6129 33 4150
6130 0 1
6131 31 4167
6132 0 1
6133 39 4128
6134 0 1
6135 35 4155
6136 0 1
6137 0 1
6138 34 4161
6139 0 1
6140 42 4196
6141 0 1
6142 0 1
6143 63 4158
6144 41 4171
6145 0 1
6146 0 1
6147 54 4178
6148 14 2
6149 7 2
6150 0 1
6151 0 1
6152 0 1
6153 0 1
6154 43 4136
6155 34 4155
6156 0 1
6157 0 1
6158 40 4161
6159 44 4166
6160 0 1
6161 0 1
6162 0 1
6163 64 4115
6164 51 4135
6165 34 4093
6166 34 4159
6167 39 4195
6168 45 4170
6169 58 4181
6170 2 2
6171 18 2
6172 34 4101
6173 0 1
6174 41 4168
6175 0 1
6176 0 1
6177 0 1
6178 36 4162
6179 60 4133
6180 0 1
6181 0 1
6182 40 4136
6183 0 1
6184 0 1
6185 53 4163
6186 34 4185
6187 0 1
6188 0 1
6189 0 1
6190 53 4146
6191 34 4194
6192 32 4184
6193 0 1
6194 0 1
6195 0 1
6196 30 4183
6197 0 1
6198 0 1
6199 0 1
6200 0 1
6201 0 1
6202 0 1
6203 0 1
6204 0 1
6205 0 1
6206 0 1
6207 40 4146
6208 0 1
6209 0 1
6210 0 1
6211 0 1
6212 9 2
6213 12 2
6214 0 1
6215 0 1
6216 0 1
6217 0 1
6218 33 4154
6219 0 1
6220 11 2
6221 36 4172
6222 87 4188
6223 0 1
6224 0 1
6225 35 4147
6226 0 1
6227 0 1
6228 0 1
6229 0 1
6230 0 1
6231 37 4176
6232 0 1
6233 44 4171
6234 51 4134
6235 0 1
6236 39 4128
6237 68 4151
6238 0 1
6239 0 1
6240 0 1
6241 0 1
6242 70 4169
6243 0 1
6244 34 4131
6245 0 1
6246 33 4153
6247 0 1
6248 37 4187
6249 0 1
6250 0 1
6251 28 4203
6252 0 1
6253 0 1
6254 0 1
6255 0 1
6256 0 1
6257 35 4140
6258 0 1
6259 0 1
6260 38 4144
6261 37 4152
6262 64 4125
6263 0 1
6264 0 1
6265 57 4154
6266 0 1
6267 55 4124
6268 0 1
6269 0 1
6270 0 1
6271 0 1
6272 0 1
6273 0 1
6274 0 1
6275 53 4163
6276 69 4179
6277 93 4146
6278 31 4185
6279 93 4235
6280 54 4222
6281 38 4185
6282 49 4145
6283 34 4196
6284 0 1
6285 77 4105
6286 67 4164
6287 39 4126
6288 76 4156
6289 0 1
6290 75 4203
6291 35 4159
6292 51 4146
6293 34 4111
6294 28 4106
6295 0 1
6296 0 1
6297 0 1
6298 0 1
6299 34 4141
6300 0 1
6301 0 1
6302 33 4133
6303 36 4125
6304 0 1
6305 0 1
6306 28 4122
6307 0 1
6308 0 1
6309 43 4141
6310 0 1
6311 36 4071
6312 0 1
6313 13 2
6314 31 2
6315 33 4146
6316 0 1
6317 0 1
6318 0 1
6319 0 1
6320 46 4182
6321 42 4202
6322 39 4198
6323 0 1
6324 0 1
6325 0 1
6326 29 4104
6327 56 4187
6328 3 2
6329 43 2
6330 32 4210
6331 0 1
6332 49 4155
6333 34 4183
6334 0 1
6335 0 1
6336 0 1
6337 49 4087
6338 31 4214
6339 0 1
6340 0 1
6341 36 4094
6342 0 1
6343 36 4166
6344 47 4114
6345 0 1
6346 44 4141
6347 0 1
6348 0 1
6349 0 1
6350 0 1
6351 0 1
6352 0 1
6353 0 1
6354 1 2
6355 40 2
6356 0 1
6357 0 1
6358 52 4132
6359 35 4164
6360 0 1
6361 0 1
6362 27 4117
6363 40 4184
6364 0 1
6365 66 4176
6366 61 4163
6367 0 1
6368 0 1
6369 0 1
6370 34 4164
6371 0 1
6372 0 1
6373 36 4199
6374 0 1
6375 15 2
6376 0 1
6377 43 4165
6378 0 1
6379 0 1
6380 37 4188
6381 0 1
6382 41 4167
6383 0 1
6384 54 4117
6385 0 1
6386 38 4135
6387 0 1
6388 0 1
6389 0 1
6390 0 1
6391 0 1
6392 62 4171
6393 0 1
6394 0 1
6395 0 1
6396 0 1
6397 0 1
6398 0 1
6399 0 1
6400 0 1
6401 44 4185
6402 0 1
6403 0 1
6404 34 4216
6405 0 1
6406 0 1
6407 0 1
6408 1 2
6409 13 2
6410 0 1
6411 34 4173
6412 32 4174
6413 0 1
6414 0 1
6415 36 4193
6416 0 1
6417 0 1
6418 0 1
6419 0 1
6420 0 1
6421 0 1
6422 0 1
6423 0 1
6424 61 4092
6425 0 1
6426 0 1
6427 35 4181
6428 0 1
6429 0 1
6430 41 4211
6431 45 4138
6432 35 4115
6433 51 4153
6434 98 4193
6435 0 1
6436 0 1
6437 35 4099
6438 0 1
6439 0 1
6440 46 4175
6441 34 4159
6442 35 4104
6443 0 1
6444 0 1
6445 41 4183
6446 0 1
6447 46 4232
6448 41 4155
6449 0 1
6450 0 1
6451 34 4156
6452 33 4116
6453 0 1
6454 0 1
6455 0 1
6456 33 4206
6457 0 1
6458 42 4159
6459 0 1
6460 0 1
6461 0 1
6462 39 4139
6463 0 1
6464 0 1
6465 0 1
6466 61 4154
6467 37 4173
6468 44 4180
6469 19 2
6470 35 2
6471 49 4144
6472 0 1
6473 0 1
6474 0 1
6475 0 1
6476 0 1
6477 0 1
6478 0 1
6479 0 1
6480 48 4190
6481 0 1
6482 0 1
6483 0 1
6484 0 1
6485 35 4155
6486 56 4094
6487 0 1
6488 66 4161
6489 0 1
6490 37 4180
6491 47 4207
6492 0 1
6493 0 1
6494 0 1
6495 0 1
6496 0 1
6497 0 1
6498 0 1
6499 36 4150
6500 89 2
6501 25 2
6502 0 1
6503 0 1
6504 0 1
6505 50 4236
6506 0 1
6507 44 4100
6508 34 4203
6509 0 1
6510 0 1
6511 0 1
6512 0 1
6513 0 1
6514 37 4163
6515 0 1
6516 0 1
6517 39 4163
6518 34 4163
6519 0 1
6520 0 1
6521 0 1
6522 0 1
6523 0 1
6524 38 4196
6525 0 1
6526 0 1
6527 0 1
6528 42 4143
6529 0 1
6530 76 4171
6531 53 4172
6532 0 1
6533 0 1
6534 0 1
6535 0 1
6536 0 1
6537 0 1
6538 82 4170
6539 38 4121
6540 8 2
6541 13 2
6542 52 4169
6543 40 4199
6544 34 4174
6545 113 4176
6546 0 1
6547 0 1
6548 81 4134
6549 0 1
6550 34 4194
