6300 0 1
6301 0 1
6302 55 4150
6303 49 4135
6304 0 1
6305 0 1
6306 49 4188
6307 0 1
6308 0 1
6309 41 4135
6310 0 1
6311 42 4189
6312 0 1
6313 46 2
6314 22 2
6315 34 4167
6316 0 1
6317 0 1
6318 0 1
6319 0 1
6320 54 4108
6321 66 4176
6322 49 4128
6323 0 1
6324 0 1
6325 0 1
6326 30 4104
6327 3 2
6328 8 2
6329 1 2
6330 42 4137
6331 43 4203
6332 39 4193
6333 0 1
6334 0 1
6335 0 1
6336 0 1
6337 47 4181
6338 32 4135
6339 0 1
6340 0 1
6341 33 4129
6342 0 1
6343 54 4134
6344 37 4191
6345 0 1
6346 35 4177
6347 0 1
6348 0 1
6349 0 1
6350 0 1
6351 0 1
6352 0 1
6353 0 1
6354 51 2
6355 0 1
6356 0 1
6357 0 1
6358 39 4129
6359 0 1
6360 0 1
6361 0 1
6362 38 4134
6363 31 4140
6364 0 1
6365 42 4197
6366 48 4156
6367 0 1
6368 0 1
6369 0 1
6370 42 4153
6371 0 1
6372 0 1
6373 61 4156
6374 0 1
6375 12 2
6376 0 1
6377 36 4183
6378 0 1
6379 0 1
6380 32 4192
6381 0 1
6382 38 4251
6383 0 1
6384 54 4108
6385 0 1
6386 54 4159
6387 0 1
6388 0 1
6389 0 1
6390 0 1
6391 0 1
6392 49 4172
6393 0 1
6394 0 1
6395 0 1
6396 0 1
6397 0 1
6398 0 1
6399 0 1
5200 35 4130
5201 39 4125
5202 0 1
5203 0 1
5204 31 4178
5205 31 4128
5206 42 4120
5207 0 1
5208 0 1
5209 40 4150
5210 0 1
5211 0 1
5212 0 1
5213 0 1
5214 0 1
5215 39 4146
5216 39 4159
5217 50 4106
5218 0 1
5219 0 1
5220 75 4159
5221 35 4180
5222 37 4130
5223 0 1
5224 0 1
5225 0 1
5226 0 1
5227 34 4202
5228 13 2
5229 4 2
5230 37 4201
5231 0 1
5232 46 4169
5233 0 1
5234 95 4134
5235 51 4162
5236 114 4164
5237 0 1
5238 46 4155
5239 40 4168
5240 55 4149
5241 31 4193
5242 0 1
5243 37 4215
5244 0 1
5245 35 4203
5246 0 1
5247 31 4167
5248 43 4130
5249 31 4165
5250 0 1
5251 41 4145
5252 38 4173
5253 0 1
5254 0 1
5255 32 4166
5256 45 4163
5257 31 4140
5258 78 4126
5259 0 1
5260 73 4116
5261 0 1
5262 0 1
5263 0 1
5264 39 4170
5265 35 4178
5266 39 4194
5267 30 4128
5268 0 1
5269 37 4148
5270 42 4159
5271 41 4165
5272 45 4193
5273 35 4184
5274 34 4091
5275 0 1
5276 0 1
5277 36 4135
5278 0 1
5279 0 1
5280 0 1
5281 0 1
5282 34 4194
5283 0 1
5284 77 4180
5285 68 4165
5286 57 4143
5287 36 4164
5288 34 4153
5289 38 4134
5290 27 4159
5291 43 4171
5292 0 1
5293 41 4175
5294 38 4177
5295 39 4191
5296 0 1
5297 0 1
5298 0 1
5299 36 4134
3500 32 4145
3501 0 1
3502 0 1
3503 0 1
3504 30 4147
3505 0 1
3506 35 4192
3507 49 4165
3508 33 4156
3509 32 4136
3510 50 4198
3511 36 2
3512 31 2
3513 34 4116
3514 0 1
3515 0 1
3516 30 4158
3517 33 4184
3518 39 4222
3519 33 4140
3520 58 4181
3521 0 1
3522 0 1
3523 31 4166
3524 39 4179
3525 39 4142
3526 57 4148
3527 0 1
3528 0 1
3529 36 4116
3530 34 4151
3531 36 4148
3532 0 1
3533 36 4172
3534 0 1
3535 0 1
3536 31 4165
3537 31 4123
3538 0 1
3539 0 1
3540 30 4168
3541 56 4128
3542 34 4148
3543 30 4139
3544 36 4160
3545 29 4130
3546 34 4184
3547 61 4154
3548 47 4119
3549 0 1
3550 0 1
3551 0 1
3552 44 4185
3553 0 1
3554 29 4170
3555 35 4133
3556 53 4146
3557 36 4158
3558 35 4148
3559 32 4217
3560 33 4135
3561 78 4155
3562 0 1
3563 38 4138
3564 36 4173
3565 31 4092
3566 0 1
3567 0 1
3568 43 4169
3569 0 1
3570 0 1
3571 35 4200
3572 33 4160
3573 34 4144
3574 0 1
3575 72 4152
3576 0 1
3577 50 4114
3578 54 4189
3579 0 1
3580 36 4173
3581 0 1
3582 55 4132
3583 0 1
3584 43 4177
3585 34 4190
3586 29 4120
3587 0 1
3588 0 1
3589 39 4166
3590 30 4147
3591 33 4166
3592 39 4137
3593 0 1
3594 0 1
3595 60 4168
3596 35 4151
3597 35 4158
3598 31 4172
3599 36 4129
1400 31 4188
1401 30 4133
1402 34 4186
1403 39 4189
1404 29 4152
1405 37 4194
1406 32 4139
1407 30 4131
1408 29 4085
1409 37 4182
1410 34 4130
1411 0 1
1412 32 4178
1413 37 4127
1414 34 4212
1415 30 4224
1416 40 4154
1417 31 4153
1418 46 4188
1419 35 4152
1420 35 4183
1421 34 4142
1422 41 4116
1423 42 4149
1424 42 4131
1425 31 4202
1426 32 4191
1427 28 4108
1428 41 4115
1429 29 4107
1430 48 4126
1431 0 1
1432 33 4178
1433 29 4144
1434 29 4116
1435 33 4156
1436 32 4155
1437 0 1
1438 45 4213
1439 31 4136
1440 32 4184
1441 42 4170
1442 0 1
1443 35 4128
1444 0 1
1445 38 4181
1446 29 4206
1447 34 4132
1448 33 4155
1449 30 4080
1450 29 4156
1451 35 4192
1452 32 4206
1453 30 4082
1454 0 1
1455 79 4143
1456 33 4178
1457 93 4125
1458 37 4133
1459 0 1
1460 39 4140
1461 50 4185
1462 35 4198
1463 33 4182
1464 33 4115
1465 43 4168
1466 46 4157
1467 0 1
1468 34 4122
1469 0 1
1470 35 4177
1471 36 4177
1472 44 4120
1473 0 1
1474 0 1
1475 32 4199
1476 39 4128
1477 62 4160
1478 31 4171
1479 34 4223
1480 40 4200
1481 0 1
1482 33 4198
1483 32 4184
1484 32 4152
1485 34 4162
1486 35 4152
1487 33 4113
1488 32 4157
1489 29 4109
1490 32 4150
1491 28 4174
1492 32 4189
1493 34 4097
1494 28 4179
1495 31 4153
1496 32 4132
1497 34 4117
1498 36 4160
1499 32 4155
700 33 4159
701 32 4160
702 32 4168
703 39 4166
704 30 4141
705 31 4190
706 37 4184
707 32 4159
708 30 4157
709 30 4145
710 29 4128
711 31 4116
712 33 4162
713 31 4164
714 26 4198
715 32 4156
716 28 4094
717 30 4155
718 33 4198
719 36 4208
720 29 4128
721 32 4140
722 39 4156
723 31 4166
724 34 4151
725 39 4118
726 32 4114
727 29 4174
728 29 4146
729 63 4138
730 0 1
731 0 1
732 0 1
733 32 4176
734 35 4203
735 32 4213
736 31 4145
737 30 4177
738 33 4147
739 32 4116
740 31 4155
741 38 4168
742 33 4165
743 37 4164
744 35 4146
745 32 4173
746 32 4151
747 33 4130
748 30 4162
749 32 4132
750 28 4130
751 59 4082
752 34 4158
753 0 1
754 0 1
755 2 2
756 34 4120
757 30 4142
758 30 4150
759 31 4129
760 59 4141
761 32 4176
762 38 4181
763 31 4161
764 0 1
765 31 4163
766 32 4130
767 0 1
768 38 4199
769 31 4120
770 33 4138
771 29 4116
772 32 4127
773 32 4147
774 29 4126
775 34 4121
776 32 4183
777 32 4126
778 29 4139
779 30 4188
780 29 4138
781 32 4109
782 34 4210
783 31 4179
784 32 4143
785 37 4164
786 33 4180
787 31 4170
788 28 4142
789 32 4178
790 31 4159
791 33 4132
792 34 4152
793 33 4149
794 32 4138
795 32 4198
796 36 4168
797 50 4106
798 31 4135
799 33 4166
5500 0 1
5501 44 4150
5502 38 4131
5503 30 4183
5504 72 4149
5505 93 4134
5506 26 2
5507 14 2
5508 0 1
5509 0 1
5510 62 4164
5511 45 4147
5512 39 4136
5513 35 4190
5514 0 1
5515 32 4192
5516 70 4188
5517 1 2
5518 38 2
5519 0 1
5520 0 1
5521 0 1
5522 0 1
5523 33 4132
5524 52 4181
5525 58 4166
5526 39 4116
5527 45 4198
5528 0 1
5529 0 1
5530 43 4174
5531 0 1
5532 0 1
5533 0 1
5534 48 4179
5535 0 1
5536 0 1
5537 43 4199
5538 0 1
5539 59 4139
5540 0 1
5541 0 1
5542 0 1
5543 31 4193
5544 0 1
5545 32 4076
5546 0 1
5547 0 1
5548 35 4136
5549 0 1
5550 0 1
5551 50 4201
5552 37 4236
5553 40 4140
5554 31 4146
5555 37 4123
5556 35 4174
5557 49 4183
5558 0 1
5559 20 2
5560 31 2
5561 53 4133
5562 47 4130
5563 49 4135
5564 49 4204
5565 65 4179
5566 35 4117
5567 0 1
5568 0 1
5569 0 1
5570 37 4178
5571 0 1
5572 38 4103
5573 0 1
5574 0 1
5575 0 1
5576 0 1
5577 34 4125
5578 0 1
5579 0 1
5580 0 1
5581 51 4162
5582 35 4176
5583 31 4167
5584 0 1
5585 0 1
5586 0 1
5587 41 4168
5588 0 1
5589 0 1
5590 50 4134
5591 46 4183
5592 0 1
5593 0 1
5594 0 1
5595 51 4186
5596 0 1
5597 0 1
5598 0 1
5599 0 1
3200 50 4148
3201 58 4140
3202 52 4199
3203 34 4145
3204 38 4144
3205 32 4186
3206 78 4186
3207 0 1
3208 34 4116
3209 34 4124
3210 36 4141
3211 39 4149
3212 35 4103
3213 0 1
3214 0 1
3215 33 4117
3216 39 4169
3217 31 4186
3218 0 1
3219 45 4127
3220 0 1
3221 34 4152
3222 31 4135
3223 30 4195
3224 37 4159
3225 48 4219
3226 37 4162
3227 31 4181
3228 34 4158
3229 47 4153
3230 31 4111
3231 39 4162
3232 35 4202
3233 32 4167
3234 38 4135
3235 0 1
3236 29 4132
3237 0 1
3238 36 4140
3239 30 4141
3240 34 4188
3241 34 4134
3242 63 4129
3243 30 4171
3244 0 1
3245 31 4166
3246 52 4158
3247 36 4146
3248 29 4143
3249 34 4180
3250 43 4155
3251 34 4163
3252 0 1
3253 58 4150
3254 44 4144
3255 32 4230
3256 33 4161
3257 37 4184
3258 39 4202
3259 41 4147
3260 0 1
3261 38 4143
3262 38 4156
3263 0 1
3264 39 4157
3265 41 4181
3266 39 4140
3267 33 4151
3268 35 4153
3269 0 1
3270 36 4173
3271 82 4161
3272 42 4192
3273 43 4245
3274 36 4151
3275 32 4168
3276 36 4185
3277 0 1
3278 0 1
3279 35 4167
3280 34 4154
3281 44 4165
3282 38 4119
3283 48 4149
3284 33 4128
3285 0 1
3286 35 4215
3287 28 4105
3288 39 4187
3289 47 4201
3290 32 4113
3291 34 4134
3292 39 4175
3293 0 1
3294 0 1
3295 32 4141
3296 38 4151
3297 35 4162
3298 0 1
3299 0 1
2900 0 1
2901 32 4155
2902 86 4169
2903 32 4126
2904 33 4157
2905 35 4209
2906 37 4153
2907 41 4151
2908 0 1
2909 40 4244
2910 33 4138
2911 31 4179
2912 32 4097
2913 0 1
2914 37 4178
2915 0 1
2916 33 4132
2917 36 4195
2918 32 4142
2919 0 1
2920 45 4112
2921 31 4123
2922 44 4202
2923 63 4196
2924 36 4161
2925 43 4143
2926 31 4196
2927 42 4160
2928 35 4165
2929 32 4088
2930 34 4136
2931 37 4163
2932 32 4156
2933 38 4206
2934 36 4104
2935 0 1
2936 0 1
2937 33 4159
2938 30 4179
2939 34 4162
2940 34 4182
2941 34 4185
2942 46 4170
2943 30 4143
2944 30 4166
2945 46 4139
2946 33 4167
2947 37 4124
2948 38 4146
2949 33 4194
2950 33 4166
2951 45 4184
2952 35 4193
2953 33 4186
2954 32 4164
2955 35 4165
2956 0 1
2957 0 1
2958 0 1
2959 0 1
2960 34 4148
2961 35 4161
2962 32 4151
2963 31 4161
2964 32 4161
2965 43 4178
2966 39 4121
2967 0 1
2968 34 4194
2969 33 4151
2970 42 4143
2971 39 4142
2972 0 1
2973 39 4153
2974 34 4161
2975 34 4166
2976 36 4167
2977 37 4151
2978 39 4137
2979 0 1
2980 32 4185
2981 0 1
2982 39 4190
2983 36 4148
2984 32 4153
2985 46 4138
2986 35 4135
2987 36 4154
2988 35 4159
2989 37 4217
2990 47 4165
2991 42 4127
2992 41 4139
2993 40 4177
2994 32 4167
2995 35 4155
2996 36 4154
2997 0 1
2998 44 4145
2999 38 4139
6400 0 1
6401 50 4204
6402 0 1
6403 0 1
6404 34 4159
6405 0 1
6406 0 1
6407 0 1
6408 14 2
6409 10 2
6410 0 1
6411 44 4124
6412 83 4159
6413 0 1
6414 0 1
6415 36 4193
6416 0 1
6417 0 1
6418 0 1
6419 0 1
6420 0 1
6421 0 1
6422 0 1
6423 0 1
6424 33 4125
6425 0 1
6426 0 1
6427 39 4143
6428 0 1
6429 0 1
6430 91 4124
6431 0 1
6432 56 4147
6433 43 4182
6434 0 1
6435 35 4162
6436 0 1
6437 32 4167
6438 0 1
6439 0 1
6440 38 4165
6441 36 4240
6442 36 4121
6443 0 1
6444 0 1
6445 37 4165
6446 0 1
6447 0 1
6448 48 4148
6449 0 1
6450 0 1
6451 33 4130
6452 58 4147
6453 0 1
6454 0 1
6455 0 1
6456 33 4208
6457 0 1
6458 39 4197
6459 0 1
6460 0 1
6461 0 1
6462 62 4186
6463 42 4110
6464 0 1
6465 0 1
6466 61 4197
6467 0 1
6468 53 4130
6469 5 2
6470 0 1
6471 52 4196
6472 0 1
6473 0 1
6474 0 1
6475 0 1
6476 0 1
6477 0 1
6478 0 1
6479 0 1
6480 58 4140
6481 0 1
6482 0 1
6483 0 1
6484 0 1
6485 36 4172
6486 60 4150
6487 0 1
6488 64 4141
6489 0 1
6490 68 4128
6491 35 4123
6492 0 1
6493 0 1
6494 0 1
6495 0 1
6496 0 1
6497 0 1
6498 0 1
6499 0 1
900 32 4209
901 33 4160
902 31 4170
903 28 4093
904 36 4161
905 50 4146
906 38 4169
907 33 4193
908 39 4153
909 31 4229
910 30 4172
911 30 4170
912 36 4197
913 31 4148
914 31 4121
915 29 4177
916 0 1
917 29 4139
918 31 4169
919 36 4205
920 31 4198
921 34 4183
922 31 4194
923 34 4182
924 30 4155
925 31 4129
926 29 4160
927 34 4162
928 38 4214
929 34 4213
930 38 4163
931 50 4135
932 30 4142
933 32 4155
934 28 4149
935 34 4167
936 31 4160
937 35 4133
938 34 4175
939 38 4179
940 0 1
941 56 4134
942 34 4175
943 34 4145
944 28 4137
945 36 4128
946 30 4167
947 27 4173
948 30 4208
949 32 4190
950 32 4159
951 34 4157
952 38 4154
953 32 4121
954 32 4142
955 32 4120
956 32 4198
957 33 4132
958 33 4183
959 33 4186
960 32 4127
961 33 4184
962 31 4156
963 40 4136
964 36 4168
965 34 4189
966 30 4139
967 37 4168
968 33 4173
969 28 4139
970 32 4157
971 35 4185
972 34 4151
973 34 4175
974 33 4140
975 39 4136
976 37 4174
977 38 4148
978 34 4132
979 43 4170
980 0 1
981 31 4175
982 30 4146
983 33 4160
984 28 4189
985 34 4166
986 30 4177
987 36 4135
988 30 4144
989 29 4109
990 31 4161
991 37 4151
992 33 4196
993 32 4146
994 33 4162
995 31 4184
996 31 4215
997 35 4185
998 33 4180
999 33 4156
0 33 4137
1 29 4121
2 37 4121
3 34 4178
4 37 4188
5 26 4154
6 34 4171
7 34 4140
8 31 4105
9 42 4092
10 32 4155
11 34 4114
12 34 4167
13 30 4154
14 31 4156
15 37 4193
16 33 4145
17 37 4218
18 34 4178
19 34 4166
20 30 4170
21 30 4168
22 33 4160
23 0 1
24 37 4121
25 31 4173
26 33 4168
27 37 4116
28 35 4190
29 30 4125
30 33 4173
31 31 4166
32 36 4190
33 32 4121
34 36 4160
35 0 1
36 45 4123
37 28 4125
38 33 4148
39 30 4165
40 32 4143
41 34 4180
42 32 4209
43 32 4111
44 31 4160
45 29 4168
46 0 1
47 31 4129
48 34 4122
49 31 4151
50 32 4164
51 31 4202
52 35 4154
53 33 4125
54 33 4118
55 39 4176
56 31 4114
57 32 4102
58 36 4146
59 41 4208
60 36 4182
61 29 4214
62 34 4145
63 40 4181
64 30 4132
65 0 1
66 30 4137
67 33 4148
68 39 4162
69 32 4161
70 31 4169
71 36 4123
72 36 4178
73 33 4188
74 34 4152
75 45 4146
76 0 1
77 30 4123
78 33 4119
79 33 4132
80 35 4152
81 33 4193
82 33 4189
83 34 4158
84 32 4192
85 31 4151
86 35 4164
87 30 4087
88 33 4131
89 33 4090
90 30 4143
91 34 4138
92 30 4166
93 33 4130
94 29 4213
95 30 4148
96 32 4133
97 31 4160
98 31 4133
99 31 4190
5900 0 1
5901 0 1
5902 0 1
5903 36 4171
5904 43 4201
5905 0 1
5906 0 1
5907 0 1
5908 52 4156
5909 57 4175
5910 35 4144
5911 0 1
5912 0 1
5913 0 1
5914 0 1
5915 0 1
5916 0 1
5917 43 4168
5918 31 4138
5919 39 4196
5920 38 4168
5921 0 1
5922 49 4181
5923 41 4176
5924 32 4139
5925 35 4192
5926 78 4149
5927 35 4166
5928 41 4156
5929 34 4220
5930 0 1
5931 0 1
5932 33 4151
5933 0 1
5934 0 1
5935 0 1
5936 47 4184
5937 0 1
5938 55 4149
5939 0 1
5940 0 1
5941 0 1
5942 0 1
5943 35 4162
5944 34 4227
5945 79 4192
5946 49 4177
5947 0 1
5948 0 1
5949 51 4154
5950 46 4129
5951 0 1
5952 0 1
5953 37 4154
5954 124 4155
5955 0 1
5956 72 4161
5957 23 2
5958 36 2
5959 42 4162
5960 0 1
5961 48 4117
5962 0 1
5963 0 1
5964 53 4214
5965 45 4154
5966 77 4122
5967 44 4184
5968 39 4186
5969 0 1
5970 39 4166
5971 75 4219
5972 34 4154
5973 92 4164
5974 121 4129
5975 0 1
5976 0 1
5977 0 1
5978 68 4153
5979 0 1
5980 41 4137
5981 0 1
5982 0 1
5983 0 1
5984 42 4184
5985 0 1
5986 0 1
5987 0 1
5988 0 1
5989 48 4167
5990 0 1
5991 0 1
5992 0 1
5993 33 4210
5994 44 4189
5995 39 4162
5996 0 1
5997 0 1
5998 0 1
5999 36 4179
4200 51 4148
4201 56 4225
4202 0 1
4203 33 4166
4204 32 4101
4205 34 4154
4206 35 4177
4207 40 4126
4208 46 4188
4209 64 4172
4210 38 4127
4211 0 1
4212 58 4120
4213 41 4151
4214 31 4128
4215 35 4154
4216 0 1
4217 32 4152
4218 33 4139
4219 31 4165
4220 33 4215
4221 86 4197
4222 61 4186
4223 65 4130
4224 45 4176
4225 53 4139
4226 59 4155
4227 0 1
4228 0 1
4229 33 4103
4230 47 4173
4231 47 4194
4232 0 1
4233 125 4235
4234 41 4139
4235 33 4172
4236 35 4153
4237 30 4158
4238 35 4191
4239 0 1
4240 0 1
4241 0 1
4242 35 4168
4243 57 4082
4244 0 1
4245 0 1
4246 47 4124
4247 36 4199
4248 43 4130
4249 32 4134
4250 30 4195
4251 0 1
4252 37 4206
4253 31 4158
4254 43 4152
4255 0 1
4256 36 4156
4257 37 4164
4258 53 4168
4259 49 4210
4260 36 4166
4261 40 4192
4262 63 4160
4263 97 4172
4264 52 4152
4265 79 4130
4266 0 1
4267 53 4134
4268 0 1
4269 39 4156
4270 33 4160
4271 34 4150
4272 59 4167
4273 0 1
4274 0 1
4275 38 4185
4276 37 4144
4277 41 4154
4278 0 1
4279 50 4176
4280 0 1
4281 39 4111
4282 37 4170
4283 0 1
4284 37 4152
4285 0 1
4286 0 1
4287 34 4151
4288 37 4117
4289 34 4166
4290 31 4087
4291 0 1
4292 44 4189
4293 0 1
4294 39 4117
4295 36 4159
4296 34 4150
4297 43 4137
4298 0 1
4299 0 1
2500 37 4151
2501 42 4152
2502 35 4094
2503 49 4178
2504 37 4183
2505 31 4181
2506 36 4195
2507 32 4159
2508 30 4164
2509 49 4089
2510 33 4082
2511 32 4185
2512 0 1
2513 49 4115
2514 28 4181
2515 35 4112
2516 33 4131
2517 33 4136
2518 32 4131
2519 43 4205
2520 36 4119
2521 33 4118
2522 35 4091
2523 37 4157
2524 29 4134
2525 0 1
2526 0 1
2527 38 4137
2528 0 1
2529 41 4155
2530 46 4175
2531 0 1
2532 0 1
2533 34 4154
2534 34 4142
2535 35 4149
2536 31 4154
2537 30 4133
2538 32 4090
2539 0 1
2540 33 4151
2541 43 4266
2542 65 4120
2543 43 4230
2544 0 1
2545 0 1
2546 60 4150
2547 36 4194
2548 36 4154
2549 35 4155
2550 33 4160
2551 0 1
2552 0 1
2553 33 4148
2554 36 4135
2555 37 4160
2556 49 4203
2557 50 4166
2558 44 4117
2559 69 4169
2560 34 4134
2561 35 4184
2562 36 4122
2563 38 4115
2564 36 4110
2565 32 4134
2566 0 1
2567 29 4130
2568 35 4127
2569 45 4153
2570 33 4163
2571 32 4185
2572 31 4151
2573 35 4177
2574 33 4131
2575 41 4168
2576 29 4126
2577 27 4160
2578 47 4144
2579 34 4163
2580 35 4198
2581 0 1
2582 34 4156
2583 44 4192
2584 69 4108
2585 44 4176
2586 36 4185
2587 44 4134
2588 0 1
2589 36 4153
2590 91 4147
2591 41 4168
2592 30 4113
2593 38 4136
2594 44 4198
2595 0 1
2596 75 4134
2597 0 1
2598 34 4130
2599 28 4112
4900 97 4165
4901 35 4157
4902 34 4134
4903 62 4177
4904 31 4170
4905 33 4129
4906 36 4150
4907 28 4183
4908 0 1
4909 46 4180
4910 36 4190
4911 46 4149
4912 38 4172
4913 38 4141
4914 56 4189
4915 39 4163
4916 47 4119
4917 0 1
4918 37 4136
4919 31 4175
4920 39 4212
4921 39 4239
4922 31 4136
4923 0 1
4924 33 4171
4925 41 4153
4926 34 4187
4927 40 4168
4928 0 1
4929 49 4127
4930 27 2
4931 0 1
4932 0 1
4933 35 4124
4934 66 4179
4935 81 4169
4936 36 4142
4937 0 1
4938 41 4203
4939 35 4147
4940 56 4202
4941 34 4170
4942 47 4173
4943 47 4162
4944 0 1
4945 44 4173
4946 60 4221
4947 0 1
4948 0 1
4949 71 4117
4950 33 4184
4951 0 1
4952 31 4139
4953 35 4171
4954 34 4126
4955 37 4203
4956 51 4183
4957 40 4230
4958 41 4151
4959 0 1
4960 0 1
4961 48 4220
4962 43 4192
4963 44 4146
4964 33 4139
4965 40 4101
4966 36 4109
4967 38 4159
4968 36 4198
4969 106 4126
4970 32 4127
4971 0 1
4972 38 4163
4973 33 4162
4974 41 4123
4975 66 4171
4976 35 4143
4977 0 1
4978 32 4135
4979 30 4191
4980 41 4182
4981 42 4150
4982 41 4112
4983 57 4175
4984 57 4215
4985 44 4126
4986 73 4175
4987 32 4145
4988 0 1
4989 32 4157
4990 0 1
4991 0 1
4992 0 1
4993 31 4162
4994 42 4179
4995 0 1
4996 33 4174
4997 0 1
4998 61 4162
4999 18 2
1300 30 4195
1301 33 4172
1302 31 4108
1303 30 4185
1304 0 1
1305 32 4122
1306 33 4211
1307 36 4058
1308 32 4122
1309 38 4172
1310 33 4190
1311 33 4152
1312 29 4140
1313 31 4179
1314 32 4160
1315 36 4134
1316 34 4183
1317 36 4172
1318 33 4186
1319 49 2
1320 2 2
1321 43 4109
1322 40 4178
1323 36 4145
1324 32 4162
1325 34 4092
1326 0 1
1327 0 1
1328 0 1
1329 36 4186
1330 31 4188
1331 39 4123
1332 36 4191
1333 33 4116
1334 57 4152
1335 46 4178
1336 33 4176
1337 34 4206
1338 35 4144
1339 35 4166
1340 32 4116
1341 41 4197
1342 29 4146
1343 64 4163
1344 38 4139
1345 41 4144
1346 32 4182
1347 0 1
1348 33 4163
1349 0 1
1350 29 4066
1351 32 4134
1352 30 4155
1353 68 4242
1354 37 4182
1355 31 4119
1356 39 4142
1357 0 1
1358 40 4190
1359 34 4104
1360 29 4180
1361 28 4126
1362 34 4158
1363 30 4108
1364 36 4122
1365 32 4128
1366 85 4170
1367 36 4218
1368 30 4145
1369 32 4167
1370 38 4178
1371 28 4184
1372 33 4175
1373 55 4153
1374 33 4204
1375 38 4219
1376 31 4128
1377 32 4141
1378 34 4196
1379 33 4131
1380 33 4216
1381 30 4160
1382 32 4165
1383 28 4144
1384 32 4165
1385 31 4159
1386 34 4170
1387 35 4168
1388 34 4178
1389 34 4168
1390 38 4151
1391 35 4094
1392 28 4154
1393 34 4145
1394 35 4166
1395 45 4090
1396 34 4166
1397 31 4163
1398 34 4194
1399 30 4188
4500 0 1
4501 61 4235
4502 33 4193
4503 55 4173
4504 34 4191
4505 33 4176
4506 36 4202
4507 39 4163
4508 36 4155
4509 41 4183
4510 30 4191
4511 40 4157
4512 30 4150
4513 39 4178
4514 67 4131
4515 35 4138
4516 36 4194
4517 42 4171
4518 29 4189
4519 57 4158
4520 0 1
4521 34 4183
4522 34 4157
4523 0 1
4524 0 1
4525 42 4131
4526 33 4145
4527 37 4195
4528 48 4145
4529 0 1
4530 0 1
4531 0 1
4532 52 4139
4533 40 4086
4534 0 1
4535 0 1
4536 0 1
4537 0 1
4538 29 4147
4539 37 4165
4540 0 1
4541 42 4114
4542 65 4144
4543 35 4133
4544 0 1
4545 34 4173
4546 33 4114
4547 0 1
4548 0 1
4549 0 1
4550 0 1
4551 0 1
4552 71 4150
4553 0 1
4554 0 1
4555 0 1
4556 37 4117
4557 35 4198
4558 33 4116
4559 0 1
4560 51 4204
4561 0 1
4562 0 1
4563 44 4163
4564 69 4158
4565 68 4199
4566 0 1
4567 0 1
4568 0 1
4569 0 1
4570 12 2
4571 10 2
4572 56 4176
4573 39 4160
4574 0 1
4575 55 4159
4576 0 1
4577 34 4140
4578 51 4172
4579 29 4132
4580 32 4158
4581 34 4160
4582 32 4114
4583 0 1
4584 10 2
4585 24 2
4586 57 4199
4587 37 4117
4588 0 1
4589 0 1
4590 46 4145
4591 32 4190
4592 34 4142
4593 0 1
4594 35 4175
4595 30 4165
4596 36 4193
4597 35 4170
4598 42 4116
4599 44 4104
2200 30 4181
2201 0 1
2202 0 1
2203 0 1
2204 32 4142
2205 30 4064
2206 34 4224
2207 32 4113
2208 33 4199
2209 33 4178
2210 35 4212
2211 33 4117
2212 35 4131
2213 30 4096
2214 34 4161
2215 32 4160
2216 35 4187
2217 29 4153
2218 30 4186
2219 29 4128
2220 32 4159
2221 35 4188
2222 36 4102
2223 39 4151
2224 35 4161
2225 30 4192
2226 35 4120
2227 33 4162
2228 35 4210
2229 34 4174
2230 34 4144
2231 32 4195
2232 34 4172
2233 35 4124
2234 28 4178
2235 41 4159
2236 35 4159
2237 32 4142
2238 35 4156
2239 37 4186
2240 0 1
2241 35 4148
2242 28 4102
2243 74 4164
2244 41 4128
2245 34 4180
2246 27 4166
2247 32 4160
2248 36 4191
2249 34 4183
2250 29 4142
2251 30 4135
2252 46 4191
2253 34 4192
2254 34 4127
2255 35 4165
2256 43 4219
2257 35 4103
2258 34 4141
2259 41 4138
2260 30 4143
2261 33 4169
2262 34 4195
2263 32 4152
2264 33 4212
2265 33 4108
2266 31 4163
2267 32 4111
2268 32 4161
2269 34 4167
2270 29 4205
2271 32 4180
2272 36 4125
2273 33 4203
2274 41 4149
2275 32 4155
2276 38 4155
2277 29 4185
2278 0 1
2279 0 1
2280 57 4129
2281 34 4151
2282 0 1
2283 35 4151
2284 38 4168
2285 35 4139
2286 37 4172
2287 47 4144
2288 31 4145
2289 31 4095
2290 35 4113
2291 31 4186
2292 34 4192
2293 0 1
2294 37 4115
2295 35 4181
2296 50 4201
2297 31 4151
2298 30 4145
2299 39 4176
1600 30 4096
1601 31 4195
1602 38 4155
1603 35 4152
1604 34 4158
1605 43 4159
1606 36 4154
1607 38 4150
1608 34 4181
1609 36 4123
1610 39 4190
1611 0 1
1612 35 4172
1613 0 1
1614 0 1
1615 34 4189
1616 37 4182
1617 36 4160
1618 40 4177
1619 33 4189
1620 47 4145
1621 31 4092
1622 32 4125
1623 31 4208
1624 42 4193
1625 30 4176
1626 32 4095
1627 35 4117
1628 29 4137
1629 32 4117
1630 30 4174
1631 36 4166
1632 28 4160
1633 36 4146
1634 34 4177
1635 34 4195
1636 34 4234
1637 33 4144
1638 31 4164
1639 34 4171
1640 32 4141
1641 31 4085
1642 32 4174
1643 32 4137
1644 33 4114
1645 31 4183
1646 30 4152
1647 37 4119
1648 42 4105
1649 33 4097
1650 35 4146
1651 32 4182
1652 32 4192
1653 29 4163
1654 35 4179
1655 35 4165
1656 35 4188
1657 29 4127
1658 33 4177
1659 35 4202
1660 29 4087
1661 35 4171
1662 30 4151
1663 36 4121
1664 44 4115
1665 0 1
1666 31 4177
1667 33 4171
1668 36 4176
1669 107 4197
1670 30 4150
1671 55 4177
1672 34 4097
1673 34 4178
1674 33 4226
1675 44 4093
1676 36 4179
1677 37 4088
1678 33 4145
1679 58 4193
1680 0 1
1681 31 4167
1682 57 4196
1683 34 4167
1684 32 4177
1685 29 4105
1686 32 4157
1687 36 4124
1688 31 4205
1689 32 4150
1690 35 4140
1691 28 4085
1692 29 4151
1693 36 4148
1694 35 4173
1695 34 4147
1696 36 4139
1697 29 4148
1698 33 4154
1699 0 1
3000 39 4118
3001 33 4169
3002 34 4173
3003 35 4144
3004 44 4145
3005 32 4135
3006 31 4171
3007 44 4178
3008 28 4141
3009 36 4164
3010 40 4213
3011 52 4136
3012 42 4163
3013 31 4181
3014 46 4110
3015 32 4181
3016 35 4162
3017 0 1
3018 38 4116
3019 71 4144
3020 36 4115
3021 0 1
3022 0 1
3023 41 4129
3024 0 1
3025 43 4139
3026 52 4207
3027 29 4190
3028 42 4184
3029 35 4159
3030 36 4141
3031 31 4181
3032 33 4137
3033 0 1
3034 28 4180
3035 40 4158
3036 41 4176
3037 0 1
3038 37 4186
3039 2 2
3040 43 4161
3041 0 1
3042 0 1
3043 2 2
3044 1 2
3045 52 4144
3046 64 4126
3047 0 1
3048 36 4154
3049 30 4163
3050 38 4183
3051 39 4152
3052 47 4195
3053 33 4082
3054 0 1
3055 31 4180
3056 38 4165
3057 41 4210
3058 41 4175
3059 0 1
3060 53 4120
3061 0 1
3062 39 4139
3063 37 4117
3064 40 4116
3065 31 4168
3066 32 4208
3067 33 4125
3068 35 4160
3069 30 4076
3070 31 4150
3071 30 4200
3072 0 1
3073 88 2
3074 23 2
3075 30 4102
3076 36 4114
3077 31 4133
3078 34 4142
3079 0 1
3080 0 1
3081 37 4151
3082 48 4138
3083 38 4127
3084 38 4172
3085 34 4207
3086 34 4198
3087 30 4157
3088 35 4176
3089 33 4220
3090 36 4157
3091 37 4196
3092 0 1
3093 0 1
3094 34 4154
3095 52 4175
3096 33 4166
3097 52 4168
3098 34 4187
3099 32 4180
300 36 4174
301 35 4156
302 30 4144
303 33 4125
304 34 4189
305 34 4146
306 32 4110
307 33 4211
308 33 4149
309 35 4173
310 31 4138
311 39 4151
312 47 4173
313 34 4103
314 47 4187
315 31 4222
316 30 4169
317 36 4144
318 44 4094
319 32 4234
320 35 4139
321 32 4142
322 35 4118
323 28 4176
324 31 4124
325 30 4196
326 33 4136
327 33 4189
328 31 4116
329 35 4140
330 37 4169
331 32 4108
332 32 4123
333 33 4127
334 34 4203
335 33 4148
336 37 4134
337 145 4180
338 57 4127
339 0 1
340 40 4196
341 36 4149
342 37 4166
343 35 4161
344 31 4143
345 35 4189
346 0 1
347 30 4131
348 33 4171
349 31 4170
350 34 4146
351 32 4201
352 30 4150
353 0 1
354 39 4170
355 31 4189
356 30 4196
357 29 4161
358 31 4160
359 49 4173
360 36 4182
361 27 4170
362 31 4147
363 35 4132
364 0 1
365 0 1
366 0 1
367 0 1
368 30 4156
369 39 4114
370 0 1
371 32 4168
372 30 4167
373 29 4163
374 32 4205
375 32 4130
376 36 4150
377 36 4129
378 34 4173
379 16 2
380 1 2
381 57 4192
382 47 4178
383 35 4146
384 30 4179
385 23 2
386 34 4193
387 32 4136
388 37 4107
389 30 4192
390 29 4124
391 35 4133
392 33 4131
393 35 4173
394 0 1
395 0 1
396 32 4152
397 41 4154
398 34 4201
399 35 4198
1100 28 4139
1101 0 1
1102 0 1
1103 36 4178
1104 35 4187
1105 35 4162
1106 29 4211
1107 29 4111
1108 33 4142
1109 31 4125
1110 38 4117
1111 31 4157
1112 32 4204
1113 36 4140
1114 34 4195
1115 27 4104
1116 34 4171
1117 39 4147
1118 32 4151
1119 0 1
1120 62 4124
1121 32 4151
1122 30 4170
1123 31 4153
1124 31 4193
1125 31 4071
1126 35 4165
1127 0 1
1128 56 2
1129 9 2
1130 0 1
1131 33 4214
1132 33 4152
1133 38 4098
1134 32 4189
1135 30 4197
1136 33 4158
1137 34 4159
1138 32 4205
1139 0 1
1140 47 4132
1141 31 4148
1142 0 1
1143 40 4166
1144 32 4197
1145 0 1
1146 34 4156
1147 43 4119
1148 33 4132
1149 32 4211
1150 31 4132
1151 38 4188
1152 33 4146
1153 33 4179
1154 42 4161
1155 32 4167
1156 35 4168
1157 33 4193
1158 32 4217
1159 30 4194
1160 35 4195
1161 33 4173
1162 31 4178
1163 37 4116
1164 28 4148
1165 30 4215
1166 28 4158
1167 32 4142
1168 34 4156
1169 38 4182
1170 34 4174
1171 27 4158
1172 0 1
1173 33 4194
1174 31 4158
1175 30 4165
1176 33 4177
1177 32 4169
1178 35 4187
1179 39 4146
1180 35 4164
1181 29 4176
1182 31 4158
1183 35 4222
1184 35 4154
1185 38 4152
1186 31 4148
1187 30 4115
1188 29 4158
1189 32 4195
1190 32 4194
1191 33 4183
1192 55 4167
1193 39 4162
1194 30 4148
1195 0 1
1196 41 4185
1197 132 4127
1198 36 4127
1199 35 4109
1700 32 4173
1701 38 4166
1702 33 4224
1703 33 4178
1704 33 4131
1705 36 4090
1706 33 4166
1707 38 4181
1708 36 4202
1709 39 4200
1710 33 4162
1711 42 4127
1712 0 1
1713 0 1
1714 0 1
1715 34 4218
1716 32 4162
1717 33 4103
1718 32 4142
1719 33 4142
1720 40 4160
1721 36 4131
1722 29 4190
1723 40 4155
1724 0 1
1725 0 1
1726 32 4113
1727 29 4193
1728 35 4177
1729 36 4162
1730 34 4203
1731 38 4209
1732 44 4174
1733 30 4106
1734 43 4174
1735 56 4126
1736 38 4214
1737 31 4227
1738 37 4158
1739 35 4158
1740 30 4145
1741 33 4213
1742 32 4194
1743 38 4137
1744 39 4237
1745 40 4137
1746 35 4127
1747 38 4138
1748 33 4148
1749 33 4193
1750 31 4187
1751 29 4114
1752 32 4194
1753 29 4157
1754 37 4180
1755 32 4196
1756 31 4142
1757 0 1
1758 31 4164
1759 40 4167
1760 35 4139
1761 41 4149
1762 78 4147
1763 29 4149
1764 33 4155
1765 30 4232
1766 33 4156
1767 33 4166
1768 35 4158
1769 34 4192
1770 47 4197
1771 42 4183
1772 30 4154
1773 34 4201
1774 35 4151
1775 55 4098
1776 30 4137
1777 37 4167
1778 33 4177
1779 31 4168
1780 34 4176
1781 36 4130
1782 37 4130
1783 35 4181
1784 0 1
1785 35 4119
1786 0 1
1787 45 4073
1788 43 4184
1789 48 4153
1790 38 4136
1791 36 4164
1792 31 4186
1793 33 4149
1794 38 4134
1795 0 1
1796 40 4165
1797 29 4142
1798 34 4119
1799 34 4176
5000 5 2
5001 36 4115
5002 0 1
5003 41 4184
5004 31 4107
5005 34 4138
5006 34 4171
5007 42 4134
5008 37 4169
5009 37 4144
5010 39 4163
5011 37 4184
5012 32 4167
5013 48 4181
5014 58 4173
5015 35 4248
5016 0 1
5017 69 4150
5018 44 4126
5019 37 4216
5020 35 4112
5021 33 4174
5022 38 4192
5023 33 4145
5024 99 4236
5025 54 4206
5026 58 4151
5027 0 1
5028 59 4170
5029 41 4163
5030 42 4166
5031 39 4127
5032 54 4200
5033 35 4126
5034 38 4172
5035 62 4166
5036 35 4127
5037 51 4109
5038 55 4082
5039 47 4188
5040 44 4151
5041 45 4140
5042 52 4194
5043 48 4142
5044 49 4198
5045 57 4176
5046 60 4160
5047 41 4144
5048 34 4151
5049 49 4159
5050 63 4231
5051 41 4147
5052 74 4146
5053 38 4121
5054 32 4193
5055 67 4192
5056 34 4094
5057 0 1
5058 48 4169
5059 56 4135
5060 50 4141
5061 39 4131
5062 40 4133
5063 40 4210
5064 40 4166
5065 62 4159
5066 0 1
5067 0 1
5068 49 4162
5069 0 1
5070 0 1
5071 36 4173
5072 38 4219
5073 0 1
5074 0 1
5075 34 4192
5076 46 4180
5077 0 1
5078 0 1
5079 33 2
5080 0 1
5081 0 1
5082 33 4207
5083 43 4182
5084 46 4117
5085 32 4122
5086 31 4122
5087 45 4164
5088 3 2
5089 9 2
5090 0 1
5091 43 4218
5092 37 4140
5093 34 4184
5094 30 4186
5095 0 1
5096 37 4154
5097 0 1
5098 0 1
5099 38 4205
3900 0 1
3901 11 2
3902 28 2
3903 34 4149
3904 60 4192
3905 41 4162
3906 45 4225
3907 34 4167
3908 34 4161
3909 32 4159
3910 35 4137
3911 37 4166
3912 37 4137
3913 36 4144
3914 39 4169
3915 47 4139
3916 50 4185
3917 34 4197
3918 36 4152
3919 36 4184
3920 0 1
3921 39 4197
3922 31 4172
3923 54 4166
3924 75 4194
3925 48 4156
3926 40 4174
3927 38 4227
3928 0 1
3929 30 4129
3930 40 4148
3931 80 4176
3932 36 4192
3933 36 4185
3934 39 4168
3935 39 4164
3936 34 4165
3937 30 4100
3938 0 1
3939 38 4215
3940 42 4164
3941 38 4133
3942 35 4158
3943 35 4168
3944 50 4161
3945 36 4172
3946 34 4134
3947 34 4146
3948 31 4134
3949 73 4162
3950 40 4110
3951 37 4100
3952 33 4174
3953 37 4190
3954 0 1
3955 0 1
3956 0 1
3957 42 4169
3958 0 1
3959 0 1
3960 33 4215
3961 32 4121
3962 55 4123
3963 0 1
3964 37 4108
3965 0 1
3966 0 1
3967 43 4133
3968 49 4140
3969 61 4154
3970 35 4167
3971 42 4155
3972 0 1
3973 0 1
3974 0 1
3975 0 1
3976 0 1
3977 0 1
3978 0 1
3979 57 4177
3980 35 4120
3981 38 4099
3982 0 1
3983 33 4149
3984 33 4146
3985 35 4188
3986 0 1
3987 37 4158
3988 75 4160
3989 35 4113
3990 0 1
3991 0 1
3992 0 1
3993 0 1
3994 45 4156
3995 46 4194
3996 0 1
3997 0 1
3998 0 1
3999 0 1
1800 34 4133
1801 0 1
1802 37 4140
1803 33 4185
1804 61 4160
1805 0 1
1806 82 4203
1807 35 4204
1808 33 4203
1809 0 1
1810 31 4184
1811 32 4191
1812 30 4169
1813 36 4160
1814 26 4122
1815 29 4118
1816 40 4174
1817 32 4142
1818 34 4180
1819 33 4167
1820 42 4114
1821 50 4172
1822 31 4126
1823 32 4120
1824 36 4158
1825 29 4156
1826 34 4219
1827 69 4121
1828 99 4138
1829 33 4169
1830 29 4177
1831 34 4155
1832 35 4183
1833 30 4140
1834 28 4179
1835 34 4224
1836 35 4228
1837 33 4156
1838 35 4188
1839 32 4145
1840 49 4161
1841 30 4145
1842 38 4145
1843 31 4159
1844 33 4226
1845 33 4186
1846 31 4164
1847 37 4132
1848 32 4175
1849 58 4112
1850 33 4140
1851 36 4173
1852 68 4159
1853 33 4175
1854 33 4162
1855 30 4105
1856 37 4142
1857 33 4211
1858 53 4112
1859 29 4162
1860 36 4156
1861 33 4207
1862 33 4168
1863 33 4213
1864 40 4194
1865 65 4187
1866 30 4153
1867 32 4167
1868 32 4191
1869 32 4155
1870 33 4159
1871 35 4144
1872 33 4144
1873 32 4141
1874 33 4155
1875 43 4162
1876 32 4183
1877 31 4174
1878 46 4100
1879 33 4156
1880 31 4180
1881 33 4145
1882 0 1
1883 0 1
1884 44 4155
1885 33 4205
1886 33 4215
1887 44 4176
1888 46 4159
1889 52 4172
1890 0 1
1891 30 4158
1892 32 4153
1893 32 4154
1894 31 4183
1895 35 4194
1896 33 4188
1897 27 4160
1898 32 4155
1899 35 4162
6100 0 1
6101 34 4188
6102 0 1
6103 0 1
6104 0 1
6105 12 2
6106 0 1
6107 35 4173
6108 0 1
6109 29 4144
6110 40 4199
6111 32 4201
6112 0 1
6113 0 1
6114 0 1
6115 0 1
6116 0 1
6117 0 1
6118 34 4178
6119 0 1
6120 0 1
6121 41 4139
6122 108 4179
6123 50 4157
6124 45 4163
6125 35 4164
6126 0 1
6127 40 4138
6128 37 4162
6129 51 4150
6130 0 1
6131 31 4197
6132 0 1
6133 0 1
6134 0 1
6135 57 4126
6136 0 1
6137 0 1
6138 38 4155
6139 0 1
6140 84 4175
6141 0 1
6142 0 1
6143 50 4169
6144 45 4147
6145 0 1
6146 0 1
6147 71 4182
6148 22 2
6149 18 2
6150 0 1
6151 0 1
6152 0 1
6153 0 1
6154 54 4187
6155 46 4127
6156 0 1
6157 0 1
6158 0 1
6159 54 4084
6160 0 1
6161 0 1
6162 0 1
6163 29 4159
6164 40 4175
6165 35 4170
6166 36 4131
6167 47 4169
6168 62 4138
6169 42 4182
6170 9 2
6171 33 2
6172 32 4169
6173 0 1
6174 33 4143
6175 0 1
6176 0 1
6177 0 1
6178 43 4190
6179 45 4184
6180 0 1
6181 0 1
6182 30 4117
6183 0 1
6184 0 1
6185 36 4186
6186 40 4165
6187 0 1
6188 0 1
6189 0 1
6190 86 4241
6191 39 4211
6192 31 4085
6193 0 1
6194 0 1
6195 0 1
6196 38 4115
6197 0 1
6198 0 1
6199 0 1
2000 36 4186
2001 30 4158
2002 33 4153
2003 31 4145
2004 34 4132
2005 75 4152
2006 62 4153
2007 35 4140
2008 52 4150
2009 80 4142
2010 42 4158
2011 34 4164
2012 33 4180
2013 30 4143
2014 40 4196
2015 34 4139
2016 41 4163
2017 32 4175
2018 37 4226
2019 30 4167
2020 31 4115
2021 41 4132
2022 63 4203
2023 34 4172
2024 0 1
2025 82 4179
2026 36 4134
2027 61 4222
2028 88 4122
2029 29 4142
2030 32 4141
2031 32 4178
2032 36 4115
2033 31 4135
2034 39 4177
2035 35 4104
2036 58 4218
2037 50 4115
2038 66 4173
2039 47 4101
2040 75 4201
2041 35 4203
2042 51 4141
2043 44 4190
2044 35 4137
2045 36 4169
2046 35 4208
2047 90 4170
2048 0 1
2049 0 1
2050 33 4114
2051 54 4172
2052 50 4148
2053 54 4208
2054 35 4152
2055 35 4154
2056 36 4211
2057 40 4087
2058 35 4146
2059 51 4185
2060 32 4150
2061 36 4187
2062 42 4151
2063 37 4150
2064 57 4170
2065 34 4151
2066 33 4140
2067 35 4109
2068 32 4186
2069 37 4137
2070 38 4184
2071 31 4111
2072 33 4105
2073 0 1
2074 40 4122
2075 33 4166
2076 31 4190
2077 34 4157
2078 42 4135
2079 39 4168
2080 33 4143
2081 0 1
2082 34 4198
2083 32 4148
2084 40 4159
2085 32 4193
2086 36 4153
2087 52 4155
2088 30 4143
2089 33 4149
2090 34 4222
2091 30 4182
2092 40 4105
2093 34 4192
2094 0 1
2095 0 1
2096 35 4090
2097 37 4138
2098 41 4121
2099 29 4151
400 38 4087
401 53 4177
402 31 4237
403 40 4143
404 29 4156
405 37 4145
406 31 4143
407 38 4183
408 34 4159
409 36 4181
410 53 4193
411 47 4085
412 38 4197
413 32 4177
414 37 4177
415 34 4160
416 29 4155
417 33 4147
418 35 4106
419 36 4125
420 42 4164
421 36 4155
422 34 4137
423 31 4101
424 32 4195
425 35 4152
426 32 4171
427 35 4206
428 31 4108
429 29 4158
430 34 4183
431 36 4138
432 37 4181
433 35 4145
434 32 4142
435 31 4181
436 32 4147
437 28 4153
438 32 4199
439 34 4164
440 33 4136
441 33 4107
442 37 4184
443 31 4153
444 29 4170
445 36 4164
446 0 1
447 36 4107
448 35 4200
449 37 4161
450 32 4169
451 36 4172
452 31 4199
453 32 4150
454 0 1
455 32 4177
456 30 4155
457 0 1
458 0 1
459 30 4138
460 30 4199
461 38 4130
462 31 4148
463 50 4213
464 46 4185
465 33 4171
466 30 4198
467 30 4234
468 29 4173
469 38 4160
470 32 4178
471 40 4207
472 39 4130
473 31 4080
474 28 4124
475 32 4160
476 40 4170
477 36 4204
478 29 4163
479 32 4167
480 29 4124
481 47 4132
482 44 4152
483 36 4187
484 33 4195
485 52 4225
486 53 4126
487 32 4097
488 31 4163
489 44 4169
490 30 4162
491 33 4119
492 29 4174
493 35 4194
494 37 4122
495 43 4136
496 36 4166
497 35 4178
498 36 4187
499 29 4137
4000 49 4113
4001 38 4176
4002 32 4174
4003 49 4192
4004 57 4129
4005 35 4135
4006 0 1
4007 32 4149
4008 35 4193
4009 37 4203
4010 0 1
4011 105 4202
4012 0 1
4013 0 1
4014 44 4142
4015 43 4236
4016 0 1
4017 67 4136
4018 30 4135
4019 56 4208
4020 34 4178
4021 41 4170
4022 34 4111
4023 34 4198
4024 36 4181
4025 36 4128
4026 47 4217
4027 39 4138
4028 31 4170
4029 32 4179
4030 37 4158
4031 46 4212
4032 46 4191
4033 38 4197
4034 31 4127
4035 0 1
4036 35 4157
4037 0 1
4038 0 1
4039 0 1
4040 54 4142
4041 43 4212
4042 40 4174
4043 40 4153
4044 0 1
4045 37 4168
4046 33 4150
4047 0 1
4048 0 1
4049 0 1
4050 42 4131
4051 30 4118
4052 51 4162
4053 0 1
4054 0 1
4055 0 1
4056 64 4141
4057 0 1
4058 0 1
4059 42 4160
4060 0 1
4061 36 4144
4062 38 4174
4063 52 4144
4064 34 4169
4065 36 4158
4066 32 4141
4067 64 4132
4068 33 4166
4069 0 1
4070 36 4169
4071 0 1
4072 55 4178
4073 47 4230
4074 35 4178
4075 32 4072
4076 31 4221
4077 59 4177
4078 0 1
4079 57 4225
4080 41 4177
4081 36 4159
4082 40 4182
4083 0 1
4084 4 2
4085 0 1
4086 40 4134
4087 36 4189
4088 0 1
4089 0 1
4090 31 4186
4091 51 4189
4092 60 4200
4093 42 4168
4094 0 1
4095 36 4175
4096 40 4153
4097 36 4143
4098 42 4145
4099 33 4180
500 33 4152
501 35 4167
502 38 4115
503 35 4137
504 37 4172
505 29 4181
506 33 4207
507 30 4102
508 36 4204
509 33 4145
510 33 4197
511 37 4158
512 32 4100
513 31 4153
514 33 4163
515 38 4182
516 29 4175
517 34 4173
518 29 4150
519 60 4125
520 49 4168
521 32 4187
522 33 4197
523 30 4145
524 27 4136
525 32 4193
526 35 4151
527 32 4150
528 34 4175
529 29 4156
530 31 4160
531 32 4137
532 32 4180
533 33 4110
534 34 4170
535 32 4114
536 49 4131
537 38 4185
538 39 4164
539 30 4138
540 35 4190
541 28 4175
542 28 4156
543 34 4178
544 31 4152
545 38 4087
546 35 4131
547 31 4166
548 33 4160
549 32 4202
550 39 4141
551 0 1
552 32 4184
553 0 1
554 30 4160
555 32 4110
556 46 4170
557 33 4188
558 41 4133
559 33 4165
560 38 4198
561 31 4114
562 40 4132
563 37 4173
564 40 4099
565 0 1
566 0 1
567 59 4158
568 35 4177
569 40 4211
570 33 4146
571 31 4204
572 32 4156
573 30 4235
574 41 4153
575 34 4173
576 30 4171
577 30 4190
578 32 4153
579 36 4200
580 34 4186
581 31 4141
582 29 4155
583 30 4152
584 34 4149
585 29 4156
586 37 4092
587 33 4160
588 34 4192
589 33 4156
590 34 4206
591 33 4197
592 34 4132
593 33 4176
594 32 4206
595 37 4093
596 30 4172
597 31 4190
598 29 4096
599 37 4113
200 40 4166
201 32 4135
202 36 4178
203 35 4136
204 32 4169
205 37 4174
206 32 4121
207 37 4101
208 28 4168
209 34 4182
210 32 4180
211 38 4142
212 32 4183
213 28 4138
214 29 4106
215 31 4090
216 36 4104
217 46 4122
218 36 4191
219 40 4113
220 32 4155
221 37 4149
222 39 4098
223 30 4185
224 38 4145
225 36 4195
226 34 4182
227 35 4150
228 33 4173
229 34 4174
230 33 4178
231 30 4104
232 31 4095
233 29 4170
234 34 4170
235 41 4145
236 0 1
237 33 4133
238 30 4124
239 37 4160
240 30 4152
241 28 4170
242 34 4139
243 40 4202
244 33 4183
245 28 4125
246 36 4168
247 37 4110
248 35 4174
249 36 4148
250 35 4171
251 32 4119
252 31 4139
253 32 4146
254 32 4203
255 30 4161
256 36 4171
257 32 4177
258 38 4112
259 32 4146
260 30 4150
261 35 4184
262 35 4149
263 42 4159
264 31 4210
265 0 1
266 38 4163
267 31 4183
268 32 4169
269 66 4171
270 37 4153
271 31 4119
272 34 4158
273 30 4147
274 34 4167
275 34 4163
276 33 4169
277 52 4136
278 34 4200
279 41 4140
280 37 4123
281 29 4160
282 31 4145
283 36 4186
284 35 4155
285 30 4128
286 40 4189
287 37 4137
288 32 4140
289 31 4186
290 30 4181
291 31 4224
292 36 4163
293 35 4099
294 32 4208
295 34 4203
296 28 4183
297 33 4147
298 0 1
299 0 1
4600 35 4177
4601 54 4197
4602 48 4167
4603 35 4145
4604 32 4143
4605 42 4149
4606 33 4147
4607 63 4171
4608 40 4231
4609 40 4131
4610 35 4158
4611 34 4189
4612 0 1
4613 45 4130
4614 32 4148
4615 36 4150
4616 35 4208
4617 36 4148
4618 36 4184
4619 47 4153
4620 52 4181
4621 36 4199
4622 64 4108
4623 0 1
4624 33 4141
4625 59 2
4626 56 4172
4627 55 4168
4628 41 4150
4629 0 1
4630 0 1
4631 41 4097
4632 36 4151
4633 0 1
4634 35 4114
4635 0 1
4636 45 4168
4637 0 1
4638 28 4210
4639 36 4187
4640 50 4190
4641 36 4135
4642 34 4202
4643 40 4156
4644 112 4096
4645 0 1
4646 42 4165
4647 35 4131
4648 34 4158
4649 32 4179
4650 34 4155
4651 70 4206
4652 33 4135
4653 39 4134
4654 31 4145
4655 36 4132
4656 60 4161
4657 0 1
4658 45 4119
4659 37 4164
4660 0 1
4661 0 1
4662 38 4178
4663 33 4198
4664 108 4160
4665 38 4166
4666 0 1
4667 0 1
4668 39 4133
4669 39 4142
4670 37 4189
4671 32 4175
4672 35 4149
4673 32 4172
4674 56 4167
4675 0 1
4676 0 1
4677 35 4105
4678 30 4216
4679 45 4193
4680 62 4150
4681 38 4187
4682 7 2
4683 30 2
4684 34 4079
4685 57 4185
4686 0 1
4687 37 4151
4688 33 4168
4689 48 4130
4690 39 4115
4691 36 4175
4692 0 1
4693 31 4138
4694 38 4182
4695 30 4097
4696 35 4161
4697 0 1
4698 31 4161
4699 51 4150
2100 35 4205
2101 35 4161
2102 33 4196
2103 43 4162
2104 40 4158
2105 34 4191
2106 33 4178
2107 30 4160
2108 37 4185
2109 37 4111
2110 0 1
2111 36 4201
2112 33 4120
2113 38 4145
2114 0 1
2115 0 1
2116 0 1
2117 62 4160
2118 0 1
2119 44 4142
2120 0 1
2121 0 1
2122 52 4215
2123 38 4159
2124 34 4175
2125 29 4240
2126 36 4205
2127 72 4130
2128 35 4196
2129 33 4169
2130 37 4173
2131 34 4168
2132 34 4124
2133 31 4146
2134 34 4204
2135 33 4132
2136 34 4157
2137 34 4155
2138 41 4166
2139 35 4159
2140 30 4168
2141 31 4170
2142 37 4151
2143 30 4133
2144 38 4134
2145 0 1
2146 33 4205
2147 67 4181
2148 31 4198
2149 37 4137
2150 36 4230
2151 59 4155
2152 35 4109
2153 37 4161
2154 27 4130
2155 0 1
2156 30 4127
2157 35 4142
2158 0 1
2159 41 4087
2160 46 4164
2161 34 4165
2162 0 1
2163 34 4101
2164 30 4106
2165 35 4161
2166 0 1
2167 41 4156
2168 72 4180
2169 31 4125
2170 31 4203
2171 29 4191
2172 33 4125
2173 0 1
2174 61 4123
2175 0 1
2176 83 4188
2177 0 1
2178 0 1
2179 36 4125
2180 34 4168
2181 37 4148
2182 40 4175
2183 37 4140
2184 32 4220
2185 47 4102
2186 0 1
2187 32 4169
2188 39 4180
2189 29 4146
2190 0 1
2191 34 4129
2192 33 4191
2193 39 4148
2194 34 4137
2195 35 4154
2196 31 4190
2197 34 4179
2198 29 4142
2199 28 4163
2700 57 4177
2701 41 4170
2702 31 4072
2703 29 4149
2704 34 4136
2705 36 4141
2706 32 4149
2707 38 4173
2708 45 4185
2709 44 4196
2710 35 4174
2711 0 1
2712 37 4165
2713 38 4160
2714 31 4121
2715 35 4162
2716 0 1
2717 38 4167
2718 51 4144
2719 32 4194
2720 37 4166
2721 30 4135
2722 36 4134
2723 30 4219
2724 33 4175
2725 30 4131
2726 32 4145
2727 34 4160
2728 30 4161
2729 53 4182
2730 40 4116
2731 35 4120
2732 36 4197
2733 55 4162
2734 0 1
2735 0 1
2736 0 1
2737 70 4146
2738 34 4212
2739 40 4140
2740 35 4112
2741 0 1
2742 41 4153
2743 41 4195
2744 33 4120
2745 34 4185
2746 34 4180
2747 31 4171
2748 35 4157
2749 32 4111
2750 34 4157
2751 48 4201
2752 34 4124
2753 35 4175
2754 34 4140
2755 39 4191
2756 34 4127
2757 46 4146
2758 36 4139
2759 36 4119
2760 38 4170
2761 33 4210
2762 0 1
2763 37 4176
2764 32 4097
2765 0 1
2766 33 4159
2767 35 4205
2768 40 4180
2769 45 4157
2770 49 4167
2771 34 4137
2772 0 1
2773 31 4150
2774 32 4159
2775 34 4162
2776 35 4157
2777 52 4201
2778 36 4177
2779 32 4221
2780 33 4170
2781 34 4144
2782 34 4128
2783 29 4137
2784 31 4177
2785 33 4159
2786 34 4146
2787 30 4127
2788 29 4162
2789 34 4187
2790 39 4152
2791 33 4149
2792 30 4076
2793 38 4143
2794 33 4168
2795 0 1
2796 41 4181
2797 34 4135
2798 37 4184
2799 0 1
6000 32 4159
6001 53 4160
6002 31 4190
6003 60 4116
6004 0 1
6005 31 4115
6006 0 1
6007 35 4083
6008 0 1
6009 33 4124
6010 62 4132
6011 7 2
6012 44 2
6013 0 1
6014 36 4158
6015 0 1
6016 0 1
6017 0 1
6018 57 4178
6019 0 1
6020 42 4167
6021 36 4145
6022 0 1
6023 0 1
6024 0 1
6025 33 4114
6026 0 1
6027 0 1
6028 0 1
6029 0 1
6030 0 1
6031 0 1
6032 0 1
6033 0 1
6034 0 1
6035 50 4204
6036 30 4103
6037 73 4131
6038 5 2
6039 41 4166
6040 0 1
6041 0 1
6042 36 4132
6043 0 1
6044 0 1
6045 89 4204
6046 0 1
6047 40 4154
6048 0 1
6049 0 1
6050 0 1
6051 0 1
6052 0 1
6053 0 1
6054 0 1
6055 0 1
6056 34 4127
6057 0 1
6058 0 1
6059 0 1
6060 0 1
6061 0 1
6062 49 4131
6063 35 4217
6064 53 4155
6065 0 1
6066 0 1
6067 47 4140
6068 31 4148
6069 45 4156
6070 0 1
6071 0 1
6072 44 4176
6073 34 4158
6074 39 4127
6075 36 4142
6076 0 1
6077 93 4173
6078 38 4162
6079 0 1
6080 18 2
6081 24 2
6082 0 1
6083 46 4134
6084 0 1
6085 49 4160
6086 0 1
6087 0 1
6088 0 1
6089 0 1
6090 0 1
6091 0 1
6092 37 4152
6093 0 1
6094 0 1
6095 40 4169
6096 47 4153
6097 0 1
6098 35 4182
6099 31 4159
2800 23 2
2801 1 2
2802 32 4108
2803 42 4217
2804 33 4160
2805 40 4204
2806 31 4151
2807 40 4142
2808 0 1
2809 0 1
2810 0 1
2811 0 1
2812 38 4094
2813 0 1
2814 0 1
2815 0 1
2816 0 1
2817 0 1
2818 33 4160
2819 51 4164
2820 33 4170
2821 152 4147
2822 33 4187
2823 37 4152
2824 0 1
2825 0 1
2826 43 4201
2827 37 4170
2828 34 4161
2829 96 4105
2830 31 4126
2831 33 4128
2832 0 1
2833 30 4180
2834 34 4223
2835 35 4102
2836 47 4123
2837 38 4147
2838 41 4181
2839 72 4184
2840 32 4184
2841 45 4179
2842 35 4213
2843 38 4243
2844 33 4131
2845 33 4166
2846 29 4153
2847 38 4169
2848 39 4180
2849 39 4160
2850 35 4180
2851 34 4135
2852 35 4159
2853 40 4166
2854 32 4131
2855 38 4167
2856 0 1
2857 38 4123
2858 31 4148
2859 37 4188
2860 33 4109
2861 30 4163
2862 43 4144
2863 36 4152
2864 35 4173
2865 43 4148
2866 40 4089
2867 38 4147
2868 34 4196
2869 69 4183
2870 36 4155
2871 41 4151
2872 0 1
2873 32 4154
2874 40 4148
2875 33 4200
2876 37 4184
2877 38 4153
2878 34 4149
2879 32 4168
2880 29 4122
2881 34 4139
2882 33 4188
2883 39 4190
2884 32 4190
2885 37 4161
2886 36 4154
2887 40 4107
2888 87 4163
2889 39 4184
2890 34 4155
2891 48 4174
2892 0 1
2893 42 4139
2894 44 4147
2895 0 1
2896 0 1
2897 34 4131
2898 62 4147
2899 59 4126
4100 32 4175
4101 39 4129
4102 37 4173
4103 0 1
4104 42 4197
4105 36 4174
4106 36 4194
4107 38 4179
4108 0 1
4109 37 4209
4110 32 4205
4111 33 4175
4112 32 4162
4113 33 4178
4114 64 4148
4115 49 4166
4116 49 4177
4117 0 1
4118 36 4178
4119 32 4131
4120 35 4172
4121 48 4159
4122 99 4131
4123 45 4143
4124 32 4136
4125 33 4165
4126 0 1
4127 0 1
4128 36 4190
4129 46 4134
4130 40 4152
4131 30 4143
4132 36 4153
4133 51 4184
4134 74 4169
4135 0 1
4136 3 2
4137 7 2
4138 30 4157
4139 54 4142
4140 0 1
4141 42 4131
4142 40 4166
4143 39 4175
4144 40 4167
4145 44 4134
4146 36 4157
4147 35 4100
4148 35 4205
4149 30 4168
4150 44 4122
4151 36 4178
4152 35 4137
4153 0 1
4154 45 4190
4155 47 4130
4156 35 4135
4157 35 4151
4158 55 4119
4159 58 4194
4160 0 1
4161 0 1
4162 33 4134
4163 46 4168
4164 46 4190
4165 38 4172
4166 34 4093
4167 35 4129
4168 46 4170
4169 42 4107
4170 31 4186
4171 103 4162
4172 37 4174
4173 0 1
4174 36 4193
4175 45 4105
4176 49 4162
4177 31 4183
4178 36 4136
4179 42 4155
4180 63 4218
4181 32 4116
4182 31 4172
4183 31 4164
4184 34 4143
4185 34 4148
4186 0 1
4187 0 1
4188 35 4169
4189 0 1
4190 34 4157
4191 0 1
4192 38 4147
4193 34 4168
4194 43 4184
4195 0 1
4196 0 1
4197 34 4141
4198 0 1
4199 33 4129
2600 38 4130
2601 29 4165
2602 33 4134
2603 35 4103
2604 35 4170
2605 32 4169
2606 33 4150
2607 39 4135
2608 32 4176
2609 32 4160
2610 34 4174
2611 33 4165
2612 53 4181
2613 33 4152
2614 30 4154
2615 33 4200
2616 39 4191
2617 38 4168
2618 36 4139
2619 0 1
2620 33 4181
2621 35 4175
2622 0 1
2623 36 4151
2624 35 4141
2625 35 4174
2626 0 1
2627 0 1
2628 31 4092
2629 0 1
2630 39 4177
2631 46 4175
2632 0 1
2633 32 4172
2634 37 4202
2635 34 4183
2636 33 4123
2637 33 4122
2638 42 4179
2639 0 1
2640 0 1
2641 42 4165
2642 0 1
2643 0 1
2644 49 4180
2645 34 4165
2646 29 4113
2647 38 4152
2648 0 1
2649 0 1
2650 0 1
2651 30 4187
2652 35 4207
2653 45 4174
2654 44 4177
2655 30 4142
2656 39 4128
2657 34 4159
2658 34 4228
2659 31 4129
2660 0 1
2661 42 4134
2662 43 4193
2663 30 4156
2664 47 4162
2665 38 4116
2666 32 4155
2667 37 4154
2668 0 1
2669 48 4206
2670 31 4152
2671 35 4138
2672 37 4168
2673 43 4171
2674 33 4189
2675 41 4182
2676 32 4155
2677 34 4098
2678 31 4146
2679 0 1
2680 34 4149
2681 34 4182
2682 40 4156
2683 42 4167
2684 33 4125
2685 32 4154
2686 35 4197
2687 36 4183
2688 34 4167
2689 44 4204
2690 0 1
2691 46 4184
2692 0 1
2693 37 4115
2694 41 4173
2695 33 4160
2696 37 4140
2697 33 4131
2698 44 4162
2699 36 4171
4700 35 4151
4701 0 1
4702 35 4170
4703 43 4163
4704 0 1
4705 0 1
4706 0 1
4707 0 1
4708 0 1
4709 0 1
4710 61 4124
4711 31 4175
4712 35 4175
4713 43 4132
4714 34 4108
4715 36 4177
4716 32 4163
4717 52 4141
4718 0 1
4719 37 4173
4720 37 4171
4721 0 1
4722 31 4152
4723 55 4119
4724 0 1
4725 42 4178
4726 34 4207
4727 36 4154
4728 45 4195
4729 0 1
4730 0 1
4731 0 1
4732 0 1
4733 44 4137
4734 0 1
4735 32 4185
4736 34 4181
4737 42 4099
4738 32 4156
4739 33 4177
4740 50 4108
4741 36 4125
4742 32 4161
4743 40 4128
4744 52 4209
4745 47 4182
4746 54 4104
4747 37 4169
4748 35 4222
4749 0 1
4750 31 4142
4751 42 4175
4752 49 4178
4753 78 4123
4754 35 4164
4755 0 1
4756 0 1
4757 31 4155
4758 0 1
4759 0 1
4760 0 1
4761 0 1
4762 43 4149
4763 45 4123
4764 56 4167
4765 50 4188
4766 39 4139
4767 44 4136
4768 42 4158
4769 59 4131
4770 52 4188
4771 54 4144
4772 45 4171
4773 38 4159
4774 38 4153
4775 42 4156
4776 0 1
4777 0 1
4778 40 4171
4779 151 4166
4780 35 4128
4781 36 4189
4782 35 4172
4783 46 4127
4784 78 4136
4785 0 1
4786 33 4147
4787 0 1
4788 0 1
4789 0 1
4790 0 1
4791 18 2
4792 4 2
4793 0 1
4794 45 4117
4795 42 4162
4796 0 1
4797 0 1
4798 49 4189
4799 45 4158
4800 36 4192
4801 85 4141
4802 65 4131
4803 34 4179
4804 35 4119
4805 0 1
4806 0 1
4807 36 4219
4808 82 4179
4809 55 4168
4810 47 4128
4811 31 4090
4812 0 1
4813 36 4158
4814 0 1
4815 57 4177
4816 58 4141
4817 0 1
4818 37 4058
4819 0 1
4820 0 1
4821 0 1
4822 39 4201
4823 0 1
4824 0 1
4825 0 1
4826 33 4185
4827 0 1
4828 0 1
4829 0 1
4830 0 1
4831 36 4109
4832 0 1
4833 0 1
4834 70 4206
4835 0 1
4836 0 1
4837 39 4126
4838 37 4173
4839 0 1
4840 37 4167
4841 33 4111
4842 0 1
4843 35 4119
4844 39 4148
4845 35 4148
4846 0 1
4847 47 4185
4848 52 4150
4849 36 4178
4850 37 4140
4851 0 1
4852 0 1
4853 42 4143
4854 8 2
4855 0 1
4856 0 1
4857 0 1
4858 0 1
4859 83 4143
4860 33 4184
4861 42 4179
4862 83 4200
4863 99 4154
4864 39 4150
4865 0 1
4866 0 1
4867 34 4174
4868 59 4226
4869 32 4171
4870 45 4091
4871 39 4138
4872 0 1
4873 0 1
4874 29 4114
4875 36 4121
4876 30 4151
4877 46 4126
4878 46 4198
4879 39 4138
4880 67 4173
4881 36 4227
4882 38 4172
4883 37 4145
4884 30 4149
4885 33 4185
4886 45 4152
4887 48 4141
4888 44 4163
4889 35 4173
4890 59 4194
4891 33 4164
4892 33 4119
4893 51 4179
4894 39 4204
4895 34 4184
4896 31 4210
4897 40 4162
4898 38 4154
4899 30 4126
5600 0 1
5601 36 4167
5602 44 4184
5603 31 4143
5604 113 4219
5605 39 4172
5606 47 4194
5607 36 4139
5608 47 4148
5609 35 4145
5610 43 4165
5611 36 4162
5612 69 4107
5613 41 4179
5614 61 4199
5615 36 4108
5616 48 4185
5617 38 4169
5618 0 1
5619 75 4129
5620 51 4123
5621 48 4183
5622 43 4181
5623 35 4158
5624 36 4155
5625 42 4178
5626 32 4128
5627 0 1
5628 0 1
5629 35 4186
5630 38 4155
5631 43 4097
5632 47 4140
5633 62 4194
5634 61 4184
5635 35 4221
5636 43 4181
5637 40 4115
5638 33 4168
5639 70 4150
5640 44 4166
5641 57 4167
5642 35 4160
5643 0 1
5644 33 4166
5645 46 4188
5646 0 1
5647 36 4173
5648 0 1
5649 0 1
5650 0 1
5651 0 1
5652 0 1
5653 0 1
5654 43 4173
5655 0 1
5656 44 4169
5657 43 4157
5658 59 4127
5659 32 4153
5660 38 4139
5661 36 4160
5662 42 4163
5663 33 4088
5664 0 1
5665 34 4140
5666 37 4178
5667 0 1
5668 49 4117
5669 0 1
5670 0 1
5671 0 1
5672 62 4176
5673 0 1
5674 69 4177
5675 0 1
5676 0 1
5677 0 1
5678 43 4154
5679 34 4136
5680 35 4182
5681 0 1
5682 0 1
5683 63 4195
5684 0 1
5685 58 4181
5686 0 1
5687 45 4143
5688 0 1
5689 52 4159
5690 38 4161
5691 54 4157
5692 45 4175
5693 42 4179
5694 0 1
5695 0 1
5696 45 4170
5697 34 4160
5698 0 1
5699 0 1
3100 52 4181
3101 31 4163
3102 34 4182
3103 35 4175
3104 34 4185
3105 44 4188
3106 36 4147
3107 60 4160
3108 35 4121
3109 35 4151
3110 0 1
3111 32 4147
3112 44 4120
3113 0 1
3114 34 4162
3115 33 4160
3116 31 4181
3117 30 4154
3118 37 4171
3119 91 4175
3120 34 4165
3121 35 4179
3122 42 4208
3123 35 4182
3124 35 4155
3125 34 4137
3126 37 4162
3127 38 4128
3128 35 4168
3129 36 4098
3130 0 1
3131 38 4141
3132 32 4140
3133 0 1
3134 0 1
3135 33 4140
3136 31 4146
3137 33 4140
3138 0 1
3139 32 4130
3140 30 4208
3141 0 1
3142 0 1
3143 0 1
3144 49 4177
3145 37 4110
3146 31 4172
3147 32 4172
3148 37 4162
3149 34 4185
3150 0 1
3151 52 4126
3152 30 4169
3153 47 4116
3154 41 4170
3155 0 1
3156 0 1
3157 46 4197
3158 0 1
3159 20 3
3160 6 3
3161 14 3
3162 33 4177
3163 0 1
3164 38 4133
3165 0 1
3166 0 1
3167 18 2
3168 31 4153
3169 48 4215
3170 35 4189
3171 33 4174
3172 38 4209
3173 47 4168
3174 44 4139
3175 31 4221
3176 36 4137
3177 35 4146
3178 34 4134
3179 52 4078
3180 33 4199
3181 30 4173
3182 37 4137
3183 0 1
3184 34 4148
3185 41 4144
3186 29 4152
3187 34 4185
3188 33 4169
3189 36 4156
3190 33 4178
3191 34 4158
3192 34 4174
3193 0 1
3194 45 4186
3195 0 1
3196 48 4157
3197 36 4196
3198 33 4179
3199 0 1
3700 0 1
3701 39 4146
3702 43 4123
3703 46 4149
3704 38 4174
3705 44 4190
3706 35 4163
3707 36 4131
3708 0 1
3709 0 1
3710 0 1
3711 0 1
3712 34 4199
3713 0 1
3714 0 1
3715 34 4159
3716 35 4132
3717 46 4144
3718 0 1
3719 0 1
3720 52 4168
3721 32 4178
3722 34 4158
3723 34 4041
3724 31 4146
3725 45 4165
3726 0 1
3727 0 1
3728 33 4167
3729 32 4188
3730 37 4153
3731 34 4153
3732 32 4168
3733 0 1
3734 0 1
3735 0 1
3736 67 4115
3737 0 1
3738 61 4144
3739 55 4082
3740 32 4153
3741 31 4160
3742 36 4164
3743 48 4184
3744 0 1
3745 0 1
3746 0 1
3747 35 4127
3748 40 4148
3749 44 4195
3750 0 1
3751 0 1
3752 34 4138
3753 35 4114
3754 34 4166
3755 0 1
3756 68 4162
3757 37 4118
3758 36 4146
3759 0 1
3760 31 4117
3761 31 4199
3762 42 4209
3763 75 4153
3764 48 4177
3765 59 4194
3766 54 4183
3767 46 4155
3768 33 4154
3769 37 4172
3770 0 1
3771 37 4172
3772 0 1
3773 33 4176
3774 34 4156
3775 29 4185
3776 0 1
3777 36 4180
3778 32 4203
3779 0 1
3780 36 4199
3781 50 4220
3782 0 1
3783 40 4149
3784 0 1
3785 33 4153
3786 35 4175
3787 0 1
3788 80 4124
3789 64 4165
3790 88 4157
3791 32 4106
3792 34 4095
3793 37 4126
3794 33 4134
3795 33 4228
3796 33 4128
3797 34 4222
3798 33 4126
3799 0 1
3800 36 4127
3801 36 4170
3802 31 4133
3803 31 4121
3804 34 4134
3805 0 1
3806 32 4156
3807 44 4155
3808 39 4125
3809 0 1
3810 0 1
3811 31 4163
3812 0 1
3813 32 4212
3814 54 4134
3815 38 4212
3816 0 1
3817 0 1
3818 0 1
3819 44 4123
3820 40 4136
3821 45 4171
3822 0 1
3823 46 4176
3824 0 1
3825 32 4176
3826 34 4156
3827 0 1
3828 6 2
3829 0 1
3830 28 4200
3831 0 1
3832 55 4205
3833 0 1
3834 47 4184
3835 0 1
3836 34 4174
3837 32 4184
3838 36 4176
3839 33 4166
3840 45 4135
3841 45 4110
3842 48 4157
3843 0 1
3844 146 4176
3845 0 1
3846 0 1
3847 0 1
3848 37 4101
3849 35 4162
3850 59 4144
3851 36 4124
3852 38 4096
3853 0 1
3854 38 4165
3855 29 4194
3856 0 1
3857 0 1
3858 0 1
3859 0 1
3860 38 4183
3861 37 4160
3862 35 4121
3863 0 1
3864 30 4117
3865 32 4166
3866 41 4165
3867 0 1
3868 54 4142
3869 0 1
3870 30 4111
3871 32 4165
3872 0 1
3873 0 1
3874 0 1
3875 38 4150
3876 0 1
3877 0 1
3878 0 1
3879 32 4169
3880 0 1
3881 0 1
3882 42 4159
3883 30 4201
3884 39 4191
3885 34 4171
3886 34 4257
3887 39 4123
3888 0 1
3889 32 4136
3890 31 4133
3891 40 4195
3892 0 1
3893 33 4151
3894 40 4182
3895 38 4204
3896 31 4128
3897 35 4163
3898 0 1
3899 0 1
5100 0 1
5101 0 1
5102 0 1
5103 0 1
5104 0 1
5105 32 4180
5106 0 1
5107 39 4149
5108 43 4110
5109 35 4184
5110 0 1
5111 40 4131
5112 54 4164
5113 59 4166
5114 6 2
5115 6 2
5116 0 1
5117 65 4145
5118 0 1
5119 33 4169
5120 0 1
5121 0 1
5122 0 1
5123 38 4176
5124 0 1
5125 37 4138
5126 32 4201
5127 41 4191
5128 44 4204
5129 0 1
5130 0 1
5131 4 2
5132 29 2
5133 0 1
5134 29 4174
5135 0 1
5136 30 4188
5137 0 1
5138 0 1
5139 0 1
5140 0 1
5141 48 4151
5142 0 1
5143 0 1
5144 0 1
5145 33 4161
5146 37 4121
5147 0 1
5148 0 1
5149 40 4201
5150 0 1
5151 0 1
5152 37 4151
5153 0 1
5154 0 1
5155 17 2
5156 31 2
5157 0 1
5158 0 1
5159 0 1
5160 32 4195
5161 0 1
5162 35 4173
5163 0 1
5164 52 4137
5165 41 4169
5166 0 1
5167 40 4170
5168 0 1
5169 75 4162
5170 0 1
5171 34 4133
5172 0 1
5173 0 1
5174 0 1
5175 47 4162
5176 0 1
5177 0 1
5178 0 1
5179 36 4146
5180 0 1
5181 0 1
5182 0 1
5183 47 4152
5184 37 4188
5185 33 4119
5186 0 1
5187 0 1
5188 0 1
5189 48 4217
5190 31 4158
5191 0 1
5192 108 4127
5193 0 1
5194 46 4128
5195 54 4155
5196 33 4198
5197 0 1
5198 0 1
5199 0 1
3600 32 4130
3601 33 4138
3602 0 1
3603 40 4134
3604 0 1
3605 44 4171
3606 0 1
3607 49 4182
3608 40 4189
3609 34 4136
3610 32 4135
3611 33 4162
3612 37 4136
3613 37 4168
3614 33 4135
3615 34 4190
3616 53 4177
3617 0 1
3618 0 1
3619 32 4173
3620 34 4087
3621 53 4185
3622 59 4202
3623 31 4186
3624 36 4179
3625 0 1
3626 38 4140
3627 58 4221
3628 39 4180
3629 36 4200
3630 42 4133
3631 39 4180
3632 46 4118
3633 34 4151
3634 36 4122
3635 0 1
3636 37 4168
3637 0 1
3638 33 4175
3639 32 4148
3640 0 1
3641 36 4162
3642 41 4140
3643 36 4182
3644 34 4194
3645 0 1
3646 29 4202
3647 0 1
3648 29 4143
3649 0 1
3650 39 4180
3651 44 4193
3652 108 4139
3653 49 4176
3654 37 4166
3655 0 1
3656 54 4192
3657 49 4179
3658 36 4134
3659 31 4182
3660 36 4194
3661 0 1
3662 35 4174
3663 0 1
3664 0 1
3665 42 4131
3666 35 4125
3667 33 4206
3668 37 4196
3669 0 1
3670 45 4163
3671 35 4160
3672 55 4140
3673 0 1
3674 40 4124
3675 37 4196
3676 37 4131
3677 29 4161
3678 45 4196
3679 39 4199
3680 0 1
3681 0 1
3682 31 4119
3683 0 1
3684 38 4145
3685 45 4184
3686 0 1
3687 40 4192
3688 37 4191
3689 34 4119
3690 55 4178
3691 41 4194
3692 0 1
3693 36 4150
3694 0 1
3695 0 1
3696 0 1
3697 0 1
3698 34 4208
3699 0 1
5700 0 1
5701 68 4158
5702 0 1
5703 0 1
5704 41 4137
5705 47 4180
5706 66 4156
5707 0 1
5708 0 1
5709 35 4156
5710 36 4153
5711 35 4148
5712 0 1
5713 58 4140
5714 0 1
5715 180 4103
5716 34 4126
5717 38 4164
5718 0 1
5719 0 1
5720 40 4151
5721 39 4203
5722 35 4171
5723 45 4158
5724 57 4198
5725 0 1
5726 0 1
5727 0 1
5728 5 2
5729 4 2
5730 53 4106
5731 54 4137
5732 0 1
5733 0 1
5734 0 1
5735 50 4181
5736 2 2
5737 34 4151
5738 84 4144
5739 38 4190
5740 37 4094
5741 64 4188
5742 34 4168
5743 39 4110
5744 30 4169
5745 34 4142
5746 0 1
5747 0 1
5748 0 1
5749 0 1
5750 0 1
5751 0 1
5752 0 1
5753 0 1
5754 0 1
5755 0 1
5756 37 4116
5757 0 1
5758 0 1
5759 0 1
5760 37 4151
5761 101 4155
5762 0 1
5763 40 4191
5764 0 1
5765 49 4133
5766 3 2
5767 59 4111
5768 0 1
5769 32 4147
5770 0 1
5771 0 1
5772 0 1
5773 0 1
5774 0 1
5775 0 1
5776 0 1
5777 31 4168
5778 0 1
5779 40 4068
5780 0 1
5781 30 4163
5782 0 1
5783 45 4155
5784 32 4152
5785 78 4220
5786 0 1
5787 0 1
5788 0 1
5789 0 1
5790 51 4146
5791 0 1
5792 0 1
5793 37 4168
5794 36 4126
5795 0 1
5796 0 1
5797 0 1
5798 0 1
5799 0 1
1000 31 4174
1001 28 4103
1002 33 4124
1003 29 4110
1004 35 4144
1005 124 4210
1006 58 4196
1007 33 4166
1008 34 4177
1009 38 4116
1010 44 4121
1011 32 4145
1012 0 1
1013 0 1
1014 40 4091
1015 33 4185
1016 31 4182
1017 47 4135
1018 31 4134
1019 29 4181
1020 32 4234
1021 33 4180
1022 31 4150
1023 32 4140
1024 36 4166
1025 35 4164
1026 32 4130
1027 29 4172
1028 37 4184
1029 29 4169
1030 38 4134
1031 35 4132
1032 37 4152
1033 39 4169
1034 37 4158
1035 40 4124
1036 40 4130
1037 31 4105
1038 0 1
1039 39 4136
1040 31 4175
1041 36 4178
1042 31 4178
1043 0 1
1044 35 4193
1045 34 4154
1046 39 4145
1047 42 4149
1048 33 4154
1049 37 4157
1050 37 4115
1051 35 4216
1052 30 4160
1053 0 1
1054 35 4176
1055 32 4119
1056 0 1
1057 32 4218
1058 30 4172
1059 33 4172
1060 39 4119
1061 36 4107
1062 63 4139
1063 36 4095
1064 31 4121
1065 32 4151
1066 43 4166
1067 32 4093
1068 35 4151
1069 0 1
1070 36 4152
1071 33 4145
1072 35 4193
1073 36 4214
1074 34 4127
1075 32 4198
1076 32 4139
1077 33 4174
1078 33 4172
1079 27 4121
1080 32 4087
1081 32 4144
1082 29 4173
1083 36 4178
1084 28 4178
1085 29 4074
1086 29 4143
1087 29 4165
1088 28 4086
1089 37 4147
1090 29 4147
1091 29 4128
1092 36 4195
1093 32 4186
1094 0 1
1095 0 1
1096 29 4156
1097 0 1
1098 0 1
1099 31 4177
5800 0 1
5801 0 1
5802 32 4123
5803 47 4164
5804 48 4122
5805 0 1
5806 41 4178
5807 0 1
5808 46 4132
5809 34 4157
5810 0 1
5811 0 1
5812 0 1
5813 0 1
5814 36 4168
5815 0 1
5816 0 1
5817 59 4178
5818 86 4204
5819 63 4180
5820 49 4120
5821 40 4134
5822 0 1
5823 31 4108
5824 0 1
5825 57 4190
5826 58 4149
5827 57 4185
5828 0 1
5829 0 1
5830 0 1
5831 0 1
5832 39 4161
5833 42 4137
5834 0 1
5835 0 1
5836 30 4191
5837 68 4159
5838 0 1
5839 74 4158
5840 38 4185
5841 0 1
5842 0 1
5843 0 1
5844 37 4164
5845 0 1
5846 0 1
5847 72 4175
5848 36 4131
5849 33 4149
5850 0 1
5851 62 4173
5852 0 1
5853 0 1
5854 66 4118
5855 37 4135
5856 0 1
5857 34 4197
5858 0 1
5859 36 4149
5860 38 4189
5861 39 4196
5862 0 1
5863 30 4082
5864 0 1
5865 0 1
5866 0 1
5867 38 4155
5868 55 4175
5869 0 1
5870 42 4174
5871 37 4117
5872 40 4159
5873 41 4143
5874 0 1
5875 59 4250
5876 0 1
5877 39 4143
5878 41 4157
5879 33 4146
5880 0 1
5881 35 4128
5882 85 4145
5883 37 4188
5884 0 1
5885 0 1
5886 42 4143
5887 30 4167
5888 0 1
5889 0 1
5890 47 4155
5891 0 1
5892 0 1
5893 43 4157
5894 0 1
5895 0 1
5896 0 1
5897 0 1
5898 70 4149
5899 50 4194
2400 32 4177
2401 35 4139
2402 39 4231
2403 36 4199
2404 37 4158
2405 43 4150
2406 34 4101
2407 60 4169
2408 38 4097
2409 35 4176
2410 30 4101
2411 33 4202
2412 0 1
2413 38 4172
2414 36 4153
2415 31 4163
2416 38 4127
2417 55 4147
2418 35 4138
2419 32 4156
2420 0 1
2421 0 1
2422 32 4144
2423 52 4161
2424 46 4152
2425 35 4174
2426 34 4153
2427 36 4160
2428 29 4168
2429 39 4065
2430 49 4146
2431 31 4133
2432 39 4119
2433 38 4134
2434 33 4159
2435 36 4151
2436 30 4191
2437 37 4168
2438 40 4210
2439 0 1
2440 47 4172
2441 68 4195
2442 46 4138
2443 34 4168
2444 30 4138
2445 37 4176
2446 32 4170
2447 35 4164
2448 34 4143
2449 33 4127
2450 31 4175
2451 39 4160
2452 35 4173
2453 34 4183
2454 38 4127
2455 30 4154
2456 35 4174
2457 32 4186
2458 30 4154
2459 32 4157
2460 34 4115
2461 36 4176
2462 34 4159
2463 32 4185
2464 0 1
2465 38 4123
2466 38 4165
2467 32 4176
2468 35 4200
2469 30 4158
2470 42 4194
2471 35 4176
2472 36 4169
2473 30 4171
2474 30 4152
2475 0 1
2476 40 4168
2477 41 4191
2478 0 1
2479 50 4123
2480 39 4111
2481 30 4184
2482 34 4136
2483 38 4172
2484 37 4177
2485 47 4171
2486 34 4194
2487 34 4113
2488 31 4106
2489 37 4136
2490 0 1
2491 35 4146
2492 51 4177
2493 0 1
2494 36 4165
2495 47 4175
2496 37 4154
2497 36 4200
2498 0 1
2499 0 1
1900 36 4169
1901 34 4120
1902 56 4141
1903 153 4185
1904 36 4
1905 30 4166
1906 50 4185
1907 32 4176
1908 33 4203
1909 27 4163
1910 39 4126
1911 34 4179
1912 31 4164
1913 34 4178
1914 33 4142
1915 41 4181
1916 32 4170
1917 30 4163
1918 42 4152
1919 36 4138
1920 36 4174
1921 36 4182
1922 34 4169
1923 28 4149
1924 34 4182
1925 32 4202
1926 33 4137
1927 31 4159
1928 33 4185
1929 30 4152
1930 35 4149
1931 37 4176
1932 46 4186
1933 32 4087
1934 54 4195
1935 35 4127
1936 31 4127
1937 33 4126
1938 34 4147
1939 44 4143
1940 47 4153
1941 48 4152
1942 37 4179
1943 43 4153
1944 0 1
1945 32 4133
1946 40 4168
1947 35 4121
1948 0 1
1949 33 4102
1950 32 4141
1951 37 4146
1952 33 4165
1953 34 4111
1954 36 4207
1955 34 4128
1956 33 4145
1957 36 4147
1958 29 4176
1959 30 4160
1960 32 4137
1961 36 4200
1962 35 4138
1963 35 4209
1964 35 4125
1965 32 4231
1966 34 4223
1967 34 4193
1968 29 4142
1969 36 4182
1970 30 4159
1971 63 4149
1972 39 4160
1973 31 4154
1974 34 4208
1975 37 4098
1976 37 4124
1977 30 4202
1978 89 4221
1979 36 4138
1980 33 4171
1981 41 4148
1982 37 4176
1983 37 4153
1984 33 4144
1985 30 4128
1986 35 4185
1987 32 4171
1988 0 1
1989 35 4146
1990 33 4125
1991 33 4185
1992 29 4175
1993 62 4160
1994 43 4145
1995 32 4176
1996 31 4166
1997 31 4136
1998 33 4172
1999 33 4129
3300 0 1
3301 0 1
3302 66 4188
3303 29 4135
3304 90 4150
3305 0 1
3306 32 4182
3307 37 4176
3308 38 4161
3309 0 1
3310 0 1
3311 35 4164
3312 33 4178
3313 39 4194
3314 0 1
3315 34 4148
3316 32 4174
3317 47 4181
3318 29 4168
3319 32 4146
3320 40 4170
3321 42 4143
3322 28 4169
3323 33 4232
3324 41 4151
3325 40 4152
3326 53 4180
3327 30 4187
3328 76 4155
3329 41 4185
3330 80 4174
3331 93 4136
3332 0 1
3333 105 4200
3334 38 4183
3335 35 4178
3336 32 4184
3337 37 4189
3338 0 1
3339 45 4151
3340 0 1
3341 31 4114
3342 34 4119
3343 39 4168
3344 0 1
3345 39 4147
3346 37 4187
3347 31 4149
3348 31 4162
3349 34 4139
3350 0 1
3351 39 4109
3352 0 1
3353 40 4123
3354 67 4186
3355 42 4162
3356 37 4108
3357 0 1
3358 0 1
3359 36 4169
3360 0 1
3361 37 4170
3362 0 1
3363 0 1
3364 45 4132
3365 34 4147
3366 40 4158
3367 63 4145
3368 0 1
3369 39 4185
3370 0 1
3371 33 4167
3372 4 2
3373 19 2
3374 0 1
3375 84 4154
3376 35 4178
3377 45 4151
3378 48 4132
3379 36 4157
3380 35 4177
3381 47 4143
3382 53 4190
3383 33 4188
3384 30 4135
3385 34 4170
3386 36 4075
3387 32 4106
3388 34 4190
3389 39 4189
3390 47 4117
3391 53 4137
3392 33 4167
3393 28 4154
3394 35 4162
3395 35 4157
3396 33 4162
3397 36 4192
3398 44 4127
3399 37 4145
6500 71 2
6501 1 2
6502 0 1
6503 0 1
6504 0 1
6505 52 4163
6506 0 1
6507 54 4155
6508 33 4219
6509 0 1
6510 0 1
6511 0 1
6512 0 1
6513 0 1
6514 32 4158
6515 0 1
6516 0 1
6517 45 4105
6518 30 4162
6519 0 1
6520 0 1
6521 0 1
6522 0 1
6523 0 1
6524 43 4130
6525 0 1
6526 0 1
6527 0 1
6528 30 4136
6529 0 1
6530 64 4145
6531 36 4099
6532 0 1
6533 0 1
6534 0 1
6535 0 1
6536 0 1
6537 0 1
6538 34 4121
6539 55 4168
6540 0 1
6541 7 2
6542 72 4160
6543 34 4176
6544 107 4180
6545 77 4175
6546 0 1
6547 0 1
6548 38 4134
6549 0 1
6550 34 4211
4400 41 4191
4401 0 1
4402 0 1
4403 37 4169
4404 35 4124
4405 35 4127
4406 43 4159
4407 35 4172
4408 0 1
4409 57 4192
4410 0 1
4411 35 4171
4412 35 4156
4413 37 4092
4414 46 4179
4415 0 1
4416 0 1
4417 0 1
4418 64 4154
4419 39 4162
4420 43 4120
4421 0 1
4422 31 4094
4423 36 4156
4424 40 4163
4425 40 4170
4426 47 4136
4427 0 1
4428 0 1
4429 74 4149
4430 38 4128
4431 32 4221
4432 45 4179
4433 34 4151
4434 45 4155
4435 0 1
4436 0 1
4437 0 1
4438 67 4130
4439 0 1
4440 0 1
4441 43 4139
4442 48 4211
4443 40 4138
4444 0 1
4445 0 1
4446 37 4169
4447 33 4139
4448 42 4167
4449 0 1
4450 0 1
4451 0 1
4452 0 1
4453 0 1
4454 43 4123
4455 34 4187
4456 0 1
4457 34 4185
4458 45 4186
4459 0 1
4460 32 4141
4461 68 4203
4462 0 1
4463 57 4181
4464 42 4158
4465 0 1
4466 0 1
4467 39 4136
4468 0 1
4469 38 4128
4470 38 4117
4471 38 4220
4472 0 1
4473 48 4145
4474 0 1
4475 0 1
4476 0 1
4477 0 1
4478 35 4141
4479 55 4186
4480 0 1
4481 0 1
4482 0 1
4483 43 4141
4484 31 4162
4485 51 4114
4486 36 4137
4487 0 1
4488 0 1
4489 39 4123
4490 38 4213
4491 35 4155
4492 63 4138
4493 55 4180
4494 0 1
4495 0 1
4496 0 1
4497 35 4175
4498 41 4200
4499 0 1
5300 44 4197
5301 0 1
5302 2 2
5303 28 2
5304 0 1
5305 38 4175
5306 32 4141
5307 36 4147
5308 0 1
5309 46 4139
5310 0 1
5311 0 1
5312 0 1
5313 42 4167
5314 45 4156
5315 0 1
5316 36 4147
5317 38 4170
5318 37 4120
5319 31 4115
5320 74 4177
5321 35 4174
5322 0 1
5323 0 1
5324 33 4174
5325 54 4154
5326 38 4138
5327 70 4137
5328 29 4119
5329 0 1
5330 4 2
5331 47 2
5332 41 4168
5333 0 1
5334 0 1
5335 0 1
5336 63 4157
5337 35 4126
5338 0 1
5339 33 4149
5340 21 2
5341 0 1
5342 0 1
5343 0 1
5344 0 1
5345 52 4138
5346 30 4182
5347 46 4133
5348 50 4139
5349 35 4121
5350 52 4141
5351 0 1
5352 0 1
5353 0 1
5354 0 1
5355 36 4154
5356 42 4109
5357 37 4101
5358 51 4207
5359 39 4175
5360 0 1
5361 41 4115
5362 40 4125
5363 38 4159
5364 0 1
5365 0 1
5366 35 4153
5367 40 4169
5368 0 1
5369 0 1
5370 37 4132
5371 65 4146
5372 33 4146
5373 41 4183
5374 37 4165
5375 39 4106
5376 44 4132
5377 0 1
5378 78 4186
5379 0 1
5380 56 4156
5381 0 1
5382 0 1
5383 39 4162
5384 49 4115
5385 35 4162
5386 0 1
5387 36 4151
5388 0 1
5389 35 4156
5390 35 4251
5391 0 1
5392 37 4131
5393 74 4126
5394 56 4201
5395 0 1
5396 0 1
5397 0 1
5398 0 1
5399 56 4160
800 33 4101
801 32 4149
802 35 4162
803 33 4185
804 30 4142
805 36 4130
806 29 4170
807 33 4179
808 34 4123
809 31 4172
810 31 4125
811 30 4159
812 30 4056
813 32 4137
814 40 4137
815 0 1
816 0 1
817 0 1
818 31 4113
819 40 4146
820 32 4138
821 30 4168
822 0 1
823 34 4120
824 33 4167
825 37 4111
826 30 4168
827 0 1
828 35 4184
829 25 4164
830 36 4144
831 0 1
832 30 4068
833 32 4173
834 29 4197
835 29 4162
836 31 4144
837 67 4172
838 0 1
839 34 4171
840 31 4214
841 38 4163
842 33 4141
843 32 4151
844 30 4150
845 32 4136
846 0 1
847 34 4154
848 35 4109
849 40 4151
850 33 4120
851 31 4122
852 29 4151
853 33 4211
854 29 4119
855 34 4191
856 30 4179
857 34 4183
858 31 4201
859 37 4144
860 35 4120
861 32 4185
862 31 4188
863 32 4174
864 39 4157
865 40 4178
866 0 1
867 34 4194
868 35 4167
869 37 4159
870 36 4206
871 33 4181
872 42 4179
873 0 1
874 50 4186
875 34 4197
876 32 4146
877 31 4156
878 31 4149
879 29 4156
880 32 4115
881 32 4146
882 38 4147
883 0 1
884 33 4138
885 39 4178
886 31 4164
887 28 4144
888 38 4137
889 31 4158
890 31 4139
891 36 4131
892 29 4169
893 31 4131
894 42 4150
895 39 4176
896 35 4168
897 31 4094
898 37 4180
899 38 4159
6200 0 1
6201 0 1
6202 0 1
6203 37 4182
6204 0 1
6205 0 1
6206 0 1
6207 44 4176
6208 0 1
6209 0 1
6210 0 1
6211 0 1
6212 85 2
6213 17 2
6214 0 1
6215 0 1
6216 0 1
6217 0 1
6218 42 4154
6219 0 1
6220 18 2
6221 47 4173
6222 0 1
6223 0 1
6224 45 4142
6225 53 4126
6226 0 1
6227 0 1
6228 0 1
6229 0 1
6230 0 1
6231 41 4152
6232 0 1
6233 50 4123
6234 42 4168
6235 0 1
6236 50 4180
6237 41 4131
6238 0 1
6239 0 1
6240 0 1
6241 37 4181
6242 81 4114
6243 0 1
6244 39 4163
6245 0 1
6246 125 4201
6247 0 1
6248 51 4152
6249 0 1
6250 0 1
6251 35 4122
6252 0 1
6253 0 1
6254 0 1
6255 0 1
6256 0 1
6257 53 4164
6258 41 4197
6259 0 1
6260 37 4159
6261 34 4137
6262 78 4193
6263 0 1
6264 0 1
6265 0 1
6266 0 1
6267 39 4143
6268 0 1
6269 0 1
6270 0 1
6271 0 1
6272 0 1
6273 0 1
6274 0 1
6275 41 4132
6276 50 4154
6277 39 4195
6278 36 4144
6279 42 4195
6280 48 4151
6281 61 4223
6282 41 4141
6283 64 4135
6284 34 4130
6285 0 1
6286 34 4164
6287 54 4154
6288 106 4158
6289 55 4146
6290 43 4176
6291 34 4167
6292 40 4200
6293 89 4172
6294 0 1
6295 0 1
6296 0 1
6297 0 1
6298 0 1
6299 36 4103
3400 38 4147
3401 37 4112
3402 32 4194
3403 34 4173
3404 38 4130
3405 77 4193
3406 33 4158
3407 30 4191
3408 33 4144
3409 38 4088
3410 36 4156
3411 30 4169
3412 42 4201
3413 31 4143
3414 35 4112
3415 36 4164
3416 40 4155
3417 61 4236
3418 49 4168
3419 35 4192
3420 38 4218
3421 37 4168
3422 39 4151
3423 32 4165
3424 34 4132
3425 32 4156
3426 32 4113
3427 31 4175
3428 29 4140
3429 47 4139
3430 30 4167
3431 38 4198
3432 37 4171
3433 15 2
3434 38 4167
3435 33 4134
3436 46 4112
3437 30 4203
3438 41 4134
3439 33 4164
3440 46 4115
3441 32 4186
3442 33 4158
3443 33 4169
3444 41 4196
3445 37 4188
3446 30 4195
3447 51 4173
3448 47 4121
3449 34 4166
3450 32 4156
3451 68 4167
3452 35 4155
3453 36 4140
3454 35 4150
3455 41 4153
3456 0 1
3457 65 4140
3458 0 1
3459 0 1
3460 43 4174
3461 29 4208
3462 36 4170
3463 39 4172
3464 33 4148
3465 32 4182
3466 33 4165
3467 39 4104
3468 31 4196
3469 62 4117
3470 32 4140
3471 0 1
3472 33 4134
3473 30 4189
3474 32 4210
3475 33 4146
3476 44 4196
3477 35 4114
3478 36 4171
3479 35 4143
3480 50 4135
3481 32 4130
3482 33 4191
3483 41 4155
3484 78 4173
3485 40 4134
3486 31 4136
3487 39 4153
3488 39 4177
3489 36 4172
3490 32 4138
3491 0 1
3492 0 1
3493 0 1
3494 36 4182
3495 0 1
3496 51 4126
3497 40 4203
3498 0 1
3499 39 4177
100 34 4135
101 31 4155
102 36 4137
103 31 4140
104 30 4161
105 29 4132
106 32 4167
107 29 4098
108 31 4100
109 33 4161
110 31 4194
111 30 4182
112 32 4215
113 40 4155
114 39 4179
115 32 4211
116 41 4134
117 30 4111
118 33 4175
119 43 4178
120 32 4147
121 36 4168
122 29 4155
123 32 4148
124 33 4191
125 31 4185
126 38 4189
127 32 4197
128 35 4183
129 42 4168
130 39 4150
131 56 4154
132 41 4139
133 38 4112
134 33 4185
135 44 4136
136 33 4108
137 37 4198
138 40 4135
139 34 4164
140 33 4142
141 30 4189
142 33 4128
143 31 4183
144 38 4166
145 47 4169
146 34 4184
147 31 4174
148 0 1
149 56 4118
150 37 4116
151 0 1
152 34 4125
153 36 4164
154 57 4200
155 41 4161
156 30 4137
157 44 4189
158 32 4165
159 58 4131
160 49 4137
161 31 4158
162 30 4161
163 39 4157
164 35 4194
165 27 4138
166 32 4191
167 34 4159
168 35 4182
169 61 4150
170 27 4122
171 28 4159
172 30 4196
173 32 4200
174 30 4188
175 31 4111
176 32 4113
177 31 4125
178 0 1
179 31 4108
180 29 4206
181 33 4190
182 31 4173
183 47 4185
184 33 4157
185 31 4185
186 35 4201
187 31 4145
188 32 4180
189 33 4224
190 30 4116
191 29 4172
192 33 4145
193 31 4144
194 31 4159
195 34 4192
196 34 4225
197 30 4195
198 27 4172
199 28 4136
600 30 4164
601 36 4151
602 32 4193
603 32 4186
604 35 4187
605 33 4135
606 38 4210
607 35 4180
608 36 4200
609 30 4158
610 36 4186
611 30 4131
612 33 4164
613 33 4148
614 30 4189
615 37 4163
616 32 4137
617 32 4218
618 32 4177
619 28 4154
620 38 4168
621 0 1
622 31 4168
623 28 4127
624 29 4185
625 35 4108
626 33 4185
627 38 4099
628 33 4182
629 34 4171
630 35 4178
631 33 4164
632 32 4159
633 32 4172
634 33 4132
635 32 4173
636 32 4175
637 29 4194
638 32 4201
639 33 4135
640 35 4182
641 31 4155
642 32 4124
643 31 4169
644 28 4146
645 36 4128
646 31 4177
647 32 4094
648 31 4176
649 32 4181
650 31 4199
651 37 4155
652 33 4183
653 34 4145
654 39 4183
655 33 4181
656 33 4210
657 33 4150
658 31 4144
659 48 4173
660 36 4180
661 29 2
662 1 2
663 0 1
664 0 1
665 37 4178
666 50 4206
667 39 4154
668 31 4130
669 35 4160
670 40 4155
671 37 4209
672 29 4167
673 33 4184
674 36 4108
675 31 4160
676 28 4204
677 29 4104
678 30 4204
679 33 4204
680 33 4159
681 33 4143
682 27 4151
683 0 1
684 36 4120
685 41 4147
686 0 1
687 0 1
688 0 1
689 27 2
690 17 2
691 0 1
692 0 1
693 36 4139
694 35 4236
695 35 4167
696 33 4172
697 33 4130
698 37 4146
699 51 4184
2300 0 1
2301 30 4154
2302 32 4193
2303 32 4151
2304 0 1
2305 32 4181
2306 34 4157
2307 38 4150
2308 50 4212
2309 0 1
2310 0 1
2311 39 4189
2312 31 4167
2313 38 4157
2314 47 4225
2315 52 4185
2316 38 4136
2317 35 4092
2318 31 4119
2319 29 4188
2320 36 4198
2321 34 4144
2322 33 4152
2323 30 4160
2324 37 4170
2325 34 4154
2326 33 4070
2327 50 4197
2328 36 4179
2329 37 4134
2330 37 4189
2331 33 4129
2332 29 4186
2333 32 4184
2334 0 1
2335 67 4151
2336 22 2
2337 35 4201
2338 71 4175
2339 58 4190
2340 0 1
2341 34 4151
2342 39 4164
2343 54 4172
2344 36 4186
2345 30 4187
2346 37 4155
2347 30 4097
2348 39 4230
2349 31 4197
2350 46 4187
2351 29 4148
2352 0 1
2353 31 4163
2354 40 4204
2355 42 4113
2356 44 4159
2357 0 1
2358 0 1
2359 53 4118
2360 37 4113
2361 33 4170
2362 36 4185
2363 0 1
2364 45 4126
2365 40 4151
2366 40 4168
2367 36 4192
2368 0 1
2369 34 4210
2370 40 4217
2371 33 4155
2372 36 4142
2373 0 1
2374 0 1
2375 29 4116
2376 36 4216
2377 43 4162
2378 0 1
2379 0 1
2380 44 4189
2381 32 4135
2382 30 4171
2383 43 4128
2384 1 2
2385 15 2
2386 80 4146
2387 55 4160
2388 49 4190
2389 37 4119
2390 0 1
2391 64 4163
2392 40 4115
2393 42 4169
2394 45 4194
2395 34 4181
2396 38 4130
2397 41 4142
2398 37 4169
2399 89 4149
1200 32 4148
1201 33 4168
1202 37 4129
1203 37 4201
1204 31 4209
1205 31 4124
1206 35 4166
1207 31 4160
1208 34 4165
1209 33 4141
1210 31 4178
1211 29 4151
1212 32 4164
1213 35 4172
1214 27 4105
1215 29 4142
1216 37 4159
1217 28 4166
1218 38 4168
1219 27 4157
1220 31 4127
1221 30 4174
1222 28 4175
1223 41 4173
1224 0 1
1225 33 4187
1226 35 4133
1227 36 4154
1228 37 4211
1229 32 4104
1230 33 4139
1231 35 4192
1232 35 4148
1233 34 4132
1234 64 4146
1235 35 4222
1236 32 4114
1237 28 4217
1238 34 4187
1239 36 4181
1240 31 4188
1241 30 4208
1242 37 4149
1243 33 4186
1244 34 4192
1245 34 4189
1246 29 4177
1247 32 4136
1248 31 4131
1249 38 4170
1250 34 4166
1251 37 4206
1252 42 4156
1253 33 4202
1254 32 4141
1255 47 4094
1256 32 4121
1257 34 4165
1258 39 4118
1259 41 4182
1260 33 4175
1261 43 4182
1262 36 4195
1263 30 4198
1264 31 4153
1265 45 4164
1266 31 4189
1267 39 4152
1268 37 4152
1269 30 4159
1270 45 4127
1271 47 4185
1272 38 4118
1273 52 4142
1274 87 4193
1275 30 4132
1276 30 4139
1277 31 4166
1278 56 4128
1279 33 4163
1280 30 4116
1281 31 4125
1282 35 4121
1283 35 4228
1284 32 4147
1285 31 4151
1286 35 4160
1287 32 4178
1288 38 4154
1289 31 4169
1290 31 4177
1291 37 4167
1292 32 4141
1293 0 1
1294 0 1
1295 42 4143
1296 38 4223
1297 31 4187
1298 0 1
1299 0 1
5400 0 1
5401 0 1
5402 32 4171
5403 50 4138
5404 0 1
5405 0 1
5406 34 4143
5407 38 4125
5408 0 1
5409 0 1
5410 33 4169
5411 59 4183
5412 0 1
5413 0 1
5414 36 4136
5415 0 1
5416 65 4181
5417 0 1
5418 0 1
5419 77 4121
5420 39 4164
5421 65 4183
5422 0 1
5423 0 1
5424 84 4141
5425 37 4198
5426 46 4138
5427 34 4143
5428 0 1
5429 56 4106
5430 41 4105
5431 7 2
5432 97 2
5433 0 1
5434 31 4155
5435 38 4177
5436 33 4201
5437 36 4170
5438 0 1
5439 0 1
5440 34 4146
5441 38 4096
5442 89 4174
5443 49 4160
5444 52 4131
5445 41 4200
5446 33 4138
5447 46 4152
5448 0 1
5449 0 1
5450 45 4162
5451 43 4161
5452 35 4099
5453 0 1
5454 56 4178
5455 39 4132
5456 0 1
5457 0 1
5458 40 4182
5459 39 4195
5460 33 4203
5461 35 4164
5462 0 1
5463 0 1
5464 0 1
5465 32 2
5466 7 2
5467 44 4120
5468 0 1
5469 35 4186
5470 0 1
5471 40 4185
5472 0 1
5473 0 1
5474 40 4126
5475 34 4201
5476 31 4181
5477 0 1
5478 40 4131
5479 66 4168
5480 0 1
5481 0 1
5482 36 4207
5483 36 4197
5484 0 1
5485 39 4181
5486 35 4123
5487 32 4107
5488 33 4167
5489 34 4192
5490 39 4164
5491 71 4153
5492 58 4195
5493 35 4184
5494 33 4166
5495 74 4187
5496 33 4112
5497 39 4131
5498 0 1
5499 0 1
4300 49 4097
4301 36 4195
4302 58 4090
4303 0 1
4304 39 4182
4305 39 4188
4306 57 4123
4307 47 4174
4308 0 1
4309 0 1
4310 0 1
4311 40 4183
4312 0 1
4313 34 4210
4314 33 4133
4315 50 4187
4316 0 1
4317 31 4192
4318 49 4169
4319 0 1
4320 35 4192
4321 41 4176
4322 0 1
4323 0 1
4324 0 1
4325 48 4164
4326 31 4162
4327 33 4185
4328 30 4141
4329 0 1
4330 0 1
4331 0 1
4332 34 4180
4333 49 4179
4334 38 4163
4335 48 4204
4336 0 1
4337 0 1
4338 0 1
4339 0 1
4340 0 1
4341 31 4120
4342 45 4119
4343 43 4138
4344 43 4236
4345 34 4152
4346 42 4135
4347 75 4149
4348 37 4122
4349 36 4192
4350 33 4112
4351 61 4108
4352 30 4171
4353 0 1
4354 67 4220
4355 0 1
4356 34 4163
4357 0 1
4358 36 4146
4359 36 4158
4360 0 1
4361 0 1
4362 36 4132
4363 33 4196
4364 30 4186
4365 35 4162
4366 0 1
4367 43 4196
4368 35 4129
4369 0 1
4370 34 4162
4371 51 4160
4372 37 4154
4373 0 1
4374 0 1
4375 0 1
4376 42 4152
4377 55 4161
4378 31 4100
4379 0 1
4380 0 1
4381 36 4115
4382 90 4158
4383 29 4138
4384 37 4139
4385 32 4184
4386 0 1
4387 36 4145
4388 31 4192
4389 48 4171
4390 52 4125
4391 36 4173
4392 0 1
4393 35 4139
4394 38 4131
4395 30 4175
4396 41 4206
4397 43 4167
4398 96 4145
4399 35 4150
1500 43 4156
1501 0 1
1502 31 4138
1503 35 4168
1504 32 4140
1505 36 4121
1506 33 4166
1507 41 4181
1508 0 1
1509 0 1
1510 38 4146
1511 27 4154
1512 0 1
1513 37 4184
1514 31 4217
1515 34 4181
1516 30 4082
1517 31 4123
1518 31 4165
1519 30 4108
1520 31 4106
1521 34 4125
1522 35 4163
1523 30 4117
1524 35 4157
1525 32 4162
1526 35 4116
1527 30 4182
1528 35 4124
1529 34 4190
1530 34 4141
1531 48 4119
1532 37 4141
1533 38 4148
1534 34 4146
1535 36 4186
1536 0 1
1537 32 4177
1538 40 4172
1539 33 4159
1540 38 4138
1541 31 4133
1542 35 4219
1543 34 4147
1544 32 4198
1545 33 4137
1546 34 4168
1547 33 4208
1548 31 4152
1549 32 4180
1550 34 4125
1551 32 4157
1552 33 4177
1553 34 4171
1554 35 4093
1555 37 4168
1556 35 4117
1557 33 4208
1558 33 4158
1559 33 4087
1560 34 4189
1561 33 4172
1562 32 4131
1563 37 4167
1564 32 4174
1565 33 4189
1566 33 4140
1567 33 4125
1568 34 4198
1569 30 4094
1570 34 4134
1571 0 1
1572 41 4149
1573 37 4109
1574 39 4164
1575 49 4137
1576 0 1
1577 31 4132
1578 36 4100
1579 34 4139
1580 32 4164
1581 34 4155
1582 33 4183
1583 31 4192
1584 34 4177
1585 33 4118
1586 31 4071
1587 33 4111
1588 37 4189
1589 34 4145
1590 33 4225
1591 30 4134
1592 33 4172
1593 34 4164
1594 32 4195
1595 32 4149
1596 35 4145
1597 33 4189
1598 44 4185
1599 34 4148
