32 1716
26 1708
28 1697
32 1666
32 1705
29 1718
29 1713
38 1691
31 1702
30 1693
33 1724
27 1690
37 1692
32 1700
37 1710
32 1700
34 1724
26 1726
33 1712
29 1684
28 1696
28 1706
30 1721
31 1705
30 1682
29 1711
28 1695
27 1712
29 1702
32 1711
29 1731
30 1718
29 1713
25 1664
26 1687
31 1665
30 1717
29 1673
30 1705
35 1731
33 1686
30 1683
30 1707
27 1702
25 1722
26 1701
28 1711
31 1710
32 1699
30 1673
33 1697
28 1709
31 1697
27 1672
29 1698
29 1721
24 1693
33 1709
29 1667
31 1697
40 1716
35 1719
29 1689
35 1691
35 1696
30 1705
32 1703
33 1704
39 1714
33 1661
29 1703
32 1701
30 1705
27 1660
36 1702
31 1700
31 1698
43 1717
28 1707
51 1717
41 1709
36 1715
35 1731
35 1704
36 1679
27 1669
33 1722
33 1688
32 1711
33 1696
35 1705
35 1674
28 1706
32 1697
31 1718
28 1726
29 1693
32 1680
29 1668
31 1692
31 1677
34 1714
41 1671
29 1706
28 1704
31 1707
32 1710
39 1701
33 1710
32 1704
33 1663
30 1694
24 1695
31 1703
35 1709
30 1713
37 1714
34 1706
32 1681
31 1716
32 1726
31 1694
35 1706
35 1721
36 1682
31 1682
33 1681
35 1697
25 1726
0 1
28 1704
35 1683
29 1694
35 1677
26 1696
32 1686
49 1699
30 1685
34 1698
31 1693
31 1712
31 1702
31 1712
37 1686
40 1687
34 1727
34 1686
33 1708
29 1691
33 1678
30 1685
32 1716
37 1722
37 1704
36 1726
35 1696
29 1730
33 1659
29 1730
27 1662
31 1707
27 1686
34 1688
28 1702
28 1694
0 1
28 1683
29 1690
29 1706
29 1693
31 1704
31 1686
35 1702
29 1705
29 1718
32 1697
39 1702
37 1714
33 1701
33 1684
37 1683
32 1706
36 1694
30 1682
28 1689
36 1711
33 1689
29 1664
36 1706
41 1669
40 1709
35 1707
29 1677
25 1663
34 1673
37 1683
29 1700
30 1694
37 1734
33 1673
27 1701
27 1697
28 1725
26 1702
27 1733
25 1715
29 1697
28 1695
30 1688
33 1698
31 1755
29 1716
25 1666
30 1713
32 1725
26 1692
32 1699
33 1653
30 1692
27 1701
47 1697
30 1680
29 1684
29 1712
34 1746
37 1700
33 1694
32 1691
35 1703
33 1695
32 1686
37 1722
31 1697
31 1689
33 1680
28 1690
35 1702
66 1686
31 1701
29 1700
37 1712
31 1668
36 1692
43 1660
30 1703
30 1681
32 1722
31 1682
29 1671
31 1696
27 1691
31 1718
28 1697
28 1700
22 1711
31 1708
29 1690
30 1714
26 1717
43 1686
32 1705
31 1732
32 1708
30 1669
32 1694
27 1706
34 1682
28 1700
28 1719
29 1709
25 1692
30 1702
26 1684
28 1691
36 1684
29 1729
26 1710
32 1703
29 1692
32 1668
28 1745
37 1709
32 1724
31 1696
33 1703
28 1687
33 1708
28 1708
35 1708
29 1687
27 1722
28 1693
28 1685
26 1695
30 1707
30 1695
34 1680
28 1730
48 1694
29 1687
27 1688
31 1670
25 1705
30 1703
30 1678
34 1691
25 1668
26 1702
25 1712
27 1690
28 1681
30 1703
31 1697
30 1700
29 1683
32 1671
32 1680
28 1723
27 1694
30 1678
27 1687
30 1677
25 1705
27 1702
27 1727
31 1677
29 1720
36 1680
26 1721
25 1712
31 1723
32 1668
31 1687
29 1709
31 1688
33 1710
39 1730
31 1696
26 1684
40 1704
34 1681
33 1704
35 1687
30 1700
28 1719
31 1688
36 1703
34 1706
27 1699
0 1
27 1666
29 1692
28 1678
32 1724
31 1701
26 1654
38 1696
32 1686
60 1684
33 1690
27 1702
30 1696
26 1716
39 1698
37 1705
39 1704
28 1704
21 1678
35 1686
29 1707
34 1709
30 1704
32 1709
28 1708
30 1730
35 1700
39 1688
28 1720
35 1698
27 1641
33 1730
32 1698
28 1664
27 1691
28 1698
34 1657
32 1696
27 1684
39 1717
35 1700
31 1728
28 1695
28 1682
34 1673
36 1687
34 1651
34 1693
35 1709
40 1680
32 1714
30 1722
0 1
34 1690
32 1717
30 1675
31 1707
34 1691
29 1705
27 1682
27 1714
36 1716
29 1675
31 1675
31 1704
31 1690
36 1719
30 1703
36 1681
33 1723
31 1711
27 1705
27 1703
33 1677
29 1690
25 1733
37 1699
38 1674
28 1691
33 1691
29 1681
31 1706
33 1698
29 1673
32 1731
36 1696
34 1684
33 1708
32 1726
32 1691
31 1730
32 1684
32 1701
32 1679
31 1694
28 1680
31 1702
41 1708
41 1687
36 1691
38 1679
32 1684
27 1724
30 1711
32 1695
26 1699
30 1727
28 1698
29 1722
28 1723
29 1697
29 1694
28 1707
27 1711
27 1681
28 1677
32 1699
31 1683
30 1687
31 1701
26 1720
27 1735
32 1681
26 1719
29 1690
27 1707
30 1704
30 1700
32 1715
28 1719
26 1693
33 1710
37 1677
33 1701
29 1708
29 1703
32 1696
31 1708
36 1678
32 1690
34 1716
31 1703
33 1703
28 1696
29 1702
30 1688
31 1712
26 1721
33 1693
33 1661
34 1676
33 1725
32 1714
32 1699
39 1703
29 1709
42 1688
34 1663
29 1695
46 1718
32 1687
33 1691
31 1724
35 1682
31 1701
29 1678
33 1715
28 1702
36 1729
29 1678
28 1718
33 1721
58 1690
35 1668
32 1724
30 1685
28 1703
33 1695
42 1692
36 1721
30 1729
36 1658
39 1714
28 1710
32 1702
29 1688
31 1698
32 1721
30 1704
30 1726
38 1701
32 1700
30 1690
29 1677
56 1693
50 1697
30 1715
74 1686
36 1685
38 1707
35 1692
31 1715
23 1702
33 1674
40 1697
29 1720
29 1694
33 1716
34 1692
53 1712
34 1686
34 1730
37 1722
28 1704
30 1694
32 1659
34 1719
29 1713
27 1716
35 1678
30 1691
25 1700
38 1732
31 1664
28 1673
36 1732
33 1698
32 1693
71 1707
31 1691
35 1704
31 1715
26 1708
29 1700
27 1659
28 1722
28 1666
29 1702
30 1693
32 1711
33 1703
36 1666
33 1705
33 1685
37 1701
31 1711
28 1721
34 1695
27 1715
29 1681
28 1708
31 1690
24 1697
28 1705
34 1704
32 1724
30 1688
26 1725
36 1672
30 1723
32 1689
42 1724
43 1724
35 1670
28 1667
47 1700
60 1704
35 1680
37 1706
33 1713
29 1688
57 1709
32 1701
25 1716
31 1662
31 1704
27 1669
27 1699
34 1679
29 1710
27 1684
31 1702
32 1700
31 1716
29 1703
33 1702
34 1686
45 1722
32 1697
29 1695
30 1672
37 1711
31 1713
30 1723
35 1674
36 1705
38 1678
36 1711
34 1698
31 1688
39 1710
37 1684
31 1715
32 1685
38 1678
32 1692
35 1698
28 1697
29 1696
35 1689
30 1681
34 1698
39 1667
36 1678
33 1695
33 1727
31 1697
23 1677
26 1694
30 1700
36 1698
30 1698
31 1725
30 1681
32 1706
32 1713
31 1686
28 1688
35 1684
37 1712
37 1697
34 1686
35 1708
35 1695
33 1696
35 1680
32 1698
33 1676
37 1706
33 1700
38 1708
32 1706
29 1673
32 1697
30 1700
37 1707
29 1684
29 1678
36 1678
35 1707
36 1710
33 1701
37 1698
28 1702
31 1684
35 1713
33 1707
0 1
32 1726
31 1674
30 1681
39 1728
43 1697
31 1693
29 1696
30 1685
30 1717
26 1715
37 1716
27 1705
35 1716
34 1675
29 1700
26 1664
34 1667
36 1728
30 1734
35 1707
34 1719
42 1703
31 1680
32 1698
32 1698
32 1691
32 1707
46 1702
28 1694
37 1716
37 1677
36 1706
30 1702
37 1700
30 1708
34 1709
31 1724
31 1668
32 1688
30 1690
34 1694
30 1692
30 1706
34 1690
30 1725
29 1671
47 1735
36 1670
54 1709
34 1699
26 1701
27 1690
40 1719
32 1663
28 1726
33 1712
36 1691
36 1717
29 1713
29 1687
29 1684
68 1675
63 1724
51 1710
27 1675
29 1682
29 1679
31 1679
26 1696
33 1714
27 1712
26 1691
22 1703
30 1704
31 1708
34 1723
33 1690
30 1711
27 1721
32 1710
29 1707
38 1717
38 1666
34 1717
39 1707
28 1701
28 1719
25 1670
33 1711
30 1684
25 1693
68 1711
34 1701
30 1697
30 1669
27 1697
26 1676
32 1696
0 1
34 1707
31 1675
36 1682
30 1686
47 1671
32 1691
31 1725
27 1691
27 1684
34 1726
28 1759
33 1695
30 1712
35 1711
26 1715
28 1698
48 1688
49 1714
32 1705
33 1696
27 1683
33 1684
27 1697
45 1707
34 1695
36 1696
28 1732
28 1689
29 1710
30 1690
32 1708
32 1678
28 1704
27 1728
26 1698
29 1669
29 1689
36 1701
31 1725
32 1719
29 1715
29 1703
29 1700
33 1682
28 1690
33 1684
26 1707
32 1721
37 1717
32 1700
34 1687
32 1694
32 1701
36 1726
38 1713
34 1689
32 1690
37 1703
40 1682
34 1700
36 1706
33 1719
33 1688
32 1672
38 1701
34 1701
47 1701
29 1651
31 1711
33 1702
32 1686
31 1698
30 1718
33 1664
32 1677
30 1709
35 1711
34 1704
32 1687
29 1690
30 1714
28 1700
31 1706
31 1700
25 1710
32 1683
33 1704
33 1710
28 1707
25 1687
32 1679
44 1699
35 1684
31 1708
29 1749
29 1664
33 1686
27 1685
30 1705
31 1718
28 1720
32 1728
29 1687
33 1697
33 1707
33 1677
25 1699
39 1687
39 1714
31 1709
32 1695
35 1697
27 1731
28 1700
32 1697
33 1716
27 1701
24 1683
25 1691
36 1708
32 1707
46 1683
32 1699
42 1701
35 1713
27 1681
33 1705
35 1694
25 1697
30 1709
42 1696
32 1706
33 1713
28 1711
28 1693
31 1714
34 1726
29 1706
26 1698
28 1684
33 1702
34 1715
34 1672
34 1737
31 1666
30 1713
33 1741
33 1693
30 1704
30 1693
31 1706
31 1693
37 1706
34 1718
29 1720
32 1702
33 1695
38 1726
30 1732
31 1727
35 1683
29 1711
27 1688
37 1701
31 1678
34 1729
28 1717
33 1686
29 1684
30 1726
28 1682
31 1684
29 1687
36 1668
34 1671
29 1731
33 1698
31 1705
31 1653
37 1712
31 1695
36 1666
37 1690
32 1685
36 1707
40 1727
73 1717
0 1
36 1689
38 1724
31 1712
33 1696
35 1666
33 1681
28 1700
32 1716
35 1680
30 1678
33 1713
35 1684
30 1710
33 1703
32 1697
56 1709
31 1703
43 1657
39 1699
29 1702
29 1713
32 1679
30 1705
29 1704
30 1709
24 1662
32 1695
27 1691
30 1713
34 1687
35 1699
36 1674
27 1681
32 1682
36 1694
28 1675
34 1712
31 1736
32 1714
34 1698
26 1692
33 1706
32 1712
39 1674
32 1689
32 1725
33 1715
27 1692
40 1689
31 1692
31 1725
29 1693
31 1697
30 1709
32 1723
32 1755
31 1714
30 1695
33 1709
30 1721
31 1709
28 1705
33 1701
34 1685
29 1692
30 1698
63 1677
29 1713
33 1709
31 1692
34 1696
32 1721
37 1691
30 1694
0 1
32 1698
26 1689
35 1726
34 1687
35 1686
34 1718
25 1680
30 1690
40 1719
32 1702
39 1712
25 1710
34 1722
27 1709
34 1712
26 1702
31 1696
33 1671
30 1702
36 1700
31 1691
33 1711
40 1715
31 1683
35 1679
33 1715
34 1672
33 1709
45 1696
33 1708
30 1701
33 1735
32 1689
35 1689
32 1686
26 1706
39 1653
34 1667
30 1678
64 1729
29 1698
51 1698
43 1685
32 1676
49 1704
42 1684
40 1725
28 1675
37 1681
28 1691
29 1703
32 1722
43 1685
34 1706
34 1673
45 1684
35 1691
32 1682
61 1691
28 1744
32 1704
31 1698
27 1681
28 1713
28 1681
34 1706
27 1706
34 1702
32 1695
39 1708
37 1698
32 1688
40 1702
45 1715
29 1740
43 1710
38 1682
33 1714
41 1707
38 1669
30 1690
34 1688
36 1697
33 1708
32 1680
33 1715
34 1671
31 1720
31 1702
31 1694
28 1672
30 1723
34 1651
24 1709
0 1
29 1686
31 1705
28 1696
32 1697
33 1715
53 1673
27 1692
25 1701
36 1709
112 1717
53 1684
49 1670
33 1715
45 1691
42 1700
51 1702
31 1690
33 1703
31 1719
36 1706
43 1692
30 1697
35 1676
34 1682
33 1703
31 1728
33 1689
33 1708
39 1691
35 1680
32 1720
28 1700
32 1706
31 1736
26 1676
33 1698
29 1745
32 1702
34 1662
31 1684
30 1726
28 1704
30 1626
36 1705
33 1701
0 1
44 1714
38 1672
32 1676
34 1690
32 1705
42 1665
54 1712
41 1703
32 1700
38 1716
31 1693
33 1703
33 1656
71 1676
33 1714
39 1681
42 1671
34 1698
28 1690
37 1701
32 1718
36 1725
42 1713
34 1703
38 1709
35 1696
45 1717
41 1721
33 1669
38 1714
29 1709
44 1695
34 1719
51 1701
37 1719
36 1718
35 1717
36 1671
34 1712
33 1688
32 1672
39 1698
30 1689
42 1699
32 1724
33 1715
39 1707
30 1709
37 1692
32 1721
34 1680
36 1704
30 1711
30 1682
29 1675
30 1673
40 1708
46 1677
62 1705
39 1702
29 1699
42 1706
44 1700
36 1702
61 1683
35 1681
35 1699
74 1668
36 1693
0 1
35 1689
42 1688
35 1718
42 1705
37 1712
34 1685
26 1674
27 1723
43 1710
52 1707
38 1716
33 1689
38 1713
26 1741
28 1689
35 1688
39 1718
39 1678
54 1706
30 1717
28 1698
25 1673
31 1683
31 1698
28 1701
26 1713
26 1717
30 1679
35 1713
35 1656
31 1690
35 1701
26 1707
30 1692
26 1688
35 1684
36 1713
38 1721
35 1687
32 1706
37 1689
29 1682
57 1693
31 1715
54 1705
39 1679
39 1680
57 1708
32 1701
26 1699
35 1697
39 1713
33 1723
27 1731
31 1706
28 1689
33 1751
31 1708
34 1684
33 1715
30 1675
36 1690
40 1693
42 1704
39 1654
36 1703
34 1718
31 1693
49 1689
43 1694
30 1691
49 1701
32 1708
43 1697
33 1691
34 1727
41 1694
34 1699
45 1702
33 1711
36 1715
33 1700
32 1684
47 1681
34 1695
28 1712
32 1692
40 1699
33 1719
28 1721
32 1690
45 1696
32 1714
34 1689
33 1697
38 1701
33 1686
36 1695
33 1685
42 1671
33 1675
29 1692
39 1667
30 1683
30 1677
41 1716
29 1696
32 1704
41 1720
33 1716
32 1695
33 1681
31 1674
32 1715
36 1720
37 1735
36 1708
34 1729
61 1722
34 1677
54 1742
45 1699
47 1687
32 1711
31 1684
40 1690
34 1682
37 1690
29 1687
40 1680
38 1745
30 1688
31 1697
35 1729
25 1693
34 1707
30 1699
35 1708
0 1
43 1687
33 1682
37 1698
31 1696
26 1709
42 1687
32 1718
33 1710
33 1687
30 1712
26 1718
34 1729
32 1694
34 1687
45 1698
32 1702
30 1683
43 1660
38 1717
57 1702
30 1710
36 1674
34 1729
36 1700
41 1659
36 1649
38 1695
30 1696
39 1707
47 1709
33 1704
44 1702
43 1730
37 1693
33 1707
35 1658
43 1731
54 1696
28 1684
29 1697
33 1687
31 1708
44 1692
36 1706
54 1706
30 1718
32 1736
33 1697
35 1696
36 1680
40 1692
33 1697
34 1698
35 1677
31 1709
29 1693
34 1677
31 1684
33 1693
36 1732
42 1724
31 1708
38 1692
44 1677
29 1741
35 1655
28 1715
31 1711
30 1696
45 1709
32 1707
31 1676
28 1718
38 1681
34 1679
34 1711
27 1672
53 1723
30 1715
36 1693
29 1692
35 1715
35 1722
39 1729
47 1693
33 1713
11 2
34 1710
33 1692
30 1685
28 1702
31 1721
31 1695
31 1723
39 1696
29 1686
32 1684
34 1708
32 1714
32 1725
38 1691
29 1677
57 1698
67 1703
29 1706
40 1682
39 1692
36 1707
34 1683
33 1699
34 1720
35 1683
31 1681
34 1695
29 1718
36 1695
37 1663
35 1705
36 1756
42 1694
50 1675
31 1699
28 1699
38 1696
36 1691
43 1745
45 1711
34 1697
42 1689
39 1703
28 1700
28 1696
41 1679
33 1700
33 1703
34 1681
34 1683
28 1701
42 1718
49 1707
31 1716
35 1697
42 1695
51 1710
49 1690
37 1691
36 1705
36 1687
27 1678
36 1710
48 1682
36 1657
64 1694
72 1697
33 1674
43 1680
35 1683
44 1727
33 1704
34 1700
30 1699
32 1738
32 1718
34 1676
30 1696
26 1695
28 1698
29 1714
31 1697
33 1680
28 1717
36 1707
38 1699
35 1725
33 1709
29 1713
54 1689
46 1695
27 1699
32 1664
47 1708
31 1697
30 1699
33 1694
37 1709
43 1699
32 1701
0 1
32 1718
0 1
48 1692
44 1706
41 1695
37 1691
37 1699
33 1702
36 1720
31 1692
37 1699
32 1708
36 1748
53 1668
0 1
47 1682
45 1680
34 1726
37 1708
34 1697
35 1730
34 1737
39 1685
86 1701
0 1
33 1671
33 1706
35 1694
44 1700
45 1676
42 1721
48 1705
33 1697
42 1733
32 1748
34 1678
34 1677
54 1703
39 1711
41 1690
32 1675
31 1697
37 1696
31 1687
37 1730
32 1716
27 1672
30 1685
31 1690
61 1698
39 1708
69 1683
47 1708
66 1710
32 1662
31 1683
52 1674
84 1669
29 1713
34 1724
29 1692
0 1
41 1712
39 1711
35 1706
33 1710
77 1709
29 1687
39 1713
35 1686
41 1716
36 1681
33 1730
33 1687
63 1703
29 1709
42 1676
34 1687
36 1688
0 1
41 1648
49 1702
46 1684
34 1681
41 1703
37 1701
65 1702
38 1705
43 1697
9 3
30 1702
44 1676
42 1666
77 1674
47 1717
45 1701
0 1
42 1682
37 1705
32 1729
33 1725
38 1687
46 1683
100 1687
66 1696
57 1687
45 1723
35 1719
41 1679
43 1702
35 1699
51 1707
50 1694
48 1679
33 1689
68 1703
35 1707
0 1
38 1697
25 1716
43 1672
30 1708
37 1697
50 1720
38 1700
47 1713
29 1697
59 1710
45 1722
63 1682
46 1704
44 1687
52 1678
64 1681
40 1701
30 1727
0 1
19 2
0 1
8 2
12 2
48 2
19 2
2 2
20 2
33 4
7 4
11 4
15 4
30 2
24 2
57 1705
0 1
12 2
8 2
22 2
0 1
9 2
10 2
3 2
5 2
66 2
0 1
35 5
28 5
15 5
35 4
34 3
21 3
8 3
1 2
4 2
12 2
1 2
11 3
0 1
58 1706
44 1720
12 2
27 2
72 6
65 6
41 4
14 5
29 5
44 6
11 3
14 3
42 3
0 1
37 2
18 5
11 4
15 5
11 5
16 5
2 2
2 2
16 2
35 2
0 1
4 2
5 2
9 2
2 2
53 2
20 2
7 2
32 2
18 2
44 3
16 3
14 3
5 2
0 1
8 3
37 3
16 3
15 4
10 4
5 3
7 4
13 2
3 2
46 3
18 3
26 3
4 2
54 2
34 2
8 2
0 1
29 7
22 5
23 6
30 5
24 6
34 1669
39 1715
41 1735
42 1712
51 1675
42 1712
36 1676
38 1682
39 1691
32 1685
30 1696
36 1709
45 1700
38 1702
34 1672
43 1688
40 1706
18 5
13 5
17 5
12 5
7 3
20 7
14 8
12 8
13 8
10 7
12 2
68 2
0 1
0 1
0 1
27 2
18 2
1 2
7 2
5 3
18 3
17 3
22 3
28 2
17 2
15 2
110 1714
56 1687
39 1701
35 1688
44 1704
35 5
9 5
5 5
10 5
16 5
18 7
12 8
11 7
9 5
29 5
16 5
39 4
10 4
0 1
17 2
44 1677
18 2
14 2
26 4
6 4
15 4
15 4
16 5
30 7
46 10
10 6
79 9
48 10
24 10
33 6
30 6
27 6
17 6
20 6
8 6
12 2
21 2
27 2
4 2
0 1
38 10
29 8
42 1712
16 3
29 3
22 3
15 3
14 3
40 3
21 2
20 2
12 8
19 7
10 8
15 8
15 8
10 7
10 8
7 7
13 2
2 2
18 4
22 4
12 4
17 4
47 1719
65 1671
56 1704
19 2
5 2
2 2
16 2
4 3
11 3
0 1
0 1
0 1
82 2
14 2
0 1
0 1
11 3
26 3
26 2
113 1732
98 1716
40 1683
66 1702
60 1708
61 1706
56 1703
71 1687
70 1693
76 1706
72 1716
49 1698
64 1711
29 2
21 2
19 2
3 2
0 1
12 4
48 4
33 4
26 3
18 3
37 3
17 3
34 3
34 3
6 3
41 3
16 3
5 2
34 2
10 2
70 2
16 2
35 2
10 2
2 2
11 4
9 4
9 3
8 4
7 5
18 5
21 5
20 5
33 4
10 3
32 3
33 3
13 3
47 3
3 3
34 2
44 2
11 2
3 2
44 1714
33 1709
78 1714
18 13
15 13
13 13
9 12
0 1
7 13
8 12
12 13
5 13
12 13
7 13
9 13
10 13
139 1693
33 1697
0 1
32 1694
33 1681
33 1689
34 1720
36 1688
36 1717
64 1730
65 1722
96 1679
42 1726
52 1685
51 1682
39 1692
54 1707
48 1703
42 1712
47 1677
85 1692
39 1719
49 1679
34 1695
31 1713
37 1694
35 1695
37 1694
31 1701
31 1697
34 1675
35 1725
36 1713
39 1689
34 1691
33 1690
30 1668
36 1710
40 1690
36 1701
45 2
10 2
3 5
0 1
22 5
18 5
20 4
0 1
22 3
32 3
11 3
0 1
20 2
53 1711
15 3
24 3
16 3
1 2
3 2
16 2
2 2
34 1712
42 1691
22 3
26 3
11 3
0 1
24 2
39 2
19 2
47 1669
31 2
6 2
21 2
39 2
16 2
9 2
1 2
7 2
13 3
16 3
40 3
32 1695
41 1702
99 1693
35 1690
35 2
18 2
44 1701
26 2
65 2
9 2
54 2
37 1691
37 1696
40 1707
0 1
34 1702
37 1721
57 1682
48 1692
41 1705
31 1719
41 1711
29 1713
34 1702
6 2
19 2
54 1708
14 2
0 1
35 1736
63 1707
42 1719
3 2
0 1
54 1689
47 1696
37 1681
33 1697
54 1695
0 1
43 1714
0 1
33 2
40 1712
38 1702
18 4
15 4
12 4
10 4
72 2
40 2
34 1675
31 1699
30 1702
44 1713
45 1702
39 1696
36 1721
38 1674
40 1688
65 1680
45 1714
48 1718
10 2
18 2
17 3
0 1
6 3
77 1707
19 4
29 4
11 4
10 4
3 2
7 2
30 1697
32 1672
57 1692
86 1702
50 1708
19 2
44 1705
1 2
1 2
11 3
0 1
41 3
24 2
76 1722
65 1681
10 3
19 5
20 5
9 4
15 4
19 5
3 2
6 2
7 2
40 2
42 1693
68 1690
47 1702
54 1700
39 1678
36 1700
55 1670
34 1687
34 1695
90 1721
93 1669
53 1706
37 1684
34 1719
35 1705
38 1705
54 1717
77 1699
34 1717
5 4
9 4
37 4
18 4
47 1695
35 1741
38 1717
3 2
19 2
62 1677
4 2
6 3
6 3
54 1718
92 3
26 3
0 1
47 2
42 2
3 2
7 2
48 1717
41 1754
42 1717
38 1700
10 3
1 2
39 3
61 2
10 2
1 2
8 2
19 3
46 3
10 3
21 2
55 1679
44 1699
32 1697
21 2
22 2
41 1713
1 2
6 2
39 1719
42 1674
14 2
28 2
57 1686
51 1716
36 1681
24 5
13 5
18 4
5 4
13 4
47 1692
35 1683
49 1708
37 1713
0 1
53 1697
38 1685
21 2
37 2
0 1
17 2
12 3
35 3
37 3
31 2
1 2
20 2
2 2
80 2
23 2
17 2
3 2
54 4
48 7
76 4
19 3
23 4
35 3
9 2
0 1
17 3
7 3
19 3
49 1703
57 1714
40 1728
66 1697
53 1682
43 1715
31 1683
60 1702
43 1693
48 1704
38 1697
0 1
7 2
37 1701
38 1684
33 1709
32 1717
29 1671
35 1693
40 1695
33 1694
48 1686
22 5
10 5
6 5
30 4
14 5
39 1697
75 1720
72 1702
29 1706
32 1695
38 1705
31 1719
44 1728
43 1705
37 1700
35 1678
41 1712
109 1690
56 1693
72 1691
42 1715
38 1693
32 1690
60 1685
57 1677
35 1719
36 1718
0 1
0 1
41 1701
32 1680
0 1
29 6
9 7
19 6
5 7
11 6
7 6
13 7
49 1709
29 1698
34 1717
27 5
13 5
13 4
17 5
14 5
35 2
5 2
73 1738
58 1698
37 1705
45 7
42 1697
38 1724
66 1668
26 5
36 1710
58 1693
43 1694
43 1726
29 1664
50 1705
34 1711
35 1703
