30 1706
35 1705
32 1675
33 1680
34 1711
30 1700
31 1700
34 1723
26 1710
33 1699
28 1700
29 1703
35 1705
30 1712
30 1698
34 1710
30 1700
27 1714
30 1675
25 1696
30 1707
29 1698
30 1702
32 1682
37 1675
29 1685
25 1678
29 1707
27 1717
27 1703
25 1697
29 1702
30 1700
27 1726
31 1668
28 1705
33 1691
30 1707
30 1719
27 1722
24 1666
29 1691
31 1677
27 1694
30 1675
31 1689
32 1699
29 1720
31 1695
29 1749
34 1697
29 1693
34 1716
32 1699
26 1696
28 1702
27 1701
34 1692
28 1689
40 1691
31 1692
29 1696
26 1703
31 1688
32 1675
31 1687
29 1691
31 1671
31 1674
36 1684
40 1701
32 1685
28 1713
41 1697
32 1697
47 1702
26 1686
44 1700
31 1672
42 1691
52 1676
41 1690
33 1726
28 1683
26 1714
30 1694
40 1697
25 1688
33 1685
35 1667
30 1688
35 1690
31 1711
28 1702
25 1704
26 1703
33 1663
33 1696
29 1692
33 1674
31 1709
34 1713
37 1718
30 1715
28 1694
34 1700
30 1689
30 1716
51 1712
39 1702
39 1685
26 1693
28 1690
29 1722
29 1699
29 1709
34 1734
39 1666
32 1685
30 1687
32 1691
31 1695
39 1709
29 1706
32 1704
26 1680
27 1697
35 1723
33 1710
40 1698
46 1690
28 1681
35 1718
30 1710
29 1703
40 1710
29 1703
34 1707
26 1692
36 1675
34 1689
33 1674
34 1716
29 1698
35 1699
41 1693
32 1691
0 1
31 1673
28 1662
31 1706
34 1693
35 1671
35 1746
37 1718
31 1681
30 1674
31 1715
27 1686
32 1696
28 1688
27 1714
27 1725
33 1675
26 1688
28 1708
31 1701
29 1695
30 1690
30 1689
37 1669
44 1716
29 1679
29 1701
28 1661
33 1701
37 1704
33 1706
32 1714
32 1677
31 1715
32 1712
61 1724
32 1688
31 1721
47 1695
33 1701
37 1705
41 1691
34 1676
42 1722
0 1
30 1677
31 1713
29 1718
30 1666
28 1695
28 1692
32 1707
34 1704
30 1699
28 1700
27 1675
28 1716
31 1686
30 1692
31 1699
29 1682
27 1687
30 1683
31 1721
33 1688
25 1693
29 1700
31 1672
26 1667
37 1689
29 1684
34 1718
27 1688
31 1702
37 1682
27 1735
47 1676
30 1691
40 1669
27 1728
30 1711
35 1678
30 1726
32 1701
32 1688
35 1700
32 1691
45 1668
33 1734
34 1700
75 1710
27 1677
36 1687
27 1675
38 1686
33 1720
34 1742
31 1725
38 1738
28 1703
32 1698
30 1665
29 1720
36 1704
30 1684
34 1692
29 1694
25 1701
40 1678
30 1716
30 1709
27 1712
35 1698
34 1691
32 1695
30 1703
28 1686
37 1696
30 1737
28 1707
27 1727
30 1697
34 1722
29 1686
25 1708
33 1690
30 1710
23 1681
31 1694
26 1687
32 1711
26 1662
32 1679
32 1715
34 1708
26 1701
32 1695
33 1667
26 1681
27 1688
27 1713
26 1644
29 1708
29 1711
26 1685
27 1692
31 1694
26 1708
27 1670
30 1708
32 1739
35 1717
29 1708
28 1685
31 1714
30 1680
24 1706
27 1731
29 1734
33 1699
28 1692
28 1708
26 1699
28 1696
37 1715
32 1699
30 1665
28 1701
26 1678
28 1720
34 1695
24 1685
28 1680
24 1726
31 1733
30 1701
27 1722
26 1691
29 1704
26 1732
31 1706
32 1706
31 1700
33 1704
35 1686
26 1741
30 1717
28 1710
0 1
34 1707
27 1677
26 1685
38 1717
30 1725
29 1690
38 1696
26 1691
28 1726
31 1688
40 1688
33 1711
29 1710
35 1694
33 1719
29 1675
36 1689
31 1698
31 1710
29 1697
32 1709
39 1669
48 1718
30 1667
31 1714
31 1716
31 1689
29 1692
32 1691
35 1704
28 1690
30 1714
31 1693
27 1708
35 1729
34 1681
28 1718
31 1699
34 1683
32 1701
30 1711
32 1685
36 1670
32 1694
29 1716
29 1728
28 1693
28 1697
30 1687
28 1690
36 1691
33 1693
34 1686
32 1697
33 1690
28 1703
32 1694
26 1660
30 1704
34 1693
37 1702
0 1
31 1704
42 1704
30 1694
44 1676
36 1692
31 1693
31 1721
29 1684
29 1705
32 1695
32 1680
31 1699
28 1696
36 1682
28 1703
30 1670
27 1681
35 1731
29 1672
41 1734
29 1692
30 1699
28 1706
26 1676
36 1715
27 1695
30 1694
47 1702
33 1681
34 1690
29 1728
31 1732
35 1690
34 1704
59 1720
38 1692
0 1
26 1690
41 1720
30 1700
32 1700
34 1709
43 1700
33 1706
38 1692
38 1686
27 1670
58 1691
40 1680
30 1685
33 1735
31 1678
29 1694
29 1667
31 1722
34 1688
34 1726
32 1695
30 1696
28 1698
26 1720
31 1702
34 1689
25 1712
30 1725
28 1693
27 1686
27 1673
33 1707
29 1702
25 1702
28 1715
32 1694
36 1696
29 1703
30 1697
30 1666
28 1685
27 1690
27 1691
29 1679
25 1702
31 1696
33 1687
32 1716
29 1686
33 1715
32 1671
31 1717
30 1684
30 1704
36 1702
38 1672
30 1702
30 1703
30 1735
32 1696
29 1712
28 1702
30 1683
37 1690
35 1714
32 1704
32 1687
33 1694
30 1714
32 1678
35 1731
28 1688
30 1706
28 1709
29 1699
30 1707
31 1690
32 1703
37 1691
32 1697
38 1733
37 1676
39 1705
37 1675
32 1710
34 1702
34 1701
29 1693
34 1701
38 1697
28 1682
29 1691
34 1688
35 1673
30 1649
36 1717
34 1702
33 1696
43 1695
28 1690
30 1699
35 1723
27 1681
28 1701
28 1707
36 1709
29 1691
31 1701
32 1688
50 1730
26 1699
36 1685
31 1695
34 1675
32 1687
43 1695
28 1692
31 1714
34 1709
33 1697
32 1681
45 1719
35 1717
34 1711
34 1676
34 1688
28 1683
31 1679
29 1726
30 1706
33 1661
34 1699
32 1723
34 1740
29 1682
28 1700
36 1698
28 1696
28 1652
32 1701
27 1690
24 1728
31 1721
32 1696
31 1683
28 1685
27 1704
27 1691
29 1699
31 1714
29 1708
27 1686
25 1713
34 1694
32 1681
56 1686
35 1713
29 1735
54 1669
28 1695
27 1693
30 1694
27 1690
29 1649
26 1718
37 1696
34 1715
29 1680
35 1695
30 1706
30 1704
30 1683
44 1721
34 1706
36 1696
25 1686
47 1700
29 1682
45 1674
62 1729
36 1709
100 1692
34 1721
28 1719
53 1669
59 1699
31 1706
38 1698
34 1711
29 1702
28 1688
32 1682
30 1683
27 1699
28 1676
31 1709
38 1704
33 1708
31 1696
31 1696
32 1670
36 1728
32 1704
30 1713
32 1700
26 1683
26 1692
32 1703
31 1702
29 1714
32 1711
29 1705
29 1706
34 1715
49 1724
45 1697
27 1727
28 1708
27 1686
33 1706
29 1687
34 1688
30 1725
31 1718
33 1709
34 1700
29 1683
29 1703
36 1669
36 1710
28 1686
32 1700
27 1699
33 1666
34 1702
24 1683
30 1708
35 1673
36 1710
31 1705
32 1701
33 1713
30 1717
40 1690
34 1656
32 1706
33 1715
29 1732
35 1682
32 1683
32 1712
25 1696
31 1716
29 1708
31 1704
35 1700
39 1708
37 1703
26 1715
37 1718
47 1692
38 1696
32 1690
0 1
29 1686
39 1720
37 1698
37 1689
36 1709
29 1693
33 1690
36 1702
33 1709
29 1692
32 1689
34 1718
30 1695
31 1671
36 1679
32 1703
34 1701
35 1701
36 1685
33 1682
30 1712
37 1704
50 1710
38 1735
33 1717
37 1701
33 1694
33 1686
33 1708
34 1699
37 1671
30 1669
31 1722
39 1716
33 1691
44 1696
28 1695
31 1692
32 1705
28 1733
28 1736
32 1705
27 1680
26 1705
31 1727
38 1701
36 1713
38 1725
0 1
31 1695
33 1676
30 1714
32 1710
38 1713
33 1746
40 1685
35 1714
32 1699
36 1693
29 1710
33 1628
31 1712
34 1724
31 1650
39 1683
36 1718
27 1693
28 1689
30 1719
57 1686
32 1705
32 1727
29 1701
32 1721
28 1698
32 1708
31 1703
33 1706
31 1741
30 1721
30 1675
30 1695
27 1700
31 1672
33 1717
33 1712
30 1702
31 1677
33 1694
40 1687
33 1697
38 1710
34 1710
36 1683
30 1678
30 1723
26 1713
29 1715
28 1679
43 1693
30 1684
26 1692
31 1669
27 1696
31 1684
27 1703
34 1709
34 1722
31 1705
30 1688
0 1
33 1652
39 1700
69 1710
35 1718
27 1701
31 1720
33 1694
28 1725
32 1716
28 1729
29 1707
30 1709
48 1704
36 1700
42 1709
30 1696
31 1701
27 1706
29 1704
28 1712
30 1690
31 1699
34 1715
34 1686
33 1723
33 1687
29 1708
34 1705
26 1736
29 1697
35 1704
25 1695
29 1716
31 1722
26 1715
27 1679
29 1709
28 1685
33 1702
38 1680
33 1680
28 1700
26 1653
28 1671
32 1711
34 1695
34 1701
34 1704
31 1734
35 1701
33 1686
29 1725
33 1695
29 1684
42 1712
38 1683
37 1683
32 1706
41 1699
28 1705
47 1720
38 1709
40 1705
32 1687
35 1705
33 1696
35 1707
27 1694
33 1687
34 1704
30 1707
29 1696
32 1720
28 1714
26 1687
31 1708
29 1667
27 1706
28 1689
25 1697
27 1712
27 1692
36 1694
32 1696
35 1682
31 1692
30 1723
36 1697
29 1731
32 1674
29 1684
26 1687
36 1697
33 1718
33 1655
29 1689
28 1696
31 1706
28 1685
33 1701
29 1670
26 1736
37 1709
33 1681
32 1691
32 1739
31 1697
33 1710
27 1642
35 1715
30 1717
31 1729
30 1718
29 1692
30 1679
31 1682
37 1698
33 1705
27 1702
37 1712
30 1693
36 1694
36 1718
32 1710
27 1693
28 1699
32 1707
33 1679
32 1708
27 1732
29 1696
33 1677
28 1703
31 1693
26 1673
32 1691
30 1705
38 1728
29 1712
41 1680
27 1727
31 1699
30 1697
34 1714
30 1701
32 1690
33 1686
30 1676
27 1663
30 1688
27 1711
36 1668
35 1704
22 1692
33 1692
33 1666
32 1711
32 1703
29 1675
34 1676
29 1698
32 1702
32 1713
36 1691
28 1712
31 1682
36 1709
35 1708
32 1678
31 1706
28 1694
27 1716
40 1692
28 1694
34 1716
29 1700
34 1707
43 1664
36 1722
27 1662
27 1685
35 1678
45 1724
41 1692
28 1682
40 1702
29 1717
36 1684
29 1686
28 1678
33 1699
30 1703
26 1704
28 1691
46 1708
32 1724
30 1689
29 1706
32 1692
55 1697
28 1688
46 1702
33 1685
30 1697
33 1700
32 1714
36 1722
33 1691
30 1689
29 1697
32 1719
33 1668
35 1701
28 1691
32 1706
33 1712
29 1702
25 1706
31 1707
30 1709
30 1705
33 1720
27 1704
43 1695
32 1705
34 1691
35 1712
37 1723
30 1685
29 1704
27 1699
30 1701
30 1701
28 1702
33 1708
36 1715
35 1644
30 1682
27 1676
32 1691
29 1705
31 1688
27 1713
27 1676
27 1693
32 1742
31 1696
30 1690
31 1681
30 1725
36 1723
29 1681
50 1688
30 1699
28 1699
32 1701
31 1714
32 1699
31 1702
31 1690
31 1694
32 1740
38 1692
35 1704
33 1702
47 1712
33 1687
59 1716
27 1727
32 1710
32 1693
31 1700
31 1686
36 1695
26 1704
28 1709
30 1684
42 1671
24 1708
31 1711
32 1692
30 1692
30 1678
31 1714
30 1703
31 1688
33 1694
34 1701
34 1687
32 1715
33 1721
35 1685
29 1709
31 1699
52 1693
34 1697
32 1677
28 1681
43 1693
26 1711
25 1679
0 1
33 1708
32 1696
41 1687
30 1727
30 1722
37 1703
26 1695
35 1712
38 1679
29 1683
36 1704
46 1711
60 1690
32 1710
28 1714
52 1682
29 1679
28 1726
33 1698
36 1704
29 1681
33 1681
29 1704
27 1695
31 1699
27 1660
31 1715
40 1717
30 1729
34 1655
36 1657
35 1697
0 1
28 1696
43 1680
51 1684
29 1704
33 1716
34 1705
37 1735
29 1724
59 1699
28 1726
27 1721
32 1703
27 1714
26 1707
40 1701
34 1669
31 1730
26 1696
32 1720
32 1681
35 1704
31 1697
30 1697
33 1697
37 1688
34 1711
27 1689
28 1706
28 1693
40 1715
37 1688
45 1688
34 1725
39 1695
36 1702
37 1706
31 1691
30 1698
28 1701
33 1702
29 1689
28 1731
26 1702
29 1693
32 1704
29 1663
28 1697
40 1719
30 1687
29 1708
32 1713
25 1690
33 1694
27 1699
29 1717
28 1663
27 1726
36 1680
30 1707
28 1695
32 1701
34 1716
28 1736
32 1697
0 1
54 1695
38 1719
40 1734
33 1677
0 1
43 1696
32 1673
43 1709
47 1695
28 1718
31 1690
43 1700
38 1710
34 1700
30 1719
29 1716
0 1
34 1700
57 1690
27 1681
40 1717
36 1691
30 1699
31 1729
30 1705
46 1683
39 1679
36 1687
31 1706
33 1707
35 1687
28 1669
36 1689
36 1696
35 1715
29 1696
38 1679
39 1686
35 1693
29 1658
34 1676
30 1698
36 1706
27 1694
33 1705
42 1694
32 1659
28 1702
34 1661
31 1712
53 1708
49 1696
38 1709
36 1706
37 1682
29 1702
42 1691
30 1700
43 1703
36 1682
32 1702
32 1702
34 1712
41 1680
35 1709
30 1675
34 1680
43 1717
32 1715
47 1684
31 1681
36 1699
36 1715
32 1684
30 1715
31 1699
31 1687
30 1696
42 1682
35 1691
39 1707
40 1705
30 1696
26 1696
32 1687
31 1691
47 1731
32 1691
29 1676
33 1706
28 1657
29 1683
33 1711
30 1670
31 1689
23 1680
43 1733
34 1703
32 1712
34 1707
26 1706
26 1713
33 1699
30 1703
33 1701
30 1705
45 1693
37 1692
43 1705
33 1701
34 1707
31 1694
32 1694
27 1718
44 1684
30 1707
37 1686
36 1724
34 1707
42 1703
36 1693
42 1736
40 1698
31 1708
30 1723
30 1701
28 1660
30 1687
39 1744
31 1698
29 1711
30 1711
33 1699
32 1707
35 1716
32 1706
35 1668
31 1709
33 1704
33 1688
35 1694
45 1696
36 1683
37 1716
32 1677
30 1717
33 1684
34 1723
42 1695
33 1711
0 1
42 1665
76 1710
35 1681
54 1693
39 1675
42 1704
32 1697
36 1708
38 1700
33 1709
53 1676
51 1704
62 1715
34 1718
34 1715
29 1683
34 1734
41 1674
73 1723
40 1701
30 1692
77 1669
32 1699
40 1702
38 1689
33 1678
30 1738
40 1685
30 1729
39 1681
30 1725
41 1702
34 1684
30 1715
34 1723
31 1677
32 1722
0 1
28 1714
80 1715
35 1707
33 1679
34 1734
32 1728
31 1691
35 1704
30 1688
39 1733
31 1722
40 1687
32 1694
35 1714
32 1695
45 1701
35 1721
51 1706
40 1691
0 1
37 1693
31 1685
35 1709
57 1705
39 1709
33 1733
34 1675
35 1696
36 1663
36 1714
33 1700
37 1732
37 1682
29 1708
54 1714
40 1688
38 1718
34 1679
36 1709
35 1725
36 1709
36 1679
34 1652
0 1
32 1710
27 1689
33 1689
41 1724
34 1710
39 1729
35 1665
42 1671
37 1705
34 1721
35 1699
44 1725
47 1668
40 1706
33 1706
31 1681
53 1710
34 1717
42 1704
38 1706
30 3
33 1699
30 1655
46 1688
38 1718
41 1701
32 1669
29 1687
57 1702
36 1678
104 1708
51 1702
44 1695
29 1700
38 1684
29 1708
29 1670
34 1673
30 1707
69 1692
51 1713
43 1710
38 1680
32 1675
24 1696
38 1688
26 1697
32 1684
44 1719
31 1681
50 1680
30 1693
26 1676
41 1714
34 1714
32 1725
31 1696
46 1694
36 1702
55 1678
34 1712
64 1703
33 1695
31 1702
37 1725
30 1720
35 1704
30 1672
29 1673
30 1675
30 1672
27 1679
40 1692
41 1719
30 1707
40 1686
43 1675
32 1696
105 1675
42 1685
35 1716
36 1697
30 1735
37 1706
31 1710
31 1716
36 1674
37 1732
31 1684
31 1679
35 1723
36 1697
31 1701
32 1713
30 1684
39 1712
36 1681
31 1690
34 1676
44 1713
43 1655
49 1704
43 1709
32 1700
37 1670
58 1702
36 1695
46 1685
37 1681
40 1704
31 1712
35 1714
33 1682
31 1689
39 1701
41 1672
35 1708
75 1660
34 1684
45 1693
35 1698
53 1709
35 1737
44 1691
33 1703
32 1691
55 1707
36 1700
76 1687
48 1702
36 1697
31 1711
32 1687
44 1720
27 1704
30 1730
34 1711
33 1723
37 1704
28 1731
30 1671
30 1679
30 1708
27 1718
31 1703
35 1721
34 1759
0 1
38 1674
30 1695
35 1715
37 1700
69 1678
35 1697
29 1639
25 1705
28 1695
42 1667
37 1710
31 1688
73 1705
39 1697
38 1721
28 1736
28 1719
37 1719
37 1694
37 1713
38 1710
37 1708
40 1712
34 1684
49 1658
41 1725
34 1691
85 1684
40 1719
67 1717
30 1718
49 1690
42 1698
29 1688
41 1707
31 1697
39 1704
39 1702
67 1691
52 1722
29 1706
30 1679
44 1710
36 1699
37 1701
50 1723
42 1691
57 1706
46 1662
72 1676
38 1690
39 1690
35 1670
37 1718
32 1706
37 1712
33 1678
35 1712
29 1675
32 1692
37 1693
1 3
39 1681
34 1687
0 1
52 1685
0 1
32 1711
44 1707
41 1683
31 1684
37 1699
52 1671
50 1714
43 1685
34 1704
30 1695
39 1682
0 1
40 1728
49 1697
78 1689
92 1721
44 1668
63 1702
0 1
38 1716
31 1716
59 1684
80 1712
45 1671
30 1682
49 1719
33 1691
30 1682
49 1696
67 1714
51 1719
47 1691
30 1727
39 1696
30 1723
50 1706
56 1677
77 1717
37 1708
39 1712
47 1708
41 1700
50 1696
44 1696
64 1724
0 1
36 1698
41 1662
38 1650
34 1715
38 1701
67 1692
44 1694
83 1708
25 1704
37 1700
35 1711
47 1680
52 1714
39 1684
53 1696
37 1694
66 1696
37 1711
55 1696
0 1
39 1701
40 1705
39 1670
44 1700
13 2
33 1726
44 1713
149 1716
50 1715
39 1688
58 1702
40 1726
45 1734
35 1704
64 1701
50 1709
56 1687
29 1677
54 1691
44 1701
9 2
0 1
11 2
0 1
42 2
8 2
1 2
7 2
45 4
28 3
15 4
33 4
8 2
0 1
47 1695
38 1701
60 2
0 1
7 2
6 2
13 2
59 2
5 2
10 2
4 2
14 2
22 5
2 2
23 5
29 5
37 3
20 3
21 3
7 2
33 2
8 3
15 3
17 3
124 1729
54 1710
35 1711
9 2
88 2
68 5
33 6
16 6
30 5
31 5
109 6
33 3
6 2
10 3
22 2
34 2
10 5
0 1
12 5
22 5
26 5
22 2
18 2
19 2
5 2
5 2
17 2
0 1
8 2
66 2
0 1
7 2
0 1
8 2
9 2
5 3
42 3
26 3
5 2
69 2
33 2
12 3
22 3
13 4
26 4
16 4
28 4
9 2
0 1
15 3
25 3
8 3
5 2
12 2
16 2
22 2
24 6
10 7
57 7
14 5
24 4
46 6
45 1696
37 1696
37 1689
39 1690
43 1722
38 1687
40 1729
38 1695
55 1707
39 1690
43 1711
44 1711
36 1718
31 1687
36 1705
39 1691
49 1674
40 5
11 5
31 4
24 4
9 5
34 8
13 8
9 5
12 7
9 8
4 2
44 2
48 2
1 2
30 2
2 2
9 2
14 2
15 3
16 3
8 3
6 3
6 3
23 3
9 2
32 2
51 1690
52 1671
0 1
40 1699
47 1701
11 5
13 5
12 5
16 5
17 5
42 6
39 8
27 8
24 5
13 5
45 5
27 5
11 5
9 2
3 2
31 1704
9 2
0 1
4 2
34 3
14 4
2 3
34 10
19 6
64 9
42 10
44 10
42 8
16 9
11 6
15 5
15 6
6 6
5 5
11 5
7 2
4 2
33 2
23 2
48 8
27 10
43 9
48 1714
2 2
28 3
11 3
12 3
11 3
22 3
9 2
18 2
17 7
15 8
13 8
26 7
11 8
10 8
14 8
10 8
15 2
8 2
20 4
19 4
4 4
19 4
73 1688
42 1721
69 1732
2 2
2 2
11 2
7 2
0 1
18 3
16 3
0 1
0 1
16 2
10 2
13 2
7 2
18 3
8 3
21 3
37 1723
93 1690
34 1690
53 1698
47 1672
64 1725
30 9
49 1707
52 1709
108 1709
33 1714
73 1704
63 1692
11 2
18 2
19 2
5 2
21 4
11 3
23 4
31 4
3 3
12 3
35 3
0 1
17 3
15 3
34 3
19 3
11 3
6 2
15 2
0 1
0 1
21 2
23 2
0 1
0 1
7 3
17 4
28 4
27 4
13 5
21 5
11 5
7 4
19 5
9 2
5 2
17 3
44 3
2 2
9 3
12 2
6 2
9 2
22 2
44 1673
51 1691
61 1735
10 13
10 12
14 12
7 13
14 11
8 12
11 11
13 13
16 13
7 13
13 12
5 12
6 12
53 1728
32 1686
37 1693
33 1700
37 1699
31 1683
34 1717
27 1704
31 1719
34 1727
47 1712
42 1708
60 1730
37 1687
31 1685
33 1695
64 1690
56 1694
51 1702
54 1700
57 1713
37 1698
47 1697
32 1710
37 1691
36 1695
34 1713
26 1655
33 1694
33 1707
29 1693
28 1741
32 1699
38 1716
33 1712
33 1709
41 1711
31 1657
34 1729
44 1724
0 1
32 2
10 5
3 4
19 5
13 5
8 5
38 1714
86 3
21 3
17 3
5 2
0 1
50 1703
0 1
15 3
45 3
31 2
12 2
10 2
41 2
40 1679
43 1688
32 3
26 3
32 3
49 2
47 2
13 2
48 2
65 1722
35 2
49 2
11 2
55 2
0 1
64 2
0 1
1 2
40 2
29 3
2 2
44 1672
36 1701
87 1723
64 1703
3 2
1 2
46 1720
13 2
1 2
9 2
80 2
35 1687
48 1694
35 1693
61 1703
46 1721
35 1701
67 1694
57 1691
32 1672
28 1675
37 1712
33 1693
32 1697
111 2
9 2
45 1702
4 2
4 2
46 1715
33 1700
43 1678
10 2
0 1
65 1678
33 1716
37 1683
39 1659
56 1717
44 1712
42 1699
12 2
52 2
35 1728
35 1704
37 4
18 4
39 4
13 4
59 2
19 2
46 1692
54 1711
52 1709
36 1682
45 1739
36 1706
35 1722
30 1705
52 1711
45 1735
42 1710
57 1690
0 1
38 2
7 3
10 3
11 3
2 2
5 3
31 4
10 4
21 4
32 2
5 2
36 1680
35 1719
52 1716
57 1708
52 1683
67 1743
42 1699
24 2
24 2
17 3
8 3
23 3
40 1678
9 2
42 1695
82 1719
8 5
16 5
5 5
0 1
9 5
0 1
10 2
9 2
8 2
34 2
35 1662
36 1726
37 1701
47 1686
45 1712
52 1686
45 1725
57 1715
11 3
54 1713
39 1662
54 1697
39 1717
37 1719
49 1703
37 1706
76 1685
34 1712
6 3
13 4
37 3
22 4
43 1710
37 1704
34 1697
59 2
14 2
50 1727
22 3
4 2
26 3
51 1692
51 3
12 3
42 3
30 2
8 2
5 2
30 2
57 1677
41 1695
37 1687
76 1694
24 3
11 3
50 3
33 2
13 2
33 3
14 3
14 3
31 2
13 3
9 3
33 1714
0 1
40 1701
5 2
35 2
64 1670
36 2
33 2
44 1697
38 1730
19 2
30 2
38 1700
39 1693
43 1695
20 5
8 5
14 5
3 5
12 5
44 1704
35 1702
45 1680
51 1700
52 1666
42 1702
42 1686
20 2
53 2
2 2
2 2
7 2
3 2
26 3
2 2
1 2
4 2
0 1
33 2
2 2
4 2
77 2
48 5
25 7
38 4
29 4
25 4
0 1
0 1
79 2
24 3
23 2
13 3
52 1696
0 1
54 1710
52 1685
41 1715
40 1703
37 1707
33 1675
61 1701
33 1689
28 1668
13 2
87 2
34 1709
63 1681
34 1652
28 1716
34 1709
31 1682
29 1666
33 1704
44 1706
29 5
20 5
15 5
18 5
19 5
45 1686
38 1694
39 1665
42 1685
39 1691
41 1698
42 1671
41 1714
37 1707
39 1708
35 1687
20 2
44 1702
114 1710
39 4
63 1698
41 1704
51 1704
34 1730
61 1722
39 1716
39 1704
2 2
11 2
42 1667
34 1715
39 1702
21 6
8 7
13 7
11 7
12 7
24 7
24 7
66 1693
58 1687
113 1726
24 5
14 4
10 5
16 5
7 5
0 1
51 2
68 1686
33 1733
44 1718
50 1731
79 1726
38 1724
65 1708
86 1705
43 1718
35 1695
42 1701
33 1698
41 1692
41 1672
59 1727
64 1699
