30 1697
34 1687
28 1669
32 1670
33 1718
29 1734
27 1706
38 1703
30 1677
28 1698
30 1690
32 1703
34 1718
34 1720
34 1722
31 1700
30 1696
31 1681
33 1707
33 1702
33 1690
28 1741
26 1661
32 1678
29 1711
29 1711
32 1683
25 1699
30 1710
30 1675
32 1697
28 1712
26 1701
28 1706
26 1719
31 1701
28 1688
30 1685
26 1709
31 1682
31 1688
30 1735
34 1709
27 1682
23 1704
29 1698
30 1726
32 1684
30 1700
35 1715
29 1679
29 1679
32 1685
29 1693
29 1698
28 1708
27 1718
30 1676
51 1686
33 1712
33 1712
36 1680
33 1725
38 1683
33 1705
35 1699
29 1665
30 1698
26 1681
28 1701
27 1706
32 1703
29 1709
33 1734
39 1704
25 1728
33 1714
31 1676
37 1725
34 1695
37 1736
51 1702
37 1704
43 1698
36 1686
26 1671
29 1717
29 1720
28 1706
28 1717
34 1674
31 1690
34 1692
33 1714
34 1685
32 1696
29 1700
27 1698
29 1731
30 1674
32 1722
31 1704
30 1699
32 1746
29 1723
33 1683
33 1723
33 1707
32 1688
36 1691
28 1716
25 1679
27 1695
30 1670
29 1704
30 1722
31 1707
28 1722
37 1718
32 1719
34 1706
29 1688
32 1701
35 1698
30 1702
32 1687
27 1692
31 1676
33 1711
45 1695
32 1700
32 1683
29 1710
28 1682
31 1702
36 1704
31 1689
31 1703
31 1677
32 1706
26 1708
33 1714
33 1715
31 1731
37 1753
30 1728
40 1705
35 1709
34 1703
32 1685
24 1652
29 1690
27 1726
29 1678
33 1693
29 1693
31 1722
33 1687
34 1721
35 1680
25 1667
33 1696
33 1687
31 1681
27 1687
35 1693
30 1692
25 1674
28 1706
37 1727
38 1707
33 1700
31 1691
35 1712
28 1705
32 1702
38 1731
25 1696
38 1678
31 1696
30 1683
31 1729
50 1710
32 1675
29 1706
35 1709
40 1679
35 1699
28 1719
40 1716
29 1689
45 1712
32 1683
29 1690
25 1700
34 1710
32 1680
30 1704
29 1708
34 1711
28 1706
34 1720
32 1698
30 1677
32 1717
26 1689
27 1716
27 1720
27 1698
32 1702
31 1685
32 1698
32 1720
37 1673
29 1718
30 1717
30 1685
32 1698
29 1695
26 1708
38 1723
33 1707
32 1696
29 1702
35 1669
44 1709
38 1710
33 1716
34 1688
34 1703
32 1715
32 1700
30 1704
26 1663
32 1693
31 1687
39 1670
33 1721
54 1719
44 1665
37 1689
36 1713
30 1675
46 1695
37 1693
29 1691
36 1658
33 1698
31 1685
29 1689
29 1699
32 1725
26 1702
25 1685
28 1736
39 1676
30 1702
31 1695
31 1697
28 1679
35 1705
33 1697
37 1673
26 1696
66 1720
31 1714
26 1700
33 1653
31 1696
31 1694
29 1695
27 1693
27 1712
30 1726
26 1690
29 1700
27 1690
31 1726
30 1686
33 1686
37 1702
29 1698
30 1691
31 1713
31 1693
31 1698
30 1708
26 1672
34 1686
28 1688
28 1680
27 1687
28 1685
22 1678
30 1698
27 1729
29 1710
32 1680
34 1687
28 1699
29 1708
30 1697
27 1694
35 1731
29 1698
33 1711
26 1682
33 1698
28 1697
31 1710
29 1679
26 1707
34 1665
31 1692
25 1666
34 1690
30 1703
33 1683
26 1689
28 1696
25 1691
32 1708
28 1678
30 1711
31 1710
27 1703
25 1667
30 1664
33 1697
27 1719
30 1687
27 1719
25 1690
33 1688
26 1694
27 1670
31 1685
31 1704
28 1713
39 1764
25 1648
30 1684
33 1693
35 1736
31 1734
30 1687
36 1689
39 1718
29 1676
28 1712
30 1690
35 1733
43 1723
26 1688
32 1703
26 1725
38 1714
30 1728
110 1683
30 1720
33 1718
30 1679
30 1678
34 1726
33 1669
33 1725
32 1706
29 1689
30 1663
33 1674
34 1709
31 1732
31 1711
34 1700
34 1698
30 1719
30 1693
30 1701
28 1705
25 1669
39 1717
29 1702
35 1702
31 1698
31 1700
28 1690
42 1707
28 1730
32 1667
32 1680
28 1703
33 1713
27 1668
33 1712
31 1699
29 1687
27 1702
31 1729
29 1678
44 1692
32 1705
42 1697
35 1695
35 1683
24 1701
26 1674
29 1684
27 1714
31 1692
28 1719
34 1690
31 1697
29 1712
31 1697
31 1718
40 1699
28 1715
34 1697
34 1699
31 1681
26 1679
32 1692
31 1694
24 1706
26 1708
34 1680
34 1672
32 1696
32 1670
34 1712
37 1711
33 1675
34 1694
0 1
28 1709
32 1716
30 1680
27 1701
36 1681
28 1694
34 1709
36 1703
38 1726
32 1707
32 1661
32 1679
35 1689
29 1728
47 1669
32 1701
30 1709
33 1704
23 1683
34 1695
27 1679
33 1677
29 1667
25 1694
27 1677
28 1712
27 1700
32 1723
24 1705
26 1677
27 1685
30 1699
26 1714
29 1669
31 1678
27 1698
27 1739
29 1732
25 1682
28 1731
27 1684
32 1690
31 1712
27 1673
28 1691
27 1719
36 1726
24 1711
33 1696
27 1697
31 1731
31 1680
27 1680
30 1702
29 1681
34 1702
30 1706
28 1699
27 1709
28 1664
30 1712
38 1702
33 1669
37 1685
42 1673
39 1690
42 1696
34 1672
32 1683
33 1700
34 1739
30 1698
38 1696
35 1694
38 1704
0 1
39 1675
33 1689
27 1703
37 1721
37 1717
30 1707
34 1700
32 1713
29 1699
28 1726
43 1702
38 1694
33 1707
30 1657
28 1694
26 1667
29 1713
31 1703
35 1717
35 1671
34 1678
27 1689
28 1675
43 1698
33 1722
26 1728
32 1682
35 1699
29 1705
27 1683
39 1696
31 1701
26 1693
35 1700
37 1726
34 1689
47 1673
30 1714
29 1666
41 1703
32 1722
31 1686
32 1703
33 1702
30 1690
34 1692
29 1717
36 1707
34 1682
39 1705
40 1699
29 1706
32 1699
30 1706
30 1700
32 1685
39 1689
0 1
24 1689
33 1699
34 1711
26 1678
29 1682
35 1706
26 1691
27 1691
30 1687
66 1691
34 1710
33 1689
29 1712
27 1668
30 1716
25 1699
29 1685
30 1690
35 1670
29 1703
33 1708
31 1720
44 1712
32 1707
34 1717
31 1663
27 1699
31 1697
30 1702
27 1694
27 1713
27 1730
26 1707
26 1697
35 1715
37 1727
32 1712
30 1700
30 1691
35 1707
37 1688
35 1700
39 1698
39 1738
33 1700
32 1682
43 1679
46 1723
66 1710
34 1751
28 1727
42 1655
43 1705
28 1700
32 1688
35 1735
30 1697
27 1693
30 1713
30 1701
30 1713
29 1710
27 1694
29 1715
28 1686
30 1679
37 1712
35 1691
36 1687
35 1680
31 1687
31 1697
0 1
30 1713
27 1679
39 1708
34 1679
38 1678
27 1699
31 1690
31 1725
39 1679
34 1716
28 1726
30 1735
27 1713
27 1688
36 1688
35 1713
27 1702
37 1698
31 1709
39 1688
30 1704
37 1742
32 1722
35 1684
30 1715
28 1701
25 1696
27 1684
36 1686
29 1703
29 1681
39 1704
32 1691
27 1710
38 1689
35 1720
33 1702
33 1701
33 1684
29 1710
28 1698
35 1716
30 1706
32 1692
33 1687
32 1678
26 1710
32 1663
33 1677
39 1690
36 1725
30 1715
30 1702
30 1694
32 1716
33 1695
28 1688
31 1695
38 1708
29 1706
36 1679
31 1689
34 1721
41 1683
30 1702
33 1673
33 1699
31 1689
31 1688
34 1715
37 1660
39 1694
34 1709
32 1696
32 1711
31 1701
33 1707
35 1679
34 1720
27 1695
30 1699
32 1688
34 1689
56 1699
38 1706
33 1723
30 1698
34 1660
26 1716
35 1721
29 1723
40 1696
38 1699
44 1705
27 1662
38 1716
31 1705
27 1676
29 1710
29 1686
29 1674
32 1681
35 1708
29 1689
34 1710
27 1715
29 1687
33 1671
30 1732
30 1664
29 1681
29 1677
47 1687
39 1693
0 1
48 1707
35 1698
35 1681
0 1
37 1687
29 1677
32 1662
31 1694
30 1682
32 1697
38 1713
31 1711
54 1682
39 1675
61 1688
30 1699
31 1698
27 1693
28 1713
34 1727
33 1707
26 1731
27 1710
25 1675
30 1713
32 1702
29 1703
26 1692
32 1678
30 1684
39 1698
36 1683
37 1676
28 1653
30 1691
32 1702
30 1676
28 1730
30 1700
25 1666
34 1710
33 1734
36 1710
33 1712
30 1686
25 1697
29 1656
30 1701
32 1732
27 1712
33 1721
31 1706
31 1663
33 1718
28 1702
53 1679
29 1677
31 1678
30 1697
32 1711
27 1693
32 1682
31 1701
30 1697
33 1682
35 1688
30 1697
50 1689
47 1714
36 1690
30 1687
30 1710
23 1675
35 1688
28 1681
32 1729
28 1693
28 1699
31 1709
35 1710
30 1693
29 1692
35 1702
25 1696
31 1693
35 1708
28 1689
25 1702
27 1695
30 1687
28 1691
34 1701
33 1695
34 1704
37 1686
29 1702
26 1680
31 1727
0 1
31 1699
33 1663
33 1728
30 1689
28 1670
34 1695
35 1690
34 1701
33 1696
41 1743
27 1701
35 1718
39 1709
34 1708
37 1693
0 1
37 1681
33 1696
26 1694
36 1717
30 1719
30 1681
35 1719
32 1680
25 1707
28 1665
26 1720
27 1676
33 1667
28 1715
27 1692
28 1721
31 1718
36 1704
32 1708
30 1685
31 1684
31 1697
33 1718
27 1689
29 1670
28 1715
29 1716
31 1704
31 1709
26 1692
31 1691
31 1693
30 1660
29 1685
31 1687
36 1690
33 1715
30 1726
29 1708
28 1705
32 1692
30 1690
36 1749
27 1695
31 1706
28 1717
31 1682
30 1714
35 1683
26 1705
31 1688
26 1746
27 1695
34 1706
36 1696
31 1702
26 1701
28 1705
36 1689
29 1702
32 1711
37 1693
27 1700
36 1670
30 1705
35 1734
36 1711
28 1703
27 1672
33 1702
29 1710
33 1695
29 1684
28 1700
28 1711
34 1676
28 1689
31 1691
33 1672
32 1707
37 1718
26 1668
29 1707
30 1725
28 1701
33 1728
27 1650
27 1685
32 1686
28 1709
34 1716
31 1706
28 1702
43 1698
38 1705
31 1702
31 1716
25 1680
34 1713
32 1718
31 1682
31 1731
27 1709
31 1666
30 1711
27 1704
29 1732
29 1663
29 1666
29 1669
30 1725
31 1689
38 1667
30 1702
38 1708
28 1723
70 1696
37 1702
70 1685
32 1669
29 1673
51 1712
49 1712
33 1685
0 1
33 1678
34 1715
33 1670
35 1720
29 1720
33 1713
38 1733
30 1723
39 1658
42 1717
29 1736
32 1675
37 1692
33 1684
31 1719
42 1708
37 1694
33 1674
37 1708
29 1691
28 1700
29 1749
35 1657
34 1718
31 1708
28 1716
26 1690
29 1720
32 1675
30 1702
34 1667
32 1687
37 1671
38 1684
29 1716
29 1717
29 1671
33 1705
0 1
25 1684
31 1700
36 1693
38 1683
33 1712
26 1709
44 1700
42 1703
30 1712
31 1731
29 1703
27 1676
25 1694
33 1725
30 1709
33 1677
32 1666
27 1738
26 1706
29 1696
31 1708
30 1706
31 1695
31 1717
30 1725
0 1
29 1695
33 1686
30 1702
31 1683
27 1712
27 1672
32 1691
36 1720
37 1682
29 1709
29 1683
37 1694
34 1711
27 1704
37 1700
34 1710
40 1690
33 1693
35 1719
28 1708
34 1701
30 1697
38 1682
31 1693
34 1686
35 1716
36 1700
32 1705
31 1706
28 1704
32 1683
29 1689
32 1666
39 1707
35 1705
30 1693
29 1710
32 1692
32 1695
41 1691
32 1713
40 1682
35 1717
56 1699
28 1709
36 1694
27 1708
37 1687
35 1700
33 1699
33 1704
40 1692
36 1731
41 1682
36 1742
30 1708
30 1688
27 1706
28 1678
33 1681
32 1683
34 1684
28 1666
39 1725
40 1680
41 1685
58 1700
31 1683
26 1699
38 1694
32 1690
34 1705
30 1704
30 1690
29 1687
30 1693
30 1698
32 1714
60 1703
37 1696
40 1691
35 1703
38 1675
34 1733
29 1685
0 1
40 1704
26 1721
39 1709
37 1707
37 1743
29 1711
61 1700
27 1698
33 1704
33 1715
38 1739
27 1702
33 1708
30 1726
32 1751
31 1714
32 1724
28 1720
25 1731
32 1691
29 1702
30 1708
29 1724
27 1700
28 1674
35 1701
38 1716
34 1674
0 1
0 1
39 1713
29 1662
33 1708
62 1707
24 1683
42 1721
35 1683
30 1681
40 1676
26 1688
30 1731
34 1698
35 1706
31 1714
31 1735
44 1694
28 1707
25 1659
31 1676
32 1698
29 1727
26 1709
35 1691
41 1709
42 1678
28 1682
35 1664
34 1697
32 1697
35 1712
32 1713
27 1691
32 1683
43 1703
33 1697
32 1677
38 1736
27 1721
34 1709
39 1701
50 1703
29 1704
35 1717
30 1718
38 1683
33 1719
40 1734
32 1700
29 1700
28 1698
25 1687
31 1692
39 1720
38 1707
44 1690
39 1697
32 1720
36 1690
31 1720
47 1697
31 1704
34 1691
40 1714
38 1700
37 1664
31 1698
47 1724
51 1720
32 1679
41 1695
39 1706
34 1706
39 1722
30 1698
29 1680
0 1
30 1749
31 1689
27 1707
32 1660
30 1665
26 1722
0 1
48 1701
36 1682
49 1687
37 1702
37 1729
31 1678
35 1705
43 1686
47 1694
32 1698
30 1690
41 1710
37 1708
39 1672
52 1710
38 1710
42 1705
45 1718
38 1701
44 1705
37 1694
33 1682
31 1706
33 1703
24 1706
32 1696
26 1694
33 1710
40 1709
35 1697
52 1698
37 1697
47 1663
32 1695
27 1680
34 1671
33 1674
40 1716
38 1686
27 1680
31 1700
33 1664
28 1697
28 1690
32 1694
31 1664
32 1722
30 1654
0 1
29 1717
37 1735
32 1707
34 1739
29 1701
30 1692
31 1699
30 1681
36 1717
37 1718
33 1709
31 1690
35 1699
44 1690
38 1690
37 1668
101 1697
39 1709
48 1738
36 1718
31 1715
35 1685
39 1697
34 1691
36 1695
37 1708
31 1703
33 1684
33 1675
28 1704
27 1666
34 1679
39 1702
35 1705
29 1683
31 1691
29 1706
35 1699
29 1665
34 1673
38 1692
41 1683
35 1692
29 1693
34 1671
30 1719
36 1693
42 1689
34 1673
41 1702
31 1708
31 1653
33 1702
33 1706
42 1695
36 1692
38 1699
36 1692
33 1701
34 1687
35 1715
43 1675
84 1712
36 1723
36 1702
32 1710
36 1705
36 1694
31 1683
41 1684
48 1673
45 1678
30 1742
47 1690
29 1689
28 1708
35 1705
29 1714
33 1706
40 1704
30 1738
34 1705
38 1681
33 1685
32 1707
30 1705
33 1722
33 1722
36 1717
44 1713
51 1699
39 1664
0 1
40 1691
29 1677
33 1711
35 1676
35 1710
33 1718
36 1708
26 1678
33 1704
28 1687
33 1709
27 1673
34 1655
29 1728
31 1689
32 1713
59 1662
34 1677
33 1711
32 1716
48 1707
34 1680
41 1704
33 1696
32 1667
33 1701
35 1696
34 1709
36 1715
48 1717
33 1717
0 1
74 1718
34 1699
41 1701
33 1718
40 1684
46 1683
30 1690
37 1695
34 1713
70 1718
37 1676
40 1693
34 1678
48 1705
33 1699
37 1686
33 1696
37 1690
29 1698
41 1696
40 1710
38 1695
31 1689
45 1668
32 1677
46 1675
29 1696
34 1709
64 1684
30 1699
42 1684
32 1705
31 1697
39 1676
34 1705
35 1693
31 1689
40 1711
32 1730
40 1701
37 1714
34 1717
33 1713
45 1726
31 1661
37 1707
30 1686
30 1698
94 1720
46 1693
35 1704
42 1708
34 1724
27 1704
44 1678
50 1702
43 1710
54 1709
42 1702
41 1713
33 1721
28 1708
60 1732
29 1698
30 1675
32 1723
34 1668
36 1738
43 1680
43 1707
37 1707
36 1739
37 1683
31 1646
31 1711
38 1706
31 1730
28 1695
35 1688
31 1724
34 1687
32 1690
38 1709
58 1693
42 1687
30 1704
30 1682
1 2
0 1
32 1681
42 1708
37 1693
28 1686
33 1719
30 1691
39 1710
35 1692
38 1678
35 1697
31 1717
31 1704
35 1721
75 1668
36 1704
33 1711
36 1685
36 1688
36 1699
48 1722
43 1702
37 1666
44 1700
34 1685
54 1698
41 1679
34 1703
0 1
28 1683
33 1708
34 1705
48 1675
40 1677
44 1720
0 1
51 1664
37 1693
40 1660
40 1712
37 1695
52 1732
57 1658
31 1724
32 1680
35 1715
0 1
32 1729
36 1717
51 1697
58 1692
30 1713
32 1704
0 1
50 1697
30 1702
33 1727
32 1698
31 1713
33 1676
33 1682
30 1720
32 1723
38 1719
27 1685
28 1703
32 1696
30 1691
29 1673
31 1710
38 1655
36 1694
35 1705
58 1691
28 1692
29 1690
35 1688
51 1677
39 1689
40 1718
32 1709
55 1678
32 1728
28 1694
0 1
34 1665
33 1723
33 1695
33 1688
44 1735
34 1673
42 1710
33 1696
39 1709
30 1721
29 1701
0 1
30 1683
34 1686
0 1
42 1731
53 1714
40 1685
40 1715
56 1735
38 1740
0 1
45 1745
55 1680
36 1684
36 1696
37 1692
40 1712
42 1740
44 1713
37 1701
47 1688
33 1687
57 1708
33 1707
26 1741
88 1724
31 1697
48 1737
40 1702
30 1688
26 1681
29 1675
25 1688
28 1683
28 1693
37 1703
34 1683
46 1705
56 1696
32 1723
41 1704
50 1701
48 1720
50 1708
35 1667
34 1718
48 1727
49 1704
45 1704
32 1724
47 1699
45 1711
42 1706
28 1702
68 1682
61 1703
43 1694
34 1691
32 1721
36 1699
45 1683
51 1676
56 1709
37 1691
45 1686
0 1
31 1725
38 1688
38 1706
29 1686
34 1707
40 1697
37 1674
41 1713
31 1680
41 1698
35 1678
45 1690
53 1717
33 1691
30 1702
38 1653
60 1710
36 1689
54 1716
71 1676
38 1709
32 1697
0 1
31 1716
50 1708
75 1703
58 1697
37 1719
33 1662
37 1711
74 1708
51 1702
35 1639
40 1687
31 1710
48 1709
38 1680
38 1674
45 1694
57 1697
50 1707
34 1686
43 1717
29 1725
54 1701
43 1698
47 1714
61 1685
40 1689
63 1697
54 1728
36 1671
44 1663
34 1670
81 1675
31 1708
39 1709
36 1728
28 1693
41 1697
0 1
10 2
13 2
5 2
7 2
12 2
10 2
14 2
9 4
0 1
11 4
12 4
105 2
3 2
47 1726
0 1
9 2
18 2
4 2
21 2
3 2
49 2
41 2
18 2
21 2
15 2
61 5
3 2
53 5
16 5
15 3
14 3
31 3
27 2
6 2
9 3
12 3
6 3
87 1744
59 1689
46 1708
18 2
7 2
99 5
34 6
32 6
52 6
43 4
27 6
15 3
28 3
0 1
2 2
12 2
10 5
18 5
12 5
13 5
13 5
10 2
5 2
65 2
12 2
4 2
0 1
0 1
0 1
3 2
4 2
21 2
32 2
4 2
17 2
21 3
0 1
14 3
16 2
4 2
15 3
14 2
13 3
8 4
11 4
3 4
20 4
0 1
26 2
1 3
37 3
3 3
37 2
35 2
14 2
5 2
17 6
21 6
17 6
55 6
20 7
32 6
28 1690
33 1705
36 1693
37 1702
42 1681
12 17
42 1670
41 1696
48 1677
39 1675
47 1708
41 1689
29 1695
37 1705
42 1697
41 1693
47 1697
0 1
27 5
8 5
14 5
28 5
23 7
16 8
35 7
19 8
15 8
38 2
82 2
24 2
1 2
34 2
1 2
17 2
3 2
23 3
13 3
2 3
48 3
36 3
20 3
13 2
8 2
54 1702
39 1728
52 1712
39 1718
34 1732
17 5
18 4
14 5
0 1
13 5
21 7
34 8
24 7
23 5
12 5
13 5
8 4
10 4
37 2
15 2
46 1718
16 2
15 2
9 4
17 4
9 4
28 4
4 5
14 6
33 8
115 7
54 8
21 8
33 10
12 6
7 6
9 6
36 5
9 5
10 6
22 2
2 2
7 2
31 2
25 4
36 5
39 9
38 1735
21 3
12 3
24 3
14 3
11 3
35 3
3 2
52 2
11 8
14 8
17 8
12 8
10 8
12 8
11 7
6 7
36 2
12 2
8 4
11 4
39 4
8 4
54 1721
0 1
79 1687
16 2
62 2
0 1
11 2
31 2
10 3
35 3
27 2
5 2
126 2
34 2
80 2
25 2
20 3
7 3
17 3
40 1682
79 1698
71 1717
49 1717
73 1713
72 1688
72 1709
54 1714
49 1681
74 1684
37 1695
67 1704
123 1693
3 2
3 2
13 2
7 2
21 3
9 4
18 3
12 4
6 3
3 3
0 1
6 3
5 3
23 3
14 2
7 3
15 3
15 2
18 2
53 2
104 2
28 2
31 2
23 2
20 2
41 4
4 4
19 4
10 4
16 5
16 5
17 5
18 5
31 4
21 2
5 3
38 3
1 2
45 3
4 3
1 2
3 2
41 2
0 1
49 1694
35 1685
4 2
8 13
10 13
8 13
21 13
10 13
11 13
12 13
20 13
10 11
10 12
10 12
9 13
13 13
52 1687
28 2
49 1692
30 1703
30 1666
33 1691
30 1683
33 1702
30 1690
97 1714
41 1703
55 1730
59 1656
41 1679
43 1709
61 1683
45 1688
47 1680
37 1669
101 1701
58 1703
69 1696
0 1
37 1668
29 1703
29 1684
31 1688
32 1690
36 1689
32 1719
30 1690
34 1691
28 1679
32 1695
40 1698
31 1716
40 1703
30 1689
30 1696
128 1660
7 2
15 2
13 4
7 4
10 5
12 5
12 5
40 1708
20 2
11 2
0 1
6 2
17 2
82 1693
3 3
0 1
33 3
10 2
63 2
27 2
13 2
40 1712
40 1703
8 3
26 3
1 2
30 2
10 2
0 1
3 2
47 1734
13 2
0 1
55 2
16 2
3 2
15 2
5 2
13 2
6 3
0 1
25 3
46 1662
36 1704
74 1693
0 1
12 2
6 2
0 1
0 1
1 2
29 2
21 2
41 1703
57 1725
31 1720
50 1726
45 1678
40 1692
64 1683
72 1683
31 1689
45 1685
29 1669
32 1711
31 1690
4 2
7 2
74 1730
0 1
64 2
34 1698
54 1733
48 1715
18 2
6 2
81 1671
32 1678
36 1691
39 1733
41 1703
61 1688
0 1
2 2
3 2
39 1667
32 1700
21 4
30 4
20 4
24 4
7 2
14 2
52 1703
43 1726
61 1712
45 1701
34 1713
41 1676
39 1678
34 1694
42 1691
40 1710
41 1685
53 1729
3 2
18 2
18 2
63 3
12 3
51 1700
14 4
31 4
14 4
20 4
1 2
0 1
37 1678
36 1677
35 1692
0 1
0 1
86 1701
32 1717
10 2
17 2
6 3
4 3
4 3
73 1715
106 1686
45 1692
87 1731
25 4
15 5
22 5
24 5
8 5
0 1
11 2
113 2
34 2
74 1699
30 2
32 1708
43 1695
39 1695
36 1678
34 1715
48 1734
38 1706
93 1717
0 1
46 1711
42 1716
52 1691
35 1674
43 1684
36 1700
32 1721
45 1709
11 4
11 4
8 4
15 4
36 1712
35 1713
33 1713
22 2
10 2
36 1713
29 3
40 3
12 3
41 1733
24 3
22 3
0 1
37 2
18 2
1 2
5 2
60 1697
36 1702
37 1691
67 1704
14 3
17 3
33 3
8 2
17 2
9 3
17 3
5 3
39 2
4 2
0 1
62 1676
37 1680
52 1733
11 2
40 2
39 1713
3 2
2 2
34 1721
34 1718
16 2
5 2
53 1696
50 1694
35 1691
32 5
22 4
17 5
14 5
21 5
43 1658
36 1705
57 1675
46 1701
68 1723
48 1715
36 1691
20 2
9 2
8 2
24 2
14 3
21 3
24 3
1 2
16 2
7 2
66 2
52 2
2 2
5 2
11 2
32 4
12 2
52 3
28 3
8 3
17 4
17 2
7 2
7 2
7 3
11 3
65 1727
59 1681
53 1697
41 1686
33 1690
46 1711
35 1675
48 1720
69 1698
69 1735
43 1721
7 2
9 2
0 1
12 3
35 1711
32 1682
38 1704
34 1711
42 1699
40 1680
55 1704
16 5
10 5
11 5
10 5
25 5
84 1694
48 1715
95 1698
32 1703
46 1674
0 1
38 1701
31 1697
34 1693
33 1716
30 1703
40 1705
44 1678
46 1709
63 1689
49 1716
0 1
33 1692
37 1711
54 1701
28 1720
39 1703
2 2
18 2
50 1664
40 1690
28 1732
17 7
15 7
32 7
11 7
15 7
24 7
10 7
37 1707
57 1693
63 1679
18 5
28 5
15 5
9 4
30 4
10 2
1 2
60 1676
54 1685
41 1687
58 1694
63 1711
51 1703
59 1685
47 1727
44 1689
40 1703
39 1705
37 1682
38 1702
65 1711
40 1664
74 1699
