45 9248
46 9268
51 9339
42 9326
41 9320
0 1
38 9232
67 9312
43 9255
40 9347
46 9266
47 9367
44 9286
43 9261
40 9235
41 9246
42 9263
44 9277
57 9224
48 9260
44 9233
44 9383
42 9351
52 9289
40 9218
37 9256
41 9342
49 9356
46 9322
50 9337
41 9283
44 9258
44 9319
39 9349
49 9306
44 9306
56 9348
51 9323
38 9366
52 9273
38 9341
47 9268
47 9364
48 9230
38 9224
38 9210
41 9347
39 9291
41 9320
38 9290
40 9310
38 9365
41 9331
42 9360
41 9273
37 9218
38 9233
40 9267
40 9308
39 9317
54 9224
45 9349
44 9371
42 9181
43 9224
46 9289
41 9246
41 9199
40 9296
39 9272
42 9222
39 9261
40 9251
42 9288
46 9313
34 9371
37 9316
39 9338
38 9339
42 9360
38 9212
44 9284
37 9236
42 9181
42 9161
39 9293
44 9325
45 9187
44 9250
41 9351
44 9333
41 9328
43 9320
43 9335
44 9192
39 9372
41 9333
38 9259
38 9316
39 9271
49 9190
37 9267
42 9256
39 9251
42 9221
39 9318
40 9314
41 9371
40 9222
37 9306
39 9255
40 9295
39 9208
43 9256
42 9258
43 9272
37 9255
42 9280
42 9253
38 9299
41 9331
39 9248
43 9236
39 9273
43 9255
42 9269
43 9233
41 9264
39 9296
39 9259
38 9279
42 9257
44 9387
41 9244
40 9270
39 9204
40 9266
40 9278
42 9314
37 9149
42 9309
40 9283
41 9258
41 9255
38 9326
41 9309
40 9173
38 9231
44 9319
38 9312
43 9325
41 9331
40 9323
40 9301
38 9313
40 9253
39 9363
37 9255
45 9344
42 9297
39 9310
39 9271
41 9347
41 9313
43 9314
40 9226
40 9287
43 9303
44 9236
45 9296
40 9335
39 9283
40 9261
42 9239
42 9344
39 9283
40 9283
47 9227
48 9206
42 9321
42 9271
40 9237
44 9365
37 9257
42 9260
41 9300
40 9252
41 9278
43 9282
38 9179
37 9305
41 9282
40 9246
37 9302
41 9279
40 9365
39 9301
40 9270
42 9238
37 9268
38 9340
42 9257
37 9164
46 9267
39 9303
41 9272
39 9294
42 9337
41 9270
40 9223
44 9285
42 9267
41 9248
44 9348
43 9229
38 9328
39 9209
41 9278
41 9218
39 9254
41 9241
40 9201
41 9409
42 9311
40 9336
42 9242
37 9347
44 9279
39 9299
42 9275
47 9308
44 9210
43 9330
40 9311
39 9331
41 9266
41 9333
44 9233
42 9317
39 9275
40 9286
45 9262
40 9291
41 9219
45 9234
45 9347
41 9307
57 9266
39 9236
38 9261
40 9350
41 9338
48 9250
61 9308
54 9259
46 9281
43 9306
54 9299
62 9255
42 9307
44 9291
45 9340
64 9214
46 9255
46 9260
49 9235
40 9275
43 9330
43 9277
42 9320
47 9196
51 9183
51 9267
41 9252
43 9347
50 9366
48 9288
46 9286
49 9309
42 9334
45 9383
45 9319
46 9255
43 9316
44 9256
41 9307
42 9262
49 9179
44 9278
45 9298
47 9309
39 9284
42 9285
47 9315
43 9308
43 9218
44 9218
47 9317
39 9290
43 9297
42 9362
36 9293
37 9200
40 9275
41 9304
41 9312
40 9307
40 9292
40 9260
38 9301
40 9283
40 9251
40 9250
42 9284
42 9295
43 9245
42 9332
39 9232
42 9321
39 9301
40 9236
41 9343
39 9293
41 9321
42 9342
39 9275
47 9211
40 9270
46 9335
41 9238
67 9291
39 9275
46 9274
38 9243
129 9292
58 9232
44 9356
45 9280
45 9218
45 9314
45 9223
49 9266
46 9316
80 9359
50 9269
62 9304
41 9375
45 9261
41 9290
74 9295
59 9284
48 9281
43 9286
41 9352
46 9231
49 9226
41 9266
44 9269
40 9290
39 9329
43 9359
41 9270
41 9402
39 9275
41 9289
37 9315
42 9329
39 9239
41 9217
38 9188
44 9272
43 9258
38 9253
42 9353
41 9275
42 9339
43 9285
43 9299
39 9270
41 9283
41 9268
38 9231
45 9295
42 9228
40 9255
40 9294
40 9281
41 9409
46 9297
42 9245
40 9252
41 9215
39 9247
39 9379
44 9241
41 9287
41 9256
43 9269
39 9279
38 9265
38 9373
44 9315
39 9289
40 9312
41 9282
44 9273
44 9262
40 9318
40 9292
40 9289
38 9285
41 9296
38 9337
45 9286
42 9316
60 9291
47 9328
47 9302
50 9202
62 9343
49 9391
48 9261
70 9350
49 9350
43 9307
53 9315
51 9311
47 9300
39 9297
57 9246
48 9402
42 9321
86 9257
64 9271
73 9265
0 1
43 9276
43 9216
41 9317
39 9293
40 9250
86 9184
39 9312
39 9243
43 9257
42 9236
42 9230
43 9276
42 9236
41 9235
44 9264
40 9261
42 9281
44 9275
40 9282
43 9272
40 9263
42 9214
39 9291
45 9329
40 9290
40 9266
41 9268
39 9247
41 9272
41 9371
41 9312
38 9216
43 9239
41 9227
40 9272
48 9294
43 9243
41 9268
42 9269
46 9316
40 9196
41 9297
42 9286
44 9245
84 9288
75 9320
71 9236
62 9255
0 1
65 9241
57 9222
54 9328
64 9239
57 9250
77 9381
62 9263
50 9272
60 9213
54 9262
42 9283
44 9325
41 9242
37 9329
45 9353
56 9274
49 9448
49 9242
45 9303
40 9250
42 9294
48 9282
44 9261
47 9284
48 9370
39 9289
39 9275
39 9342
45 9268
42 9259
40 9308
39 9266
45 9301
41 9289
46 9240
54 9264
45 9230
39 9321
41 9272
38 9271
40 9280
42 9340
43 9220
41 9284
41 9276
41 9333
40 9364
40 9239
42 9259
42 9328
44 9234
39 9202
43 9311
42 9259
43 9283
40 9234
43 9321
44 9192
41 9237
46 9288
42 9304
46 9369
44 9250
40 9371
44 9336
39 9165
41 9279
42 9327
37 9245
41 9389
42 9305
42 9198
43 9266
43 9227
41 9340
49 9226
42 9292
44 9262
46 9226
43 9341
41 9291
49 9335
46 9384
39 9339
46 9299
46 9261
43 9306
47 9324
56 9222
40 9269
38 9229
44 9299
42 9260
43 9248
41 9299
40 9231
40 9278
48 9313
43 9313
40 9373
40 9208
43 9289
41 9289
40 9337
41 9344
42 9242
37 9343
39 9282
39 9240
41 9240
42 9245
42 9234
37 9191
38 9274
39 9235
41 9315
42 9295
40 9291
42 9269
38 9234
40 9201
39 9255
37 9277
42 9278
41 9299
36 9320
37 9242
41 9320
53 9261
43 9295
66 9249
60 9293
58 9257
53 9319
66 9290
63 9263
58 9257
53 9249
42 9295
44 9299
36 9365
43 9200
37 9316
45 9355
41 9223
42 9270
39 9350
73 9234
46 9279
49 9362
36 9286
46 9303
40 9315
40 9344
41 9253
44 9280
42 9311
42 9341
43 9363
37 9292
42 9323
37 9270
44 9334
38 9284
41 9321
40 9326
40 9203
37 9303
40 9254
38 9211
47 9286
42 9286
52 9230
42 9227
51 9353
42 9239
45 9242
62 9228
57 9247
40 9306
44 9265
39 9298
39 9239
42 9309
45 9302
40 9267
43 9232
39 9295
39 9255
43 9302
37 9264
41 9245
42 9259
44 9351
44 9224
0 1
38 9290
40 9223
39 9365
51 9199
47 9257
53 9283
54 9260
44 9346
52 9230
46 9208
70 9341
51 9295
73 9227
39 9267
53 9356
0 1
43 9316
44 9349
50 9192
43 9289
44 9290
40 9236
44 9305
39 9301
41 9312
40 9299
45 9184
37 9283
42 9397
44 9230
40 9293
40 9259
53 9284
41 9266
0 1
44 9314
56 9241
42 9269
45 9259
41 9269
43 9327
39 9332
50 9300
40 9265
42 9289
43 9391
42 9224
41 9326
40 9220
40 9393
41 9244
43 9298
40 9305
41 9175
43 9352
43 9212
42 9248
40 9330
41 9276
47 9242
44 9315
37 9330
53 9339
41 9282
94 9242
60 9302
41 9277
48 9353
47 9231
49 9248
44 9316
50 9281
41 9240
41 9305
42 9320
42 9236
41 9295
41 9226
37 9271
39 9187
38 9201
42 9323
37 9314
39 9368
43 9271
41 9245
40 9356
39 9299
40 9324
39 9346
87 9257
38 9347
45 9338
46 9247
40 9267
39 9314
42 9244
48 9322
43 9257
40 9282
41 9328
44 9273
38 9275
42 9288
40 9281
39 9184
41 9266
44 9284
50 9304
40 9291
38 9330
47 9264
46 9328
41 9321
41 9439
42 9296
43 9275
42 9355
48 9310
44 9276
40 9349
61 9365
44 9259
65 9410
50 9293
42 9350
49 9268
39 9325
40 9267
40 9257
59 9287
51 9328
44 9374
42 9309
42 9371
46 9239
42 9234
0 1
46 9344
47 9341
39 9312
41 9278
35 9281
37 9359
45 9244
41 9233
47 9268
43 9338
46 9372
41 9223
53 9238
41 9222
40 9201
41 9315
53 9372
63 9243
41 9282
48 9242
41 9281
38 9351
41 9243
51 9270
38 9210
45 9411
39 9327
40 9291
40 9318
41 9305
40 9239
52 9325
42 9244
41 9270
51 9391
41 9312
40 9228
44 9284
50 9302
42 9278
41 9234
48 9269
42 9252
41 9256
39 9289
39 9285
41 9254
38 9238
41 9303
38 9324
38 9303
42 9253
39 9258
49 9289
41 9341
56 9251
41 9283
38 9303
39 9199
46 9266
39 9306
38 9297
39 9267
57 9261
45 9303
51 9323
42 9308
42 9278
48 9272
40 9232
41 9330
51 9266
45 9346
41 9245
40 9332
40 9319
42 9279
50 9212
41 9295
40 9339
43 9279
45 9279
48 9226
41 9332
40 9213
38 9313
50 9295
41 9305
48 9203
39 9312
45 9315
49 9296
43 9179
46 9321
41 9327
42 9253
40 9294
41 9433
43 9221
60 9219
39 9247
45 9296
42 9280
42 9251
44 9404
39 9304
55 9288
40 9349
42 9348
41 9304
48 9201
41 9313
43 9356
41 9295
39 9307
41 9314
43 9198
40 9194
39 9277
44 9222
44 9295
50 9299
40 9286
43 9280
40 9297
40 9276
40 9271
42 9311
38 9263
40 9219
42 9324
39 9282
40 9226
41 9372
38 9293
38 9242
41 9271
48 9265
45 9257
40 9268
66 9293
45 9311
46 9288
47 9325
49 9309
45 9332
43 9234
42 9257
51 9282
45 9191
44 9293
42 9274
34 9224
43 9257
42 9269
44 9281
51 9250
45 9333
46 9262
41 9297
49 9389
43 9278
39 9299
41 9287
39 9300
58 9253
44 9356
95 9294
47 9278
48 9241
45 9313
45 9305
62 9311
43 9236
39 9251
42 9332
42 9319
42 9312
39 9236
44 9270
42 9239
43 9241
44 9264
39 9226
39 9279
39 9316
39 9305
39 9210
37 9238
39 9366
40 9203
41 9300
39 9157
39 9248
39 9289
43 9251
40 9307
38 9345
43 9309
48 9288
44 9356
48 9331
59 9270
44 9287
53 9266
47 9352
44 9259
53 9244
41 9330
43 9249
46 9339
55 9289
59 9238
53 9342
65 9262
48 9304
52 9292
102 9302
41 9286
58 9359
44 9257
43 9296
109 9357
48 9347
47 9269
45 9311
40 9343
52 9347
43 9326
54 9288
53 9319
48 9300
57 9285
56 9332
53 9275
54 9284
52 9238
47 9346
47 9258
70 9211
108 9310
51 9292
46 9274
43 9261
53 9298
52 9333
48 9288
60 9316
40 9289
45 9212
51 9243
43 9318
47 9296
50 9349
41 9274
47 9289
38 9324
54 9296
85 9303
41 9292
39 9352
45 9319
39 9239
43 9366
0 1
38 9325
38 9286
38 9322
39 9291
39 9264
44 9341
40 9349
38 9330
45 9322
41 9347
41 9263
41 9195
38 9258
43 9279
40 9254
40 9285
41 9291
45 9251
39 9284
37 9361
42 9397
37 9223
39 9184
43 9260
43 9293
40 9290
39 9246
38 9399
40 9410
38 9297
42 9324
40 9281
44 9239
0 1
40 9293
49 9300
48 9277
46 9293
43 9313
46 9247
44 9310
49 9314
48 9330
50 9199
40 9291
47 9266
44 9179
46 9356
46 9263
46 9201
46 9363
47 9297
49 9201
52 9249
44 9275
44 9294
48 9239
45 9303
45 9232
48 9301
47 9304
47 9264
47 9345
44 9252
45 9277
45 9235
48 9384
45 9272
46 9254
43 9257
45 9245
45 9253
46 9265
42 9337
44 9266
44 9313
45 9274
47 9274
44 9280
44 9294
44 9265
48 9308
45 9284
44 9258
44 9328
46 9402
0 1
47 9274
39 9244
43 9342
43 9314
51 9202
58 9282
52 9299
50 9255
45 9275
41 9307
44 9243
54 9299
68 9308
42 9269
48 9329
40 9307
39 9329
50 9250
53 9307
48 9236
48 9313
45 9284
43 9228
42 9357
54 9320
51 9205
51 9229
44 9291
44 9333
44 9235
46 9246
42 9358
39 9302
40 9261
41 9298
44 9325
44 9303
37 9260
40 9272
41 9276
42 9387
46 9202
72 9235
50 9297
41 9289
40 9347
52 9304
47 9265
53 9260
42 9350
46 9326
45 9326
55 9354
44 9308
38 9274
46 9412
37 9267
42 9318
43 9312
44 9246
42 9362
36 9277
47 9303
51 9227
44 9274
41 9290
48 9302
42 9302
42 9378
43 9290
40 9223
45 9335
46 9303
43 9301
41 9320
40 9304
41 9299
51 9280
45 9273
39 9251
39 9304
45 9307
41 9269
47 9335
47 9351
42 9265
44 9188
40 9242
50 9361
71 9318
39 9343
49 9359
46 9286
44 9224
42 9356
39 9341
40 9252
47 9272
41 9253
45 9313
42 9282
41 9247
43 9284
42 9346
45 9273
43 9319
41 9321
56 9351
42 9283
42 9331
42 9270
42 9204
39 9351
43 9305
43 9364
42 9217
44 9301
43 9272
39 9329
43 9331
41 9248
36 9311
46 9323
68 9227
40 9248
52 9276
36 9363
37 9247
41 9315
41 9228
40 9267
43 9305
45 9287
40 9277
42 9302
40 9286
42 9314
39 9294
43 9263
43 9273
40 9303
43 9305
44 9338
41 9263
40 9416
38 9324
43 9288
40 9215
39 9200
58 9265
41 9285
38 9272
39 9271
42 9339
43 9258
39 9274
45 9389
42 9253
61 9258
46 9294
39 9255
44 9326
0 1
39 9321
40 9269
39 9260
37 9341
43 9363
40 9283
39 9281
43 9263
41 9376
42 9302
42 9283
39 9277
43 9302
40 9315
43 9357
38 9234
45 9332
40 9320
36 9207
42 9287
41 9279
39 9263
47 9319
39 9279
42 9222
40 9314
43 9342
38 9348
41 9361
39 9286
45 9310
44 9339
43 9270
45 9249
51 9333
40 9280
46 9296
42 9245
41 9274
41 9324
47 9258
48 9314
50 9277
44 9297
37 9352
42 9337
40 9229
41 9322
54 9205
40 9267
42 9291
46 9303
40 9294
45 9297
48 9277
41 9309
48 9196
43 9362
47 9227
50 9283
39 9381
43 9301
44 9311
42 9275
40 9240
54 9301
45 9317
44 9229
38 9196
42 9288
44 9325
40 9252
0 1
40 9297
44 9284
40 9261
43 9266
42 9281
46 9263
40 9267
42 9357
47 9253
45 9405
44 9317
40 9363
43 9310
46 9419
41 9256
44 9266
39 9308
39 9225
40 9315
41 9310
38 9248
39 9322
40 9310
45 9259
42 9281
44 9269
38 9266
44 9324
41 9282
39 9290
41 9346
44 9297
41 9211
41 9198
40 9269
39 9362
42 9320
38 9237
40 9233
37 9260
37 9277
42 9322
40 9265
41 9318
42 9288
39 9251
0 1
40 9400
45 9281
43 9303
39 9371
40 9316
41 9277
39 9270
43 9359
36 9267
42 9319
42 9207
40 9295
43 9262
42 9225
46 9245
42 9243
42 9337
41 9250
40 9257
40 9289
45 9290
41 9247
47 9318
47 9361
39 9332
43 9286
40 9305
41 9266
45 9268
43 9331
55 9266
41 9275
41 9218
43 9284
38 9257
37 9209
43 9293
39 9319
40 9308
43 9272
43 9223
41 9335
36 9360
40 9218
39 9305
41 9389
43 9299
50 9273
41 9243
41 9252
51 9235
38 9313
45 9346
38 9257
43 9312
39 9169
42 9181
50 9251
37 9257
39 9304
37 9235
42 9325
46 9185
40 9332
41 9297
48 9269
41 9330
41 9276
42 9292
43 9291
39 9291
41 9287
44 9262
39 9210
38 9281
41 9306
41 9294
43 9208
48 9230
40 9324
41 9306
44 9303
43 9399
41 9206
42 9287
39 9253
41 9295
42 9310
44 9297
40 9300
43 9317
40 9394
41 9226
45 9259
46 9296
45 9249
38 9279
43 9286
41 9242
42 9303
41 9291
39 9301
41 9271
43 9258
61 9373
38 9284
41 9199
42 9315
43 9296
41 9298
62 9345
48 9281
0 1
50 9304
41 9309
43 9336
46 9313
45 9285
40 9301
40 9308
77 9242
48 9273
44 9285
41 9275
49 9296
55 9369
42 9308
39 9277
43 9264
39 9310
51 9261
48 9317
41 9340
43 9204
57 9376
40 9232
41 9283
46 9357
51 9304
63 9268
40 9282
41 9353
39 9303
39 9291
45 9259
43 9157
43 9295
42 9351
40 9310
37 9255
43 9338
58 9260
73 9340
43 9307
45 9346
0 1
43 9310
40 9268
41 9360
43 9355
54 9312
43 9213
44 9308
38 9264
43 9246
42 9384
42 9352
41 9308
43 9277
54 9273
43 9284
41 9200
46 9294
44 9316
53 9369
44 9259
50 9341
40 9299
43 9240
47 9322
45 9313
0 1
41 9236
44 9279
45 9289
38 9299
43 9288
50 9255
46 9311
53 9250
42 9312
58 9261
49 9371
66 9311
77 9388
48 9317
47 9230
49 9262
52 9313
45 9287
45 9227
49 9329
47 9309
47 9253
57 9344
38 9310
43 9389
42 9242
58 9255
42 9290
39 9284
48 9258
43 9284
43 9312
41 9326
40 9295
42 9249
46 9323
44 9282
39 9365
0 1
41 9346
40 9348
40 9318
45 9303
39 9336
43 9365
51 9279
47 9173
78 9314
42 9254
48 9303
43 9325
57 9303
48 9283
43 9326
44 9294
41 9345
41 9246
45 9276
51 9287
0 1
47 9267
44 9331
56 9301
42 9307
45 9268
41 9311
41 9258
43 9306
46 9279
41 9248
45 9331
44 9330
44 9270
47 9187
48 9316
39 9273
41 9301
46 9251
42 9260
40 9256
39 9302
40 9266
52 9250
42 9304
47 9220
51 9288
46 9327
39 9326
40 9400
43 9287
63 9344
43 9335
44 9294
46 9207
45 9214
42 9262
43 9326
42 9323
44 9344
43 9322
43 9294
46 9282
44 9306
42 9326
69 9251
42 9280
40 9307
44 9288
48 9325
42 9269
42 9198
64 9217
42 9253
44 9311
50 9275
44 9271
41 9267
38 9359
50 9220
59 9249
41 9308
44 9316
43 9284
55 9286
50 9278
46 9274
42 9308
54 9405
43 9300
39 9424
40 9282
0 1
48 9265
51 9345
63 9280
51 9309
46 9325
46 9285
41 9261
47 9256
82 9289
47 9229
105 9285
39 9323
45 9239
51 9203
47 9361
47 9308
49 9317
70 9190
46 9249
42 9284
43 9290
39 9242
43 9312
47 9301
41 9283
37 9291
39 9312
41 9332
39 9300
46 9217
57 9276
42 9315
42 9267
43 9271
36 9255
40 9219
39 9267
37 9308
44 9292
42 9321
43 9269
44 9328
39 9348
41 9189
40 9364
85 9267
44 9230
74 9238
53 9267
43 9294
45 9289
40 9265
50 9269
48 9370
47 9280
44 9292
43 9314
44 9307
43 9208
45 9349
39 9317
48 9324
42 9283
70 9259
53 9300
52 9211
42 9214
60 9316
46 9323
49 9262
41 9236
42 9326
53 9227
43 9354
42 9327
42 9326
47 9346
48 9323
53 9312
43 9340
43 9285
40 9273
41 9233
45 9361
48 9343
42 9362
39 9247
39 9223
46 9372
67 9305
50 9237
43 9221
41 9253
37 9240
42 9332
45 9348
41 9312
40 9244
40 9280
39 9215
41 9278
40 9382
39 9322
44 9311
53 9314
38 9337
43 9282
39 9327
41 9374
39 9340
53 9294
51 9249
57 9336
0 1
54 9314
40 9238
53 9342
43 9268
40 9250
37 9261
46 9314
42 9264
43 9284
40 9303
42 9353
41 9293
40 9305
47 9278
44 9293
44 9256
44 9270
44 9296
50 9350
56 9276
46 9283
38 9231
42 9314
57 9390
48 9327
44 9347
42 9174
44 9317
46 9234
43 9264
40 9257
44 9323
41 9256
43 9332
40 9249
39 9308
42 9235
42 9253
64 9322
45 9345
40 9274
42 9336
44 9322
44 9242
108 9303
43 9290
46 9335
41 9333
42 9247
41 9291
55 9232
44 9235
43 9274
43 9288
42 9282
40 9249
40 9205
46 9273
41 9299
47 9351
44 9274
42 9281
39 9327
46 9337
41 9274
43 9253
42 9240
45 9245
41 9246
46 9335
43 9285
40 9343
41 9240
46 9294
48 9219
49 9391
43 9170
48 9333
42 9187
39 9294
69 9307
42 9227
57 9237
42 9270
44 9282
55 9261
43 9275
39 9278
96 9341
52 9303
47 9290
43 9237
51 9326
46 9276
44 9296
51 9294
44 9304
43 9301
43 9301
45 9331
42 9313
43 9307
46 9294
40 9349
45 9227
38 9332
45 9251
72 9278
72 9295
41 9277
59 9323
52 9289
42 9416
46 9295
42 9273
0 1
43 9332
44 9326
43 9275
43 9293
45 9338
39 9319
40 9315
41 9344
40 9355
42 9323
43 9312
46 9327
0 1
45 9341
50 9265
40 9296
41 9294
43 9306
46 9277
66 9297
46 9198
46 9284
46 9279
41 9297
40 9330
43 9300
40 9206
43 9270
50 9297
48 9288
42 9237
55 9302
61 9367
42 9235
41 9245
38 9318
41 9153
46 9322
49 9268
47 9262
38 9297
43 9255
52 9336
47 9353
40 9316
51 9237
45 9351
44 9218
54 9297
47 9251
46 9226
50 9319
49 9345
52 9292
47 9221
45 9292
53 9278
41 9268
39 9346
67 9290
38 9256
42 9247
40 9239
47 9251
46 9330
42 9282
65 9277
39 9332
49 9341
41 9261
41 9311
41 9306
42 9233
45 9361
36 9262
38 9350
41 9250
43 9260
43 9268
44 9402
46 9276
0 1
43 9368
58 9242
43 9302
49 9274
52 9232
40 9332
42 9234
38 9318
47 9306
44 9220
46 9286
47 9292
44 9264
46 9374
39 9321
48 9232
43 9301
44 9232
40 9373
50 9291
40 9329
41 9321
41 9333
38 9312
40 9302
37 9294
37 9284
41 9248
39 9347
42 9231
39 9228
42 9272
37 9285
46 9363
45 9243
43 9278
41 9241
41 9395
41 9299
42 9305
43 9316
40 9337
43 9247
42 9230
41 9200
44 9258
41 9326
42 9288
43 9379
43 9293
40 9275
41 9254
43 9309
44 9251
10 4
46 9316
53 9318
0 1
122 9284
40 9262
41 9275
41 9331
116 9218
184 9308
116 9196
41 9352
41 9242
42 9279
43 9250
43 9250
41 9274
44 9335
44 9321
50 9312
51 9295
43 9310
52 9228
43 9295
43 9349
45 9270
39 9379
43 9248
42 9237
40 9284
41 9293
41 9300
42 9356
39 9339
52 9394
40 9276
41 9267
41 9152
41 9210
43 9324
42 9234
39 9336
40 9249
40 9297
37 9240
53 9286
45 9321
39 9306
43 9235
39 9258
44 9391
44 9264
40 9330
40 9284
42 9351
48 9274
40 9225
41 9274
41 9322
38 9220
43 9241
41 9306
40 9230
45 9298
43 9206
41 9294
41 9243
39 9299
43 9250
38 9295
48 9291
39 9260
41 9233
44 9280
42 9178
42 9311
42 9216
0 1
50 9267
43 9256
46 9222
42 9265
55 9393
50 9209
44 9289
41 9342
51 9278
42 9281
40 9228
41 9221
39 9249
44 9204
42 9195
43 9313
42 9306
40 9282
38 9189
40 9278
39 9234
39 9237
42 9260
41 9302
39 9135
41 9349
40 9240
42 9324
41 9353
41 9227
40 9290
41 9280
40 9358
40 9340
40 9346
40 9325
37 9286
67 9225
88 9312
58 9252
62 9368
45 9233
65 9258
43 9275
45 9362
43 9337
43 9266
48 9204
41 9292
52 9252
48 9372
51 9263
54 9306
81 9308
46 9309
41 9284
40 9237
47 9174
45 9339
50 9270
50 9271
39 9237
47 9224
52 9241
40 9244
43 9240
48 9213
68 9295
49 9335
66 9301
53 9270
61 9323
58 9319
52 9249
44 9282
59 9230
54 9199
56 9261
87 9394
68 9302
46 9225
43 9344
39 9150
47 9296
53 9263
43 9376
48 9357
40 9276
49 9263
45 9370
64 9252
46 9377
42 9329
41 9316
56 9363
39 9392
42 9280
57 9226
48 9289
57 9263
51 9357
56 9302
60 9313
51 9334
55 9322
43 9392
49 9263
43 9259
40 9301
39 9250
45 9373
48 9380
58 9299
39 9258
49 9288
42 9280
49 9303
42 9238
40 9339
40 9319
48 9280
46 9316
51 9278
48 9279
55 9301
56 9312
56 9293
49 9370
44 9281
49 9277
41 9207
44 9280
0 1
45 9248
0 1
70 9232
47 9327
55 9354
41 9279
40 9364
49 9243
46 9249
54 9280
79 9294
50 9297
44 9290
48 9268
63 9226
39 9271
47 9275
41 9260
47 9297
42 9284
41 9374
42 9274
40 9264
62 9350
44 9308
42 9330
41 9278
44 9322
48 9302
41 9368
39 9372
45 9209
61 9297
51 9359
43 9258
44 9276
44 9278
42 9307
41 9226
41 9307
48 9358
42 9356
42 9281
41 9301
40 9296
43 9323
45 9193
46 9326
38 9405
46 9196
42 9316
40 9306
41 9338
59 9244
43 9261
55 9268
46 9384
45 9269
0 1
59 9271
70 9315
52 9339
41 9340
45 9333
45 9285
38 9321
42 9301
38 9301
43 9264
40 9221
51 9266
45 9304
47 9381
63 9262
44 9303
54 9237
45 9176
44 9345
55 9329
51 9203
43 9317
53 9269
52 9281
50 9379
50 9289
49 9333
50 9235
41 9250
47 9319
47 9312
41 9322
55 9236
46 9292
43 9253
47 9247
46 9231
45 9309
46 9376
55 9210
47 9219
50 9289
43 9316
57 9345
48 9266
46 9239
55 9186
43 9331
45 9296
56 9219
44 9272
51 9309
50 9273
47 9369
0 1
48 9265
49 9283
39 9352
44 9347
53 9295
46 9263
50 9229
44 9367
47 9283
42 9370
43 9414
49 9231
39 9325
42 9345
46 9336
43 9251
48 9343
43 9266
46 9253
49 9248
42 9378
45 9280
44 9257
40 9260
40 9270
48 9266
85 9363
44 9333
44 9286
47 9343
49 9314
43 9283
54 9349
40 9300
50 9272
42 9354
43 9198
42 9211
40 9276
38 9300
41 9295
40 9274
48 9317
39 9323
42 9322
55 9258
43 9321
55 9371
56 9340
48 9378
51 9373
44 9322
43 9149
46 9361
44 9259
47 9301
42 9319
55 9227
44 9220
0 1
49 9167
57 9269
53 9301
55 9387
52 9327
57 9278
44 9318
49 9294
47 9290
49 9280
53 9267
56 9271
50 9269
45 9299
49 9399
54 9263
49 9265
49 9347
41 9230
46 9310
42 9336
97 9229
43 9337
47 9253
57 9267
44 9213
0 1
55 9311
36 9265
40 9289
44 9337
55 9333
41 9290
42 9315
46 9314
42 9243
44 9389
40 9322
44 9298
43 9306
47 9344
41 9219
45 9198
44 9254
44 9218
48 9250
42 9353
53 9362
46 9270
44 9254
41 9309
43 9309
42 9293
42 9303
41 9371
53 9286
45 9326
42 9271
54 9265
53 9217
56 9315
65 9229
40 9318
44 9227
40 9290
103 9314
73 9301
68 9263
61 9272
69 9309
40 9329
42 9315
48 9238
43 9290
38 9316
42 9364
57 9219
0 1
54 9325
46 9267
82 9350
75 9226
44 9314
52 9334
44 9240
72 9272
48 9194
43 9223
59 9279
53 9267
49 9266
51 9332
0 1
47 9307
55 9260
45 9208
48 9158
43 9207
0 1
57 9375
48 9372
53 9202
58 9311
52 9286
50 9311
46 9289
44 9322
46 9315
41 9325
41 9361
40 9191
64 9286
46 9334
53 9275
46 9214
41 9222
41 9317
45 9299
43 9258
46 9280
39 9335
54 9313
45 9362
57 9327
39 9417
40 9288
53 9333
42 9169
54 9340
41 9221
40 9295
47 9239
42 9306
43 9256
45 9284
55 9273
38 9327
53 9292
55 9306
47 9291
42 9274
42 9265
47 9299
43 9303
45 9310
41 9277
55 9345
54 9351
53 9319
47 9259
52 9249
49 9318
49 9245
49 9314
43 9227
53 9221
42 9270
50 9295
54 9342
55 9305
48 9274
43 9345
50 9360
43 9300
47 9302
89 9221
87 9204
48 9303
48 9216
44 9345
50 9297
46 9235
42 9314
48 9281
52 9327
50 9312
49 9322
51 9282
53 9306
44 9281
45 9323
48 9377
44 9282
40 9221
44 9266
44 9252
45 9325
44 9270
52 9330
48 9260
44 9294
46 9240
47 9305
48 9249
43 9263
42 9355
51 9270
0 1
50 9358
42 9269
47 9297
41 9296
39 9299
44 9305
54 9344
47 9274
46 9306
41 9282
40 9246
41 9287
44 9231
41 9300
39 9295
40 9207
38 9301
39 9243
40 9217
42 9344
43 9287
42 9293
39 9234
41 9307
41 9270
39 9318
45 9313
42 9205
49 9250
40 9206
42 9315
44 9303
40 9336
40 9300
43 9395
39 9346
60 9373
47 9277
42 9325
46 9391
41 9309
48 9282
44 9288
41 9317
47 9332
46 9345
40 9337
52 9271
47 9331
56 9329
6 4
49 9298
88 9203
69 9343
52 9314
57 9298
0 1
44 9282
59 9257
0 1
40 9325
0 1
46 9253
66 9262
75 9270
110 9321
49 9309
40 9335
44 9299
41 9318
42 9295
45 9300
45 9238
45 9276
47 9235
52 9285
39 9219
60 9266
63 9255
45 9316
50 9297
49 9371
47 9341
46 9285
61 9241
54 9268
39 9251
52 9424
40 9349
39 9224
46 9310
40 9164
44 9300
40 9348
53 9333
47 9276
43 9303
41 9370
44 9289
43 9347
46 9261
85 9258
0 1
68 9249
54 9228
53 9311
59 9272
42 9291
44 9274
42 9282
42 9310
39 9379
50 9317
43 9332
39 9281
41 9268
46 9307
45 9306
43 9204
39 9290
40 9296
44 9282
40 9309
42 9329
38 9212
44 9309
43 9262
45 9249
41 9315
42 9315
44 9397
43 9389
47 9387
46 9330
73 9307
48 9276
42 9217
44 9228
42 9248
42 9319
51 9297
43 9292
41 9364
40 9315
40 9151
42 9268
39 9269
43 9296
41 9347
41 9283
36 9240
46 9308
40 9260
39 9303
44 9311
43 9275
39 9268
51 9330
40 9289
40 9350
42 9304
42 9275
43 9242
40 9335
40 9268
40 9348
40 9258
43 9316
44 9234
41 9293
42 9307
42 9279
45 9205
41 9280
39 9255
42 9261
42 9373
41 9184
37 9250
38 9222
42 9267
44 9286
40 9326
42 9322
51 9261
44 9270
42 9328
62 9320
42 9292
51 9400
42 9279
53 9316
41 9326
49 9255
53 9331
45 9313
43 9373
42 9395
45 9371
45 9245
53 9344
46 9302
55 9215
69 9280
0 1
42 9272
52 9284
46 9276
45 9314
44 9252
57 9272
45 9272
40 9275
48 9219
45 9359
52 9234
48 9241
49 9262
43 9321
48 9277
55 9237
45 9327
44 9265
44 9271
44 9317
42 9367
58 9313
38 9231
45 9250
46 9310
43 9289
45 9285
48 9309
50 9310
51 9327
40 9224
41 9248
46 9354
43 9320
41 9319
42 9252
41 9323
40 9285
42 9325
42 9281
46 9278
52 9243
41 9285
45 9319
40 9217
36 9294
44 9270
43 9225
45 9247
46 9251
46 9295
55 9331
55 9238
49 9298
47 9338
46 9342
40 9288
54 9285
44 9265
40 9322
49 9324
41 9198
56 9276
46 9292
42 9235
65 9264
55 9330
72 9280
46 9236
0 1
44 9284
42 9274
40 9302
45 9335
42 9263
42 9267
44 9265
45 9347
40 9288
42 9314
40 9260
37 9196
41 9268
37 9307
43 9284
43 9266
45 9320
46 9301
47 9265
43 9272
44 9307
44 9212
46 9270
44 9313
42 9208
44 9307
44 9333
45 9322
52 9353
41 9315
52 9252
44 9256
45 9159
43 9328
43 9328
59 9271
46 9293
57 9288
42 9260
41 9325
43 9278
43 9253
46 9267
41 9349
41 9172
72 9265
68 9286
67 9303
47 9418
45 9350
39 9296
42 9210
42 9304
40 9302
59 9313
40 9340
43 9253
43 9281
54 9267
46 9343
45 9288
46 9413
44 9268
42 9328
46 9247
44 9307
52 9321
45 9302
46 9246
49 9283
67 9246
56 9413
67 9281
60 9254
0 1
49 9248
46 9304
51 9236
47 9274
48 9266
41 9376
44 9256
38 9285
41 9180
46 9375
50 9256
48 9289
40 9246
52 9328
41 9309
46 9348
53 9214
50 9250
41 9345
89 9296
51 9262
49 9274
42 9209
40 9312
0 1
43 9304
38 9272
40 9279
45 9227
51 9309
43 9283
40 9384
48 9317
43 9364
45 9269
44 9275
57 9264
41 9281
43 9269
69 9255
57 9363
49 9248
66 9310
62 9319
46 9230
59 9314
59 9288
0 1
53 9243
20 3
50 9305
57 9268
50 9319
47 9305
48 9338
44 9211
39 9307
44 9273
52 9284
44 9340
39 9211
38 9208
42 9295
41 9304
44 9351
42 9308
40 9215
41 9306
39 9251
39 9171
46 9283
45 9282
40 9333
40 9283
39 9260
40 9333
39 9365
44 9294
41 9380
44 9314
46 9279
49 9334
46 9391
53 9276
70 9296
44 9244
69 9320
67 9293
46 9209
44 9284
46 9371
42 9268
51 9261
42 9295
41 9263
47 9342
40 9274
45 9246
44 9249
70 9273
73 9305
74 9266
49 9284
49 9272
43 9353
50 9387
55 9341
61 9246
54 9238
42 9323
41 9314
48 9262
42 9291
45 9274
55 9347
54 9250
50 9299
56 9273
48 9332
48 9297
45 9264
38 9248
41 9296
44 9265
48 9290
37 9271
37 9283
40 9240
39 9279
42 9318
47 9222
40 9271
40 9329
37 9277
49 9305
51 9212
38 9315
44 9311
48 9314
42 9301
41 9266
41 9323
46 9281
49 9246
42 9311
44 9327
73 9259
41 9323
40 9243
43 9343
39 9252
43 9284
46 9284
70 9248
41 9297
47 9364
40 9226
49 9264
42 9308
46 9261
48 9268
45 9273
43 9408
55 9301
58 9255
39 9271
38 9331
41 9313
36 9354
41 9332
41 9256
55 9255
40 9337
54 9312
40 9261
41 9363
45 9274
40 9345
41 9239
37 9257
62 9285
41 9199
43 9299
39 9344
39 9307
39 9338
39 9295
42 9307
40 9289
39 9272
55 9260
43 9330
43 9296
42 9292
50 9222
49 9284
57 9242
46 9283
48 9229
46 9337
46 9187
47 9203
43 9330
45 9341
44 9214
41 9345
38 9246
44 9262
61 9252
46 9257
45 9271
41 9292
42 9341
42 9269
42 9343
45 9339
37 9284
40 9278
47 9351
42 9250
45 9317
44 9251
46 9345
47 9324
48 9253
43 9320
45 9280
46 9334
42 9321
38 9327
43 9389
43 9343
46 9391
44 9382
44 9262
46 9358
40 9311
46 9266
38 9278
52 9269
45 9258
39 9253
50 9286
65 9278
45 9225
44 9249
71 9298
72 9342
37 9184
42 9311
57 9324
68 9318
60 9304
43 9293
46 9254
39 9222
42 9301
38 9340
39 9216
41 9314
43 9279
47 9319
45 9246
45 9214
44 9232
47 9279
43 9226
50 9336
48 9279
51 9316
39 9316
62 9324
60 9317
51 9289
57 9333
45 9247
52 9391
48 9282
41 9349
50 9283
40 9314
47 9291
49 9256
40 9289
43 9229
42 9255
46 9341
42 9282
46 9304
47 9215
53 9329
51 9341
46 9303
38 9271
66 9258
58 9274
41 9308
47 9227
43 9223
41 9221
66 9267
53 9292
40 9235
66 9297
41 9327
74 9282
52 9232
48 9339
53 9282
43 9324
51 9344
45 9283
41 9261
48 9269
145 9206
41 9261
49 9332
48 9317
42 9289
43 9354
47 9353
40 9234
45 9281
36 9264
50 9295
43 9312
50 9209
44 9244
45 9319
39 9295
42 9230
53 9319
50 9335
39 9187
57 9286
90 9262
44 9271
43 9350
44 9287
41 9254
40 9144
47 9293
47 9271
43 9268
45 9288
58 9276
0 1
39 9216
40 9268
45 9325
43 9336
44 9401
42 9278
43 9297
40 9196
45 9298
40 9397
46 9214
40 9345
47 9298
39 9279
52 9300
47 9227
47 9256
39 9316
49 9263
45 9270
46 9310
45 9281
40 9333
47 9207
54 9288
44 9282
38 9211
43 9301
43 9317
47 9332
53 9284
39 9222
43 9318
48 9265
43 9296
46 9269
52 9352
39 9302
62 9294
57 9263
48 9220
51 9311
56 9286
56 9299
40 9335
51 9369
47 9256
45 9232
41 9271
59 9318
45 9258
40 9239
123 9251
101 9258
93 9273
70 9299
45 9288
50 9296
38 9337
44 9303
44 9372
41 9332
50 9326
44 9253
41 9327
62 9393
64 9232
45 9226
45 9297
42 9298
41 9172
46 9284
48 9370
45 9357
41 9315
45 9336
37 9273
47 9364
37 9248
40 9355
46 9307
45 9296
43 9321
41 9395
38 9338
46 9207
48 9377
43 9214
39 9414
42 9237
40 9311
40 9333
41 9261
43 9351
46 9257
40 9195
41 9342
40 9295
41 9365
44 9375
44 9332
55 9310
38 9299
41 9330
38 9274
39 9272
49 9344
40 9302
39 9264
43 9266
41 9290
41 9244
47 9296
46 9268
38 9318
41 9379
41 9272
45 9244
41 9298
43 9244
40 9372
54 9377
50 9372
42 9242
41 9337
42 9277
46 9227
43 9274
44 9202
43 9199
47 9323
42 9256
38 9148
44 9263
55 9296
41 9312
57 9238
59 9298
54 9291
47 9269
62 9326
48 9300
46 9332
53 9387
62 9270
74 9320
0 1
40 9194
45 9294
40 9305
44 9237
40 9328
44 9210
48 9313
48 9245
44 9286
48 9334
42 9247
41 9236
41 9337
45 9229
40 9268
45 9225
39 9419
57 9288
43 9289
73 9281
39 9262
47 9333
37 9228
47 9320
40 9322
42 9310
47 9290
41 9308
63 9210
49 9294
41 9281
50 9268
40 9305
40 9266
40 9249
44 9317
44 9338
44 9284
43 9203
42 9242
40 9297
41 9352
41 9315
86 9362
46 9275
42 9230
42 9252
43 9318
53 9299
64 9258
49 9286
40 9320
46 9256
42 9238
44 9308
43 9270
51 9286
56 9325
50 9224
49 9294
46 9211
46 9320
45 9329
39 9338
43 9282
44 9404
43 9355
43 9336
44 9282
51 9254
41 9314
45 9382
39 9203
43 9362
40 9323
41 9384
51 9258
39 9284
45 9285
49 9301
43 9354
41 9301
42 9244
44 9268
45 9332
62 9249
39 9329
45 9267
41 9317
42 9297
42 9296
41 9179
41 9253
42 9287
39 9369
48 9393
43 9249
43 9220
50 9310
42 9327
48 9257
50 9239
52 9300
47 9279
43 9323
51 9214
41 9344
43 9329
47 9208
52 9302
41 9269
90 9287
38 9255
44 9267
40 9246
41 9294
40 9266
40 9278
47 9281
46 9217
63 9346
43 9232
47 9359
47 9258
67 9263
48 9280
58 9373
46 9322
44 9269
39 9270
42 9273
37 9233
51 9230
42 9257
49 9287
46 9344
44 9160
46 9182
41 9275
39 9361
42 9356
43 9248
47 9351
42 9305
39 9323
40 9316
55 9237
59 9270
95 9340
58 9325
60 9316
53 9355
60 9295
52 9275
42 9328
64 9312
39 9190
41 9318
41 9268
44 9239
50 9315
49 9291
64 9280
47 9275
40 9270
44 9332
38 9232
57 9279
42 9338
43 9353
35 9309
38 9313
48 9262
42 9242
42 9208
48 9351
44 9286
42 9252
41 9310
39 9233
60 9252
41 9258
44 9280
45 9308
41 9305
52 9357
44 9280
51 9345
41 9284
49 9301
47 9316
44 9384
59 9234
63 9326
54 9326
47 9306
73 9275
40 9330
43 9356
45 9258
51 9330
46 9294
44 9196
47 9297
43 9254
93 9345
86 9307
106 9338
51 9331
63 9327
49 9291
71 9292
54 9214
50 9153
46 9277
45 9355
42 9249
48 9328
46 9223
55 9281
43 9347
50 9342
58 9306
56 9342
47 9188
43 9289
48 9297
45 9232
47 9241
45 9345
46 9357
42 9287
51 9328
53 9287
53 9215
47 9314
42 9359
40 9316
43 9312
42 9316
54 9378
40 9329
0 1
57 9360
42 9288
55 9265
120 9271
52 9289
50 9288
32 3
49 9276
45 9339
64 9216
44 9258
44 9258
39 9303
46 9312
37 9230
38 9296
42 9315
43 9266
50 9158
40 9262
10 2
58 9309
98 9335
96 9303
60 9257
43 9225
58 9229
42 9328
45 9240
51 9310
51 9240
45 9293
64 9350
68 9294
0 1
60 9344
43 9363
48 9301
50 9383
41 9291
44 9282
43 9234
44 9301
39 9250
40 9273
36 9294
44 9392
44 9262
50 9308
45 9335
59 9322
49 9361
41 9336
43 9334
51 9360
47 9285
37 9337
43 9252
52 9337
45 9273
130 9231
43 9284
62 9333
46 9276
75 9314
88 9215
104 9298
56 9289
42 9302
38 9314
51 9252
71 9224
42 9281
47 9326
50 9349
52 9283
44 9214
44 9255
44 9346
0 1
45 9329
41 9270
41 9428
45 9366
39 9325
40 9301
47 9290
42 9335
47 9325
43 9223
46 9341
42 9262
41 9347
42 9293
45 9321
56 9335
63 9284
50 9325
44 9257
46 9267
41 9248
47 9328
46 9307
43 9268
47 9352
48 9332
51 9278
47 9264
44 9371
40 9305
45 9328
37 9276
47 9329
41 9333
41 9284
49 9274
45 9233
38 9297
45 9289
59 9312
40 9213
40 9217
42 9277
47 9286
40 9194
51 9275
41 9321
44 9362
45 9279
52 9294
46 9221
41 9231
41 9298
63 9305
43 9178
56 9371
57 9307
38 9377
43 9295
49 9408
50 9214
43 9264
45 9306
43 9302
49 9307
48 9262
48 9348
43 9324
40 9284
58 9286
39 9318
45 9338
43 9375
43 9312
39 9249
64 9339
45 9314
46 9289
49 9384
39 9335
39 9202
43 9361
62 9321
54 9337
43 9317
41 9275
42 9250
44 9281
43 9285
50 9331
51 9324
42 9269
53 9280
51 9244
43 9307
38 9335
45 9212
44 9295
46 9327
39 9229
41 9276
43 9405
43 9294
46 9342
42 9309
41 9377
40 9292
40 9337
46 9273
42 9284
45 9270
41 9345
41 9265
52 9278
45 9331
53 9304
43 9261
44 9257
47 9188
49 9365
44 9296
53 9250
41 9342
47 9346
44 9318
0 1
53 9268
47 9268
59 9260
60 9390
50 9343
51 9298
39 9257
50 9289
46 9306
43 9275
48 9225
43 9352
70 9295
42 9309
42 9321
43 9288
47 9327
45 9314
50 9261
45 9339
37 9247
41 9336
55 9307
50 9364
44 9366
43 9261
41 9316
46 9295
42 9302
46 9336
44 9281
46 9368
43 9280
45 9301
42 9281
52 9353
45 9292
45 9305
44 9270
50 9186
56 9358
44 9298
44 9200
52 9316
43 9301
45 9263
54 9250
73 9270
92 9209
59 9275
0 1
56 9270
136 9245
64 9374
46 9279
41 9206
54 9298
54 9305
75 9278
44 9227
0 1
54 9249
59 9347
53 9319
66 9225
54 9310
53 9220
49 9273
61 9264
60 9220
64 9350
39 9304
41 9300
57 9366
0 1
56 9241
42 9269
68 9297
46 9314
54 9249
47 9282
46 9272
52 9173
43 9169
93 9314
78 9270
46 9276
45 9290
48 9339
45 9313
52 9326
44 9387
50 9309
45 9360
44 9279
43 9240
43 9225
40 9352
40 9333
47 9169
43 9236
40 9320
45 9256
44 9288
43 9342
43 9256
42 9343
42 9264
39 9259
49 9218
47 9377
44 9291
47 9250
54 9361
56 9310
52 9301
43 9310
57 9280
46 9258
42 9339
45 9288
42 9311
49 9259
43 9259
43 9371
42 9259
51 9259
45 9238
58 9308
42 9291
42 9262
42 9302
47 9302
44 9288
43 9365
44 9285
76 9296
46 9253
48 9277
45 9294
47 9363
39 9319
41 9354
43 9276
45 9234
39 9280
40 9305
41 9256
42 9232
45 9232
42 9298
0 1
47 9226
46 9290
39 9358
54 9328
43 9372
44 9244
40 9334
51 9390
49 9272
58 9308
45 9302
54 9307
46 9309
53 9334
44 9239
55 9265
51 9362
54 9168
49 9238
73 9307
44 9268
44 9274
45 9312
41 9296
41 9212
45 9276
26 2
92 9342
40 9283
42 9281
38 9278
42 9228
41 9390
39 9321
72 9287
42 9220
52 9233
43 9298
52 9288
42 9396
46 9263
42 9302
46 9304
64 9256
54 9314
48 9334
40 9338
47 9278
43 9324
43 9248
39 9273
49 9276
53 9281
49 9359
57 9254
43 9325
45 9315
44 9252
63 9293
52 9259
55 9211
41 9283
48 9355
42 9304
40 9252
44 9334
58 9259
43 9341
44 9248
42 9271
42 9301
43 9343
43 9280
49 9362
43 9269
48 9296
44 9307
66 9280
41 9286
44 9210
45 9333
57 9255
42 9346
50 9310
58 9306
42 9257
41 9294
42 9245
51 9295
44 9305
49 9264
44 9240
41 9335
48 9331
44 9324
41 9266
43 9304
39 9312
76 9430
75 9303
70 9394
49 9276
86 9215
50 9367
42 9330
44 9320
51 9268
42 9243
43 9359
60 9184
41 9204
47 9274
48 9363
42 9255
56 9290
45 9294
49 9326
47 9278
49 9241
41 9253
49 9241
0 1
81 9311
47 9344
53 9263
45 9200
43 9275
49 9220
47 9318
43 9285
40 9299
39 9253
43 9226
49 9263
40 9273
45 9286
41 9337
42 9377
77 9316
37 9259
39 9276
45 9256
42 9296
42 9358
45 9243
44 9319
58 9335
55 9258
50 9225
53 9294
50 9241
46 9320
44 9339
46 9269
44 9244
46 9371
46 9251
41 9271
46 9317
42 9181
48 9332
65 9235
55 9228
66 9366
59 9346
42 9206
45 9302
47 9260
44 9217
44 9246
39 9279
66 9307
40 2
65 9279
57 9287
50 9371
51 9311
49 9331
52 9250
43 9296
43 9298
44 9240
38 9286
43 9279
50 9331
43 9351
47 9230
42 9269
41 9204
59 9251
53 9352
44 9324
46 9323
41 9317
42 9271
42 9245
46 9316
48 9254
44 9310
45 9235
48 9244
40 9282
49 9250
46 9270
45 9258
46 9272
51 9239
77 9332
47 9318
43 9253
65 9321
48 9305
44 9269
42 9165
42 9316
40 9275
40 9214
47 9334
41 9278
47 9323
42 9345
44 9337
46 9300
89 9227
39 9381
44 9293
66 9224
45 9356
46 9360
71 9261
46 9264
47 9347
40 9261
45 9213
52 9276
45 9360
48 9346
85 9199
41 9201
47 9341
43 9238
41 9274
49 9363
47 9353
0 1
41 9303
40 9299
60 9326
52 9353
39 9259
43 9287
41 9235
39 9179
56 9238
42 9389
44 9349
42 9328
42 9287
93 9331
44 9289
54 9241
46 9303
50 9250
44 9260
43 9312
49 9299
44 9367
42 9406
42 9338
45 9321
91 9271
52 9320
89 9316
42 9250
44 9284
46 9295
54 9302
41 9352
88 9193
53 9276
52 9264
48 9398
43 9246
46 9393
49 9266
49 9289
44 9226
44 9338
48 9311
42 9300
47 9270
43 9278
47 9233
50 9303
42 9301
56 9337
92 9295
47 9408
46 9371
70 9364
65 9259
50 9175
52 9287
47 9287
42 9256
43 9306
42 9313
45 9278
38 9217
47 9287
45 9328
42 9246
39 9264
43 9254
67 9310
55 9221
42 9237
46 9235
52 9228
54 9348
79 9329
42 9189
50 9406
40 9259
55 9206
46 9267
41 9284
44 9278
49 9235
44 9458
45 9311
40 9322
40 9364
43 9337
41 9268
48 9281
41 9277
59 9306
42 9304
49 9319
48 9282
51 9352
40 9205
63 9295
44 9283
41 9307
47 9343
45 9322
43 9258
48 9308
42 9258
45 9338
42 9399
56 9329
47 9273
47 9206
47 9253
49 9263
49 9208
47 9242
45 9295
48 9309
47 9264
55 9292
49 9346
51 9263
40 9334
51 9285
43 9321
71 9344
46 9262
39 9359
44 9356
42 9337
41 9291
47 9314
56 9209
50 9315
44 9328
48 9271
50 9322
47 9262
42 9304
42 9363
47 9333
45 9323
52 9334
85 9207
68 9299
48 9299
42 9223
57 9315
51 9317
44 9346
51 9285
39 9292
42 9284
42 9277
39 9286
70 9358
38 9317
43 9273
48 9363
45 9304
46 9359
0 1
52 9338
49 9258
51 9295
60 9313
56 9289
48 9379
44 9330
42 9286
50 9253
45 9292
47 9261
60 9399
47 9295
45 9245
45 9362
45 9270
50 9291
59 9336
42 9279
42 9397
42 9292
46 9235
43 9274
44 9278
53 9284
56 9356
42 9238
49 9318
50 9273
62 9291
4 2
56 9288
43 9345
47 9277
46 9321
40 9298
56 9345
47 9247
45 9369
57 9260
46 9260
47 9282
49 9230
63 9279
46 9297
39 9235
45 9309
43 9307
44 9288
49 9242
43 9274
55 9335
41 9306
40 9324
50 9281
39 9347
40 9288
38 9318
38 9207
40 9250
45 9341
44 9280
48 9274
41 9304
40 9280
38 9356
10 2
93 9281
65 9345
87 9340
74 9302
73 9264
55 9373
42 9253
62 9276
51 9292
55 9239
71 9300
43 9292
44 9279
44 9306
51 9350
49 9237
46 9290
59 9376
47 9281
43 9313
40 9241
47 9270
40 9238
49 9356
51 9277
51 9306
87 9217
59 9262
73 9336
60 9229
65 9337
57 9171
60 9293
42 9236
0 1
47 9369
47 9336
62 9324
48 9243
48 9281
54 9221
54 9330
57 9325
41 9302
92 9300
46 9347
52 9294
50 9319
43 9267
43 9199
48 9282
54 9309
48 9295
44 9363
40 9266
52 9279
59 9273
51 9232
46 9164
79 9305
50 9252
41 9191
45 9275
65 9290
52 9339
47 9304
60 9300
62 9268
45 9322
41 9292
44 9241
40 9389
44 9300
45 9253
40 9324
50 9326
44 9235
47 9231
42 9422
70 9334
53 9253
0 1
45 9274
39 9249
45 9280
43 9248
0 1
48 9255
48 9298
51 9389
48 9302
51 9242
44 9232
49 9254
58 9334
57 9268
52 9342
50 9161
62 9393
52 9292
46 9212
44 9266
47 9276
44 9312
47 9323
43 9316
39 9244
70 9254
97 9271
55 9236
54 9284
50 9256
46 9307
42 9313
46 9340
73 9244
44 9318
48 9304
62 9261
60 9276
46 9310
53 9318
60 9264
49 9315
52 9272
40 9313
46 9318
64 9232
45 9260
93 9298
87 9324
96 9325
49 9214
74 9258
45 9338
48 9243
66 9288
50 9268
53 9323
47 9279
47 9397
37 9288
43 9314
43 9356
43 9336
40 9291
58 9336
56 9267
40 9167
45 9284
42 9343
41 9259
50 9268
49 9226
44 9239
42 9292
61 9282
49 9248
46 9195
46 9343
38 9302
41 9348
46 9304
55 9299
45 9278
68 9239
47 9345
80 9310
40 9204
43 9310
46 9278
45 9275
45 9313
46 9375
49 9276
39 9244
72 9368
41 9269
40 9368
42 9310
37 9282
50 9232
0 1
47 9334
45 9296
42 9354
41 9343
42 9278
41 9331
45 9347
44 9285
43 9288
40 9228
42 9338
49 9179
40 9291
54 9328
40 9334
56 9303
43 9308
42 9300
43 9344
44 9302
39 9367
40 9326
49 9360
38 9260
40 9281
44 9264
53 9235
43 9346
45 9316
46 9336
37 9263
40 9335
40 9308
0 1
46 9306
0 1
39 9317
37 9297
41 9284
45 9335
39 9260
49 9263
44 9314
41 9258
42 9324
42 9263
43 9378
38 9302
43 9284
42 9276
38 9254
59 9342
51 9385
49 9304
68 9309
52 9248
55 9250
44 9331
45 9326
46 9283
41 9299
47 9207
41 9370
45 9267
47 9344
56 9365
43 9307
46 9302
46 9282
41 9338
39 9229
44 9265
40 9272
39 9310
38 9267
48 9240
44 9291
50 9238
38 9329
42 9198
43 9259
51 9264
46 9240
63 9368
46 9325
72 9267
51 9282
46 9356
47 9271
44 9277
46 9326
62 9257
43 9306
61 9284
55 9345
46 9303
43 9232
46 9265
47 9299
42 9353
53 9284
0 1
49 9271
48 9262
73 9301
78 9259
53 9262
53 9267
47 9351
42 9270
44 9287
52 9297
60 9348
54 9255
64 9316
43 9306
62 9318
43 9312
49 9224
48 9333
40 9286
60 9311
62 9303
39 9262
85 9254
48 9277
47 9221
45 9163
54 9288
39 9342
46 9268
43 9240
43 9360
41 9322
63 9332
53 9288
57 9263
47 9322
43 9286
56 9259
44 9273
48 9394
51 9332
45 9296
45 9272
48 9301
136 9198
44 9401
39 9322
44 9278
44 9347
44 9299
54 9224
41 9331
45 9298
48 9250
48 9293
66 9367
58 9307
60 9302
45 9257
48 9322
80 9294
0 1
43 9229
47 9251
36 9263
40 9291
47 9306
43 9343
43 9296
40 9318
46 9286
43 9292
41 9340
40 9272
46 9200
44 9253
42 9328
41 9277
44 9250
45 9192
45 9322
39 9248
45 9251
42 9242
44 9282
39 9420
48 9333
50 9266
45 9314
42 9322
36 9262
40 9297
41 9357
40 9305
0 1
42 9367
44 9259
38 9258
84 9333
2 2
68 9208
49 9290
44 9347
48 9340
50 9297
46 9240
49 9351
49 9259
47 9300
44 9280
44 9259
52 9332
46 9293
43 9312
48 9285
51 9332
45 9307
51 9314
42 9287
45 9369
52 9384
41 9330
57 9299
45 9354
70 9264
39 9271
47 9375
40 9301
40 9366
51 9357
56 9330
41 9254
59 9294
66 9281
80 9337
124 9250
55 9275
52 9338
62 9233
51 9323
45 9214
73 9290
50 9244
39 9277
43 9324
45 9290
48 9327
67 9262
56 9383
45 9325
41 9349
62 9291
44 9286
39 9255
42 9318
43 9357
40 9333
41 9306
42 9268
60 9336
46 9253
39 9279
42 9289
47 9322
57 9274
71 9353
58 9253
60 9326
50 9306
45 9295
39 9351
45 9322
47 9304
46 9270
39 9293
38 9230
42 9262
62 9201
43 9322
47 9246
39 9234
50 9201
52 9318
44 9258
42 9354
47 9329
51 9337
50 9289
54 9280
49 9301
1 2
48 9224
39 9323
49 9312
44 9227
48 9251
45 9229
59 9371
50 9302
60 9320
86 9342
66 9194
43 9246
64 9278
51 9353
50 9220
44 9279
56 9272
40 9357
41 9267
42 9274
44 9397
43 9266
50 9213
45 9251
44 9190
70 9240
47 9278
43 9289
40 9254
49 9338
51 9291
48 9330
64 9198
42 9276
60 9322
46 9339
43 9322
64 9298
50 9205
47 9300
67 9351
41 9283
40 9371
45 9320
48 9275
48 9368
39 9378
48 9313
38 9247
45 9260
42 9326
44 9269
48 9283
54 9299
59 9297
42 9336
44 9314
40 9290
42 9298
51 9279
38 9282
44 9265
42 9294
40 9248
46 9393
43 9354
61 9305
45 9321
41 9245
62 9304
49 9185
91 9258
48 9336
50 9285
51 9287
46 9284
46 9300
46 9280
43 9398
43 9315
40 9332
43 9285
60 9302
45 9302
0 1
39 9423
79 9269
55 9291
44 9282
43 9366
43 9285
43 9288
55 9268
30 3
43 9274
41 9290
48 9307
52 9323
43 9266
50 9314
43 9327
44 9270
68 9291
47 9276
50 9322
61 9231
54 9341
73 9285
46 9239
42 9320
40 9262
43 9307
0 1
48 9328
40 9290
47 9273
43 9203
44 9310
50 9244
44 9297
44 9240
58 9258
38 9290
58 9306
49 9282
51 9341
48 9332
46 9354
42 9213
61 9322
52 9200
44 9235
47 9328
47 9295
44 9368
42 9260
42 9271
40 9332
46 9206
48 9265
58 9279
65 9324
85 9312
55 9301
61 9257
54 9271
41 9338
44 9316
74 9340
48 9307
43 9205
49 9323
44 9386
42 9264
56 9256
47 9335
51 9277
45 9279
63 9214
46 9207
41 9282
41 9254
40 9317
44 9285
41 9281
46 9257
45 9350
41 9298
46 9347
46 9350
41 9334
45 9332
51 9279
45 9359
87 9305
70 9214
50 9272
44 9290
41 9293
49 9290
41 9290
42 9233
43 9286
65 9302
68 9386
46 9273
74 9304
47 9254
75 9219
53 9329
40 9250
39 9339
44 9361
47 9236
39 9291
46 9286
41 9244
42 9293
78 9297
41 9198
51 9264
46 9243
61 9319
47 9164
50 9315
42 9357
48 9232
61 9296
72 9325
49 9244
41 9269
46 9367
45 9362
41 9307
45 9207
88 9289
61 9314
121 9231
45 9362
66 9268
41 9174
45 9315
40 9312
44 9277
39 9366
45 9300
59 9333
0 1
43 9322
49 9227
42 9230
40 9303
41 9315
70 9247
56 9337
54 9247
55 9362
68 9237
74 9236
55 9202
58 9334
55 9335
71 9287
60 9256
64 9303
47 9254
66 9349
40 9257
54 9349
41 9245
41 9312
47 9354
43 9203
41 9313
42 9286
48 9304
45 9236
44 9303
48 9219
40 9344
61 9336
46 9266
104 9280
42 9377
51 9247
52 9329
63 9325
10 3
54 9099
43 9218
43 9251
46 9209
49 9266
43 9260
52 9248
48 9272
49 9233
52 9341
62 9275
49 9405
106 9261
43 9332
65 9270
60 9263
47 9304
44 9263
63 9291
47 9318
50 9315
0 1
40 9218
46 9205
44 9306
49 9271
43 9328
79 9339
44 9293
57 9366
49 9299
46 9271
43 9265
55 9273
43 9199
50 9267
46 9339
50 9277
47 9257
39 9266
49 9276
44 9303
52 9297
54 9274
52 9274
77 9309
46 9368
51 9238
54 9324
6 2
14 2
40 9208
46 9234
47 9254
51 9331
46 9299
45 9214
48 9173
44 9253
41 9283
43 9311
50 9189
0 1
49 9318
44 9276
46 9236
48 9264
47 9235
47 9311
49 9312
53 9213
44 9382
39 9355
52 9372
42 9316
43 9255
45 9271
44 9300
47 9370
50 9289
59 9282
56 9275
62 9289
42 9304
48 9220
101 9257
40 9266
40 9241
40 9282
41 9388
48 9266
39 9360
40 9316
43 9220
54 9315
49 9369
76 9313
48 9318
51 9237
40 9315
43 9257
42 9255
64 9286
50 9299
59 9261
57 9256
51 9286
50 9320
54 9187
0 1
75 9210
40 9290
44 9289
42 9393
45 9350
44 9335
73 9308
99 9275
47 9335
44 9340
43 9191
43 9325
45 9276
44 9278
42 9205
43 9219
46 9352
44 9323
45 9251
42 9331
57 9318
43 9332
53 9295
70 9315
53 9250
61 9255
94 9316
51 9256
0 1
49 9312
5 2
49 9362
38 9272
66 9382
42 9299
50 9220
42 9291
40 9331
44 9269
49 9300
43 9300
42 9298
42 9277
46 9350
40 9322
68 9372
64 9309
43 9291
48 9330
51 9278
43 9294
42 9266
40 9284
43 9341
61 9217
44 9318
59 9338
38 9184
39 9239
50 9345
46 9280
41 9259
45 9310
49 9330
45 9240
0 1
37 9248
41 9233
47 9242
39 9323
41 9373
41 9357
49 9172
46 9287
45 9247
40 9270
45 9295
41 9324
41 9325
44 9242
48 9327
39 9326
55 9274
50 9244
43 9246
44 9313
45 9272
56 9331
47 9234
65 9315
45 9306
55 9290
75 9236
68 9267
45 9338
75 9326
51 9338
42 9249
46 9377
39 9339
57 9216
46 9276
63 9296
44 9396
56 9211
41 9325
44 9322
41 9255
48 9396
45 9336
46 9304
46 9228
42 9294
50 9263
46 9235
45 9228
40 9273
54 9269
45 9267
45 9315
39 9305
43 9395
42 9280
45 9261
44 9314
44 9267
43 9342
41 9203
51 9250
44 9333
48 9245
57 9320
42 9256
44 9234
42 9348
73 9274
42 9380
44 9300
42 9342
46 9364
44 9227
44 9388
40 9367
59 9391
49 9346
56 9335
41 9369
52 9293
41 9286
48 9328
64 9363
0 1
42 9208
46 9301
58 9277
61 9288
44 9303
45 9319
49 9266
47 9228
64 9355
48 9267
48 9283
61 9232
45 9275
44 9315
43 9261
49 9247
49 9375
41 9295
40 9228
49 9357
40 9260
41 9310
46 9297
52 9255
71 9365
42 9335
42 9254
38 9290
49 9329
41 9296
56 9247
42 9356
43 9373
43 9336
45 9298
42 9257
81 9308
103 9317
52 9275
43 9309
38 9290
42 9225
44 9276
55 9309
43 9263
38 9241
50 9333
45 9320
51 9311
48 9258
46 9304
49 9344
47 9234
44 9294
48 9345
48 9224
47 9308
42 9279
48 9341
49 9279
52 9363
49 9277
45 9324
41 9206
44 9330
44 9315
43 9292
40 9223
41 9263
42 9314
38 9342
68 9261
42 9277
40 9216
42 9341
71 9331
0 1
40 9274
41 9285
46 9331
39 9194
56 9338
51 9398
47 9265
40 9269
40 9261
42 9226
39 9252
42 9196
41 9339
48 9351
55 9261
42 9249
48 9318
40 9266
50 9242
46 9244
50 9289
43 9295
42 9351
42 9350
52 9330
55 9270
37 9206
49 9220
48 9276
55 9408
48 9366
39 9253
39 9242
95 9255
50 9246
45 9304
46 9230
49 9272
47 9259
131 9279
48 9284
41 9311
55 9229
62 9344
43 9179
46 9314
45 9286
41 9280
44 9310
62 9261
44 9140
50 9288
53 9319
42 9242
40 9446
40 9296
49 9324
40 9198
43 9315
46 9274
49 9321
43 9283
60 9324
40 9288
55 9289
42 9371
41 9291
43 9272
44 9314
43 9277
39 9315
40 9301
37 9297
41 9280
43 9285
48 9255
40 9328
42 9286
45 9344
54 9302
49 9301
40 9251
46 9291
49 9208
62 9266
75 9400
43 9267
62 9396
44 9294
47 9240
48 9292
51 9190
54 9240
49 9346
44 9262
45 9309
109 9246
44 9292
44 9342
50 9209
110 9332
45 9251
43 9306
51 9234
45 9273
42 9297
48 9236
42 9209
52 9283
39 9312
41 9295
50 9296
49 9292
63 9326
44 9290
54 9330
39 9341
41 9326
42 9295
47 9226
65 9321
42 9311
40 9325
49 9308
41 9301
63 9286
41 9304
48 9260
55 9298
40 9194
57 9259
43 9249
43 9264
43 9322
43 9199
41 9291
50 9254
52 9216
43 9286
43 9303
43 9199
39 9297
41 9302
45 9198
46 9232
44 9285
42 9190
41 9312
55 9370
75 9281
52 9329
52 9232
61 9217
46 9279
40 9296
38 9229
47 9348
57 9270
42 9315
43 9217
41 9353
55 9270
47 9296
42 9286
60 9277
121 9289
40 9280
40 9312
45 9242
45 9279
93 9314
46 9229
42 9309
45 9279
44 9266
49 9301
43 9272
41 9272
42 9269
42 9359
42 9329
43 9283
44 9406
45 9223
40 9237
45 9392
60 9341
48 9357
42 9245
50 9265
40 9210
48 9209
48 9250
46 9209
58 9313
64 9266
45 9311
42 9324
62 9253
41 9256
44 9271
41 9243
43 9383
51 9353
52 9284
43 9234
61 9280
49 9331
72 9398
50 9293
47 9354
49 9318
57 9267
47 9327
44 9270
50 9275
42 9302
0 1
50 9325
46 9350
62 9290
43 9303
67 9348
51 9268
0 1
55 9172
48 9281
50 9256
42 9220
40 9262
49 9319
48 9264
55 9235
87 9285
53 9381
43 9187
40 9316
41 9246
45 9303
51 9278
40 9254
45 9254
41 9265
45 9255
41 9318
48 9327
58 9250
44 9247
41 9252
41 9334
44 9247
44 9290
81 9240
41 9290
38 9345
47 9299
42 9250
1 2
46 9324
40 9214
44 9287
54 9285
124 9309
44 9195
53 9258
53 9303
51 9265
48 9365
57 9314
45 9265
53 9324
46 9337
59 9299
45 9299
43 9256
52 9299
43 9209
43 9287
47 9318
47 9309
45 9287
104 9305
104 9332
59 9238
43 9334
40 9301
58 9310
45 9357
51 9327
50 9261
56 9159
54 9306
68 9280
54 9302
52 9312
44 9305
47 9306
43 9323
50 9343
54 9290
48 9226
74 9210
64 9353
51 9347
57 9243
51 9329
53 9275
60 9346
57 9275
44 9369
45 9222
43 9287
44 9331
51 9320
45 9262
43 9283
47 9263
50 9287
44 9256
47 9242
79 9254
63 9336
45 9329
56 9252
39 9307
43 9332
46 9245
56 9223
39 9329
51 9296
42 9322
56 9347
50 9335
47 9313
55 9316
60 9193
0 1
40 9307
49 9174
47 9263
44 9272
40 9214
60 9225
45 9250
41 9295
48 9251
41 9219
43 9286
41 9238
48 9318
54 9210
46 9224
73 9309
46 9233
45 9293
48 9298
46 9263
43 9297
46 9252
57 9248
57 9293
43 9249
46 9227
42 9360
0 1
56 9303
40 9305
47 9269
57 9378
53 9236
0 1
43 9290
48 9266
82 9369
49 9279
74 9253
43 9236
42 9349
0 1
49 9263
42 9341
53 9298
60 9251
45 9328
54 9285
58 9311
53 9318
50 9254
48 9336
51 9225
71 9298
44 9218
43 9265
54 9272
44 9261
44 9338
73 9303
52 9341
39 9281
41 9298
48 9314
47 9340
42 9333
38 9334
69 9293
42 9279
41 9305
45 9201
51 9273
54 9294
46 9289
44 9233
48 9286
50 9259
44 9303
59 9317
42 9239
45 9223
46 9221
50 9342
52 9250
47 9215
45 9256
50 9328
47 9340
43 9324
53 9353
55 9274
61 9311
101 9247
52 9346
44 9234
46 9187
44 9362
46 9340
46 9276
41 9291
37 9394
44 9288
47 9255
41 9291
42 9305
41 9319
0 1
48 9294
46 9291
52 9234
45 9374
46 9300
41 9270
63 9240
48 9303
70 9260
52 9371
47 9265
58 9223
50 9362
47 9209
47 9338
51 9250
44 9260
52 9265
51 9407
41 9368
43 9402
83 9277
47 9367
47 9220
49 9406
43 9238
41 9247
58 9284
44 9278
60 9243
68 9345
46 9265
63 9256
103 9416
56 9370
59 9396
55 9304
60 9248
51 9212
57 9298
44 9265
52 9375
46 9251
51 9306
43 9319
43 9305
46 9375
42 9376
43 9302
44 9286
41 9275
45 9358
58 9275
3 2
43 9322
74 9335
119 9220
53 9357
0 1
48 9333
45 9351
47 9333
40 9184
51 9253
47 9270
82 9271
46 9296
41 9209
44 9258
54 9219
52 9277
65 9305
49 9277
40 9304
43 9260
64 9326
46 9288
46 9216
47 9292
44 9313
42 9305
43 9305
44 9253
39 9225
46 9332
58 9281
62 9356
46 9298
45 9299
44 9248
57 9213
45 9305
42 9372
38 9329
86 9299
41 9361
44 9324
46 9317
42 9290
44 9300
42 9231
51 9263
43 9211
44 9181
0 1
49 9285
41 9280
47 9189
67 9317
0 1
42 9329
51 9334
67 9396
57 9315
64 9329
58 9279
58 9342
64 9222
47 9284
45 9295
44 9172
44 9239
58 9296
45 9348
59 9300
48 9313
46 9288
69 9303
0 1
45 9234
44 9231
47 9273
47 9328
56 9309
74 9353
43 9297
39 2
38 9256
45 9302
41 9295
41 9245
47 9277
42 9285
43 9331
42 9277
46 9400
41 9324
44 9222
42 9234
40 9276
40 9364
44 9381
55 9321
49 9299
43 9241
61 9262
58 9273
74 9285
64 9264
49 9293
48 9293
48 9241
55 9265
43 9328
44 9256
40 9344
58 9377
56 9256
53 9294
67 9268
43 9247
47 9409
63 9224
72 9247
42 9240
50 9319
57 9238
61 9235
0 1
48 9279
47 9321
48 9297
48 9307
57 9199
56 9312
63 9311
41 9308
103 9265
82 9384
47 9327
49 9297
39 9295
43 9272
40 9341
52 9402
51 9328
53 9350
46 9234
64 9228
64 9371
42 9243
48 9277
58 9370
42 9234
70 9253
41 9330
42 9312
42 9239
69 9390
44 9302
40 9280
52 9226
39 9334
38 9336
65 9377
51 9289
43 9339
46 9206
60 9249
44 9333
42 9242
43 9314
51 9166
47 9301
45 9249
40 9234
44 9250
47 9275
44 9350
43 9275
48 9368
44 9254
55 9322
106 9242
73 9381
83 9316
58 9287
72 9299
50 9238
45 9283
44 9364
42 9376
60 9223
51 9343
40 9169
59 9336
46 9298
48 9223
50 9357
44 9367
41 9281
45 9282
45 9362
45 9244
43 9232
65 9352
42 9299
42 9315
42 9230
85 9267
46 9287
82 9399
43 9363
66 9282
43 9331
45 9310
43 9240
44 9270
42 9321
45 9220
49 9348
49 9288
54 9317
53 9314
48 9277
50 9351
42 9321
55 9276
54 9274
51 9220
54 9303
44 9221
40 9276
42 9309
44 9391
50 9244
46 9274
52 9249
42 9263
54 9349
44 9271
43 9372
49 9266
46 9305
68 9252
55 9294
48 9311
63 9333
60 9299
51 9235
57 9295
43 9282
41 9294
46 9310
43 9261
45 9271
45 9250
46 9303
41 9372
41 9327
43 9332
41 9271
52 9319
47 9273
44 9275
66 9308
43 9230
52 9215
45 9197
52 9344
48 9270
44 9270
45 9352
54 9340
96 9283
100 9338
63 9222
49 9259
108 9246
68 9288
87 9341
47 9341
53 9298
41 9278
50 9274
39 9355
50 9289
45 9261
77 9389
83 9308
56 9374
44 9308
38 9283
43 9306
49 9248
51 9273
41 9250
46 9330
41 9299
42 9349
48 9203
41 9300
46 9340
41 9301
0 1
50 9272
50 9238
0 1
55 9338
95 9258
81 9344
54 9230
72 9340
43 9314
43 9311
0 1
40 9314
37 9332
41 9289
41 9296
37 9309
46 9292
55 9421
57 9296
55 9266
51 9300
41 9372
38 9355
47 9347
70 9336
48 9308
67 9265
70 9342
0 1
65 9288
50 9271
43 9228
49 9277
53 9263
44 9303
49 9291
70 9274
44 9292
59 9306
40 9332
43 9319
42 9291
43 9205
0 1
53 9233
43 9362
47 9215
42 9379
65 9285
44 9312
62 9246
42 9248
40 9348
42 9294
47 9274
48 9251
52 9301
46 9212
48 9313
49 9245
49 9176
0 1
51 9365
42 9280
74 9324
57 9325
43 9310
42 9322
38 9330
50 9224
49 9282
50 9263
42 9251
0 1
40 9302
47 9300
53 9275
42 9289
54 9282
53 9187
45 9303
46 9387
46 9285
46 9258
42 9373
42 9288
52 9257
82 9330
77 9272
49 9326
48 9314
44 9306
49 9406
54 9263
70 9329
41 9397
46 9328
43 9295
42 9284
43 9310
45 9230
49 9255
41 9289
50 9325
53 9313
52 9376
62 9282
48 9329
43 9278
43 9313
47 9262
48 9373
51 9308
43 9266
57 9206
47 9278
46 9300
87 9243
45 9293
45 9273
42 9344
57 9286
53 9310
51 9353
46 9337
50 9374
49 9386
51 9281
56 9322
42 9314
49 9292
44 9320
63 9332
47 9323
45 9332
43 9312
46 9355
44 9232
49 9223
55 9327
49 9313
52 9287
49 9264
51 9287
41 9273
65 9310
47 9275
41 9315
64 9175
46 9324
50 9283
47 9339
41 9225
58 9321
44 9331
49 9327
59 9311
41 9419
47 9306
42 9293
51 9359
22 2
43 9313
50 9341
77 9363
45 9297
44 9185
44 9299
51 9368
43 9297
45 9307
51 9345
47 9313
45 9372
44 9354
44 9328
37 9363
41 9323
47 9255
44 9307
51 9321
51 9279
47 9303
61 9356
82 9282
66 9223
49 9405
53 9318
47 9144
70 9312
46 9191
44 9347
46 9283
50 9304
53 9284
52 9233
55 9326
60 9351
57 9255
41 9329
42 9221
43 9287
41 9326
48 9311
40 9275
62 9357
40 9282
42 9319
57 9253
44 9235
51 9347
41 9374
40 9230
47 9284
80 9320
44 9336
48 9269
48 9315
42 9265
63 9233
75 9304
76 9324
72 9324
68 9244
45 9217
51 9325
50 9257
45 9279
0 1
77 9319
51 9313
40 9265
43 9275
53 9320
47 9274
53 9316
56 9257
56 9264
78 9228
0 1
51 9269
48 9270
87 9322
43 9257
43 9253
46 9346
45 9234
51 9334
51 9343
50 9437
49 9212
52 9266
47 9356
42 9317
0 1
51 9265
47 9270
49 9282
0 1
48 9299
62 9313
50 9331
60 9312
51 9284
40 9281
39 9280
41 9248
43 9245
49 9250
46 9291
39 9285
42 9253
44 9182
45 9279
42 9197
44 9264
41 9295
50 9277
52 9330
45 9318
48 9281
68 9347
47 9308
43 9319
46 9351
69 9339
46 9223
46 9286
47 9250
50 9292
45 9307
90 9307
63 9317
50 9295
73 9232
54 9280
54 9284
57 9348
47 9296
44 9284
49 9328
40 9320
40 9278
47 9242
44 9293
61 9287
64 9242
52 9306
10 2
47 9276
39 9240
42 9377
49 9241
45 9288
42 9301
48 9366
42 9244
44 9256
0 1
53 9303
49 9302
40 9317
51 9302
40 9293
43 9285
44 9298
0 1
40 9218
49 9347
47 9271
61 9332
62 9284
41 9372
45 9324
98 9301
54 9271
41 9223
47 9331
46 9252
40 9228
41 9295
39 9321
63 9329
44 9235
41 9295
41 9327
42 9308
47 9337
63 9212
56 9279
48 9269
46 9264
51 9291
49 9241
81 9358
49 9261
50 9329
58 9280
43 9378
53 9256
54 9324
0 1
73 9236
42 9325
46 9241
44 9283
61 9363
44 9250
44 9220
44 9275
46 9295
52 9377
50 9326
44 9262
44 9276
44 9193
43 9257
42 9228
42 9341
46 9272
44 9272
45 9382
47 9308
52 9302
41 9265
51 9279
43 9285
49 9237
50 9341
46 9319
51 9224
48 9233
41 9224
57 9267
47 9301
47 9287
50 9230
76 9229
43 9209
101 9241
48 9267
42 9330
53 9326
51 9301
59 9316
45 9336
47 9247
59 9273
0 1
64 9333
42 9351
56 9278
52 9236
44 9272
47 9341
45 9217
95 9244
115 9219
110 9333
49 9257
46 9237
75 9259
48 9384
45 9173
45 9204
45 9273
45 9288
47 9264
47 9206
46 9275
43 9278
58 9322
50 9317
50 9235
46 9269
46 9330
46 9324
51 9288
50 9275
49 9365
46 9297
48 9340
48 9398
55 9269
48 9430
46 9228
46 9276
42 9303
54 9197
45 9263
57 9309
0 1
67 9282
61 9272
48 9234
44 9265
52 9338
46 9262
48 9306
39 9297
45 9260
42 9316
51 9317
47 9316
80 9337
65 9241
62 9284
48 9327
0 1
53 9283
87 9338
48 9273
61 9207
74 9297
47 9247
43 9220
41 9269
50 9383
45 9267
44 9283
40 9304
54 9312
43 9307
42 9324
49 9241
41 9279
54 9214
61 9252
70 9398
43 9373
44 9351
63 5
67 9299
44 9306
56 9312
49 9307
50 9399
44 9270
47 9351
48 9263
59 9340
47 9267
50 9308
46 9216
47 9266
57 9293
55 9277
47 9291
58 9291
45 9398
54 9316
46 9293
82 9288
40 9373
53 9330
51 9278
39 9303
53 9304
59 9263
68 9368
46 9238
46 9309
41 9252
53 9280
50 9293
42 9195
42 9346
48 9299
48 9248
55 9344
47 9319
55 9311
51 9330
49 9378
48 9329
47 9386
73 9226
54 9390
49 9255
48 9266
56 9317
50 9271
78 9268
98 9302
138 9270
46 9225
44 9289
43 9345
49 9361
47 9290
41 9314
0 1
40 9286
40 9282
43 9387
58 9322
80 9287
51 9357
66 9331
45 9371
39 9280
66 9257
6 2
48 9311
48 9351
44 9281
49 9330
0 1
52 9250
71 9314
89 9291
119 9277
47 9259
50 9259
51 9317
49 9321
52 9338
56 9322
0 1
39 9297
44 9288
47 9244
59 9250
55 9269
40 9228
45 9250
53 9290
62 9354
50 9352
46 9271
55 9290
44 9280
45 9298
42 9312
60 9237
44 9340
47 9297
62 9275
53 9332
50 9259
75 9251
57 9254
50 9286
43 9202
49 9178
55 9323
41 9245
45 9272
52 9250
37 9291
44 9361
59 9323
65 9306
44 9253
42 9268
93 9262
0 1
42 9302
49 9278
48 9316
43 9280
72 9298
43 9250
60 9327
56 9292
51 9297
63 9302
76 9250
52 9172
48 9278
52 9240
58 9294
108 9332
86 9255
63 9285
50 9348
63 9354
64 9307
39 9273
81 9355
55 9324
71 9310
54 9243
45 9272
49 9306
44 9336
68 9272
53 9340
57 9266
63 9334
50 9280
57 9307
40 9274
67 9309
63 9286
40 9333
43 9220
62 9312
46 9280
46 9373
43 9320
44 9289
42 9178
44 9304
44 9286
40 9256
46 9203
42 9237
44 9311
47 9308
49 9279
49 9348
43 9295
45 9274
80 9324
48 9350
46 9268
41 9352
41 9271
48 9296
44 9327
46 9221
56 9286
50 9304
44 9318
52 9302
63 9325
48 9356
49 9350
39 9289
43 9227
46 9288
48 9248
59 9299
45 9241
47 9181
54 9317
65 9198
54 9239
45 9266
51 9351
52 9288
139 9316
65 9231
45 9301
18 2
48 9253
49 9349
57 9328
47 9412
42 9327
45 9261
43 9263
49 9271
48 9355
44 9238
40 9231
39 9312
46 9218
0 1
71 9296
66 9337
43 9272
44 9335
49 9249
43 9280
61 9328
50 9318
54 9225
46 9316
42 9311
45 9228
46 9334
54 9368
69 9277
45 9315
51 9281
43 9284
44 9252
44 9256
41 9251
61 9277
70 9305
92 9232
45 9200
44 9313
54 9283
48 9208
41 9230
45 9421
64 9249
72 9256
48 9287
43 9274
51 9227
46 9351
40 9389
42 9365
42 9301
72 9256
47 9367
70 9328
45 9402
55 9307
40 9214
46 9279
49 9315
52 9300
49 9296
48 9232
74 9293
58 9281
89 9280
41 9264
53 9314
46 9308
44 9317
46 9210
58 9248
50 9305
44 9295
50 9263
54 9252
42 9310
43 9347
55 9289
45 9238
42 9351
49 9305
44 9218
44 9309
41 9317
43 9331
42 9296
48 9241
47 9251
45 9292
42 9373
0 1
48 9307
47 9228
43 9253
44 9232
59 9267
56 9255
53 9256
72 9229
54 9274
55 9231
56 9363
53 9329
55 9254
52 9315
0 1
65 9326
47 9355
49 9324
75 9268
52 9251
79 9266
42 9289
0 1
76 9344
47 9410
47 9238
50 9275
45 9307
46 9279
48 9322
55 9171
46 9313
56 9325
43 9251
43 9188
52 9324
83 9252
48 9220
47 9332
41 9288
42 9348
56 9252
39 9262
48 9321
45 9163
50 9246
52 9222
45 9314
55 9280
38 9284
65 9250
129 9267
87 9294
56 9274
52 9271
49 9237
43 9398
44 9369
41 9266
45 9274
51 9318
42 9223
62 9236
40 9244
44 9246
51 9288
49 9312
48 9265
44 9301
49 9267
45 9228
78 9299
49 9322
64 9329
31 17
52 9233
48 9255
44 9320
45 9265
41 9236
71 9318
68 9247
47 9237
58 9357
68 9305
61 9369
43 9206
107 9176
0 1
71 9285
61 9310
93 9373
47 9287
41 9299
52 9210
60 9284
52 9389
52 9281
54 9348
0 1
57 9347
56 9313
42 9238
49 9369
42 9183
47 9323
61 9283
48 9303
58 9193
53 9295
55 9318
55 9351
63 9280
48 9213
48 9287
48 9212
40 9251
46 9211
43 9286
42 9288
55 9280
71 9259
44 9219
41 9290
45 9249
41 9267
44 9349
49 9266
42 9343
39 9268
41 9300
44 9206
42 9337
43 9290
0 1
43 9308
55 9328
44 9324
42 9385
48 9305
47 9210
46 9348
69 9297
44 9284
39 9235
44 9224
44 9236
45 9310
42 9295
46 9243
50 9327
47 9239
65 9358
47 9209
46 9348
38 9305
58 9427
51 9309
66 9276
49 9277
47 9304
50 9323
52 9349
44 9357
40 9266
44 9226
41 9276
45 9317
62 9352
61 9291
48 9357
45 9293
47 9244
43 9258
86 9320
47 9350
44 9332
60 9315
70 9244
48 9303
38 9346
60 9229
55 9325
57 9280
52 9283
46 9261
43 9344
93 9287
46 9208
38 9307
54 9261
43 9239
49 9298
51 9322
54 9383
55 9335
51 9218
59 9260
83 9295
42 9245
60 9381
44 9361
42 9345
69 9313
63 9249
47 9335
80 9324
10 2
103 9227
41 9283
66 9262
48 9257
47 9239
0 1
46 9339
45 9341
51 9220
42 9283
55 9333
46 9260
49 9299
59 9249
55 9300
48 9277
0 1
27 2
50 9313
48 9199
53 9328
4 2
82 9227
100 9239
44 9289
62 9229
51 9311
50 9215
58 9276
0 1
44 9320
45 9319
58 9276
58 9289
50 9210
44 9323
45 9360
42 9332
60 9273
62 9237
43 9242
129 9267
88 9258
53 9249
47 9308
60 9225
44 9305
60 9319
65 9313
48 9251
73 9290
45 9290
60 9310
43 9328
57 9378
50 9297
45 9283
43 9213
60 9343
57 9334
43 9291
59 9252
43 9283
42 9230
57 9294
47 9254
39 9276
41 9176
45 9330
46 9320
63 9327
88 9252
8 2
54 9316
44 9270
46 9245
43 9260
54 9262
52 9244
45 9339
0 1
47 9300
66 9260
67 9288
59 9363
48 9274
61 9283
48 9248
48 9291
49 9294
51 9352
51 9256
43 9261
48 9231
83 9295
62 9305
68 9322
46 9255
56 9394
44 9313
0 1
60 9310
63 9306
105 9256
178 9293
62 9337
40 9407
53 9325
44 9242
59 9258
71 9191
51 9255
44 9392
49 9288
49 9369
48 9333
47 9286
51 9282
48 9319
44 9328
59 9315
91 9214
55 9331
94 9214
43 9289
52 9296
61 9209
55 9231
44 9256
78 9296
52 9276
50 9314
51 9294
53 9370
101 9286
57 9291
108 9280
78 9268
47 9236
0 1
41 9246
43 9307
54 9259
43 9363
52 9312
45 9282
55 9302
58 9263
41 9217
42 9309
43 9304
40 9273
44 9278
46 9216
45 9290
49 9304
50 9299
40 9360
57 9333
67 9386
46 9309
100 9302
0 1
46 9308
45 9277
53 9203
60 9386
56 9280
48 9309
45 9276
86 9382
45 9299
59 9208
46 9331
56 9211
91 9163
52 9326
45 9342
40 9331
43 9226
0 1
42 9272
49 9237
69 9317
0 1
83 9328
39 9239
50 9383
96 9337
57 9285
46 9251
0 1
47 9130
39 9257
42 9344
108 18
45 9305
99 9371
62 9341
47 9295
49 9342
48 9201
46 9195
54 9251
54 9260
66 9283
66 9256
56 9307
64 9288
46 9256
41 9327
40 9259
42 9363
44 9317
45 9377
48 9251
44 9237
44 9272
48 9217
61 9313
52 9266
62 9248
54 9350
41 9319
89 9302
43 9288
45 9221
67 9377
44 9257
50 9367
13 2
43 9362
69 9288
52 9205
61 9367
52 9324
48 9357
76 9192
49 9316
40 9288
48 9348
43 9254
42 9398
43 9309
50 9304
39 9308
51 9213
45 9306
49 9327
45 9281
48 9335
51 9275
59 9318
54 9219
39 9350
51 9320
43 9297
47 9286
41 9313
52 9323
48 9381
55 9338
46 9283
70 9284
43 9417
43 9285
42 9338
50 9301
61 9242
51 9335
0 1
0 1
53 9201
51 9372
53 9305
51 9401
81 9285
53 9321
6 2
52 9295
42 9294
50 9267
46 9212
66 9301
42 9263
43 9273
53 9275
44 9238
52 9258
52 9201
0 1
45 9216
0 1
42 9255
47 9217
47 9320
48 9354
0 1
49 9219
42 9291
40 9368
46 9291
45 9315
50 9326
46 9260
49 9243
47 9279
45 9327
44 9270
46 9247
53 9251
67 9331
61 9278
61 9354
44 9326
85 9335
37 9327
61 9321
48 9260
46 9283
45 9315
45 9355
51 9240
78 9314
50 9392
49 9318
0 1
52 9274
114 9334
51 9336
58 9356
50 9276
50 9227
48 9234
60 9228
47 9347
46 9319
52 9302
59 9199
59 9299
139 9304
43 9245
62 9296
39 9268
48 9229
42 9362
36 3
47 9330
57 9320
66 9372
77 9281
60 9336
54 9258
63 9206
0 1
0 1
45 9295
53 9275
68 9330
72 9336
42 9364
67 9326
43 9235
42 9368
56 9251
52 9349
63 9391
47 9306
45 9261
71 9253
46 9319
47 9208
45 9167
48 9303
41 9301
43 9325
40 9244
51 9274
68 9383
52 9276
77 9283
67 9306
78 9209
83 9333
55 9306
87 9274
54 9345
56 9303
47 9259
58 9273
45 9307
100 9230
83 9286
104 9352
0 1
45 9299
52 9261
51 9362
69 9323
69 9291
55 9209
62 9321
46 9241
56 9213
48 9248
43 9290
47 9315
47 9287
118 9310
45 9423
43 9357
44 9350
48 9271
50 9385
49 9307
44 9288
38 9196
40 9302
56 9213
45 9333
41 9302
51 9267
46 9210
46 9310
41 9251
65 9302
56 9248
45 9296
50 9363
43 9196
47 9282
78 9344
67 9261
60 9273
84 9330
40 9214
59 9281
68 9339
49 9254
44 9299
64 9248
46 9318
42 9225
46 9189
47 9227
47 9304
42 9336
42 9366
62 9340
50 9329
92 9237
73 9339
58 9344
109 9240
76 9337
92 9221
88 9350
55 9331
47 9333
42 9268
41 9280
54 9304
47 9308
0 1
91 9314
60 9290
46 9313
0 1
47 9341
13 3
0 1
53 9210
65 9320
49 9378
42 9345
7 2
47 9274
45 9246
44 9351
0 1
46 9345
43 9286
41 9272
56 9358
46 9317
45 9296
47 9329
50 9216
45 9261
0 1
43 9253
40 9320
49 9347
42 9294
48 9278
60 9293
51 9348
47 9287
48 9264
46 9318
50 9281
45 9344
40 9265
42 9236
88 9278
44 9349
40 9301
39 9369
38 9348
47 9192
40 9332
0 1
45 9217
47 9383
41 9294
49 9298
0 1
50 9331
49 9303
73 9278
54 9233
0 1
44 9285
50 9295
55 9246
52 9304
49 9240
67 9226
40 9262
43 9235
47 9300
64 9254
47 9315
42 9234
48 9294
44 9324
88 9301
50 9354
62 9257
48 9296
46 9278
45 9310
53 9388
43 9287
58 9311
48 9285
40 9269
41 9308
54 9321
41 9276
57 9345
43 9336
39 9328
48 9278
45 9279
43 9250
49 9306
81 9315
51 9265
39 9367
41 9334
54 9277
54 9281
44 9208
42 9269
52 9265
80 9386
56 9260
50 9284
48 9314
47 9223
0 1
56 9240
46 9259
42 9219
45 9284
45 9315
43 9259
46 9251
43 9331
56 9291
0 1
39 9251
0 1
53 9212
55 9301
45 9338
61 9409
61 9319
0 1
48 9330
61 9214
59 9244
54 9326
47 9376
86 9287
47 9342
56 9279
64 9308
48 9334
55 9341
65 9255
48 9278
47 9205
46 9348
46 9216
47 9292
74 9257
47 9262
54 9287
0 1
41 9370
43 9141
0 1
52 9292
78 9288
52 9311
54 9304
48 9331
65 9275
46 9310
43 9271
56 9299
57 9278
42 9245
60 9272
58 9269
50 9257
43 9332
46 9313
0 1
97 9290
43 9311
73 9247
59 9330
56 9237
46 9374
60 9306
105 9291
48 9266
76 9293
0 1
48 9303
49 9318
53 9244
47 9273
67 9262
50 9309
63 9340
0 1
52 9270
98 9303
57 9255
50 9449
10 2
67 9285
47 9245
72 9334
50 9363
47 9427
40 9230
43 9302
51 9347
46 9320
44 9287
46 9357
46 9290
43 9293
48 9304
46 9278
51 9313
47 9225
0 1
74 9263
41 9395
46 9315
47 9263
54 9347
53 9322
65 9287
46 9225
43 9313
72 9266
50 9323
41 9306
50 9356
110 9279
64 9259
45 9273
43 9331
41 9316
46 9271
45 9362
43 9313
54 9234
58 9303
70 9428
60 9292
81 9257
42 9288
68 9245
43 9390
76 9284
94 9296
49 9183
48 9256
51 9246
73 9287
65 9294
49 9244
46 9207
43 9295
50 9211
45 9244
57 9346
52 9261
76 9353
59 9304
45 9265
51 9231
0 1
49 9308
59 9279
43 9305
48 9284
44 9373
47 9296
49 9301
54 9303
56 9294
67 9256
49 9250
82 9201
52 9284
50 9249
50 9316
73 9268
62 9252
61 9240
116 9298
82 9178
64 9265
44 9278
56 9357
42 9280
61 9295
45 9317
63 9284
54 9266
72 9307
0 1
83 9286
90 9263
45 9325
43 9292
45 9222
65 9250
47 9292
49 9180
47 9329
95 9365
57 9277
56 9322
48 9293
44 9289
47 9338
60 9292
56 9310
51 9248
65 9275
57 9263
51 9252
58 9295
41 9341
55 9275
51 9140
49 9285
58 9288
45 9304
46 9255
47 9285
59 9290
46 9326
76 9312
57 9325
44 9260
51 9249
75 9256
124 9281
70 9271
76 9314
43 9343
78 9292
74 9312
57 9258
59 9350
53 9256
56 9357
66 9300
75 9266
47 9220
50 9249
0 1
43 9267
39 9168
57 9377
50 9278
45 9306
49 9228
49 9314
48 9355
71 9212
40 9289
60 9297
49 9237
80 9342
64 9237
65 9305
45 9300
0 1
28 2
47 9304
47 9314
45 9280
46 9191
58 9286
0 1
49 9286
53 9249
13 4
62 9401
52 9231
53 9217
62 9280
50 9273
53 9265
48 9305
45 9287
81 9303
0 1
47 9228
53 9230
65 9244
53 9231
48 9320
56 9341
65 9366
46 9300
41 9292
68 9227
58 9357
72 9267
70 9329
48 9339
43 9233
74 9187
47 9178
52 9366
47 9309
41 9327
44 9264
48 9296
50 9241
47 9247
44 9259
68 9296
69 9306
49 9291
104 9201
51 9260
46 9440
45 9232
46 9194
79 9273
68 9300
43 9310
45 9346
83 9228
51 9197
42 9285
42 9323
42 9326
67 9289
49 9217
57 9243
46 9235
40 9255
55 9262
0 1
143 9177
83 9205
39 9303
43 9358
44 9255
49 9246
52 9269
43 9288
45 9354
47 9219
44 9242
49 9212
79 9352
54 9313
55 9251
55 9288
54 9296
0 1
46 9315
59 9264
61 9356
50 9272
48 9229
45 9271
133 9324
90 9232
42 9212
45 9289
0 1
51 9301
0 1
45 9239
52 9364
40 9275
50 9194
56 9341
49 9349
42 9335
42 9312
52 9321
45 9352
49 9314
62 9324
48 9342
44 9322
0 1
42 9317
44 9275
43 9
62 9345
0 1
60 9249
60 9265
70 9388
90 9253
39 9266
43 9331
45 9324
0 1
54 9312
46 9245
56 9297
41 9334
47 9282
49 9256
64 9335
53 9314
51 9272
64 9333
55 9300
39 9284
57 9288
45 9293
60 9260
44 9320
51 9315
80 9266
80 9312
61 9242
47 9330
65 4
56 9242
53 9210
49 9318
55 9293
42 9329
45 9330
53 9292
46 9261
44 9218
55 9324
41 9311
54 9316
47 9294
50 9297
51 9247
52 9276
45 9267
48 9180
44 9319
49 9300
42 9305
50 9328
41 9346
0 1
44 9285
47 9270
54 9233
60 9273
53 9273
60 9335
54 9285
73 9361
49 9377
43 9387
47 9279
151 9395
43 9276
45 9257
52 9323
70 9365
43 9224
52 9223
48 9377
46 9363
46 9318
60 9272
69 9325
45 9318
57 9342
55 9202
42 9361
48 9262
46 9328
48 9302
100 9331
48 9286
46 9293
52 9266
55 9312
51 9309
60 9307
45 9319
51 9339
47 9268
53 9315
107 9293
0 1
41 9249
48 9324
42 9300
43 9360
47 9331
64 9381
52 9258
61 9270
66 9276
50 9294
55 9300
56 9276
44 9363
38 9254
72 9310
40 9302
52 9327
40 9329
43 9365
44 9269
42 9292
42 9312
94 9274
74 9219
43 9290
47 9308
102 9288
65 9214
63 9359
43 9293
56 9323
54 9305
117 9228
82 9249
70 9371
132 9333
51 9301
88 9252
56 9291
86 9295
70 9328
0 1
136 9358
29 7
92 9302
0 1
60 9269
64 9304
118 9342
45 9309
47 9184
39 9287
42 9239
63 9360
48 9376
48 9313
46 9255
49 9296
53 9281
45 9301
40 9312
46 9360
67 9330
48 9326
11 3
102 9288
44 9225
48 9274
43 9309
62 9260
45 9345
43 9260
43 9356
44 9319
56 9322
59 9319
45 9308
49 9251
54 9339
134 9303
51 9304
48 9222
0 1
85 9224
62 9325
64 9300
47 9304
135 9268
42 9359
47 9218
45 9313
51 9321
57 9284
57 9256
44 9296
41 9242
56 9369
77 9266
44 9366
113 9364
49 9336
48 9350
52 9314
56 9191
56 9341
50 9344
53 9252
70 9422
47 9266
42 9308
0 1
40 9254
54 9326
59 9275
51 9282
121 9337
49 9260
51 9291
42 9264
46 9330
45 9347
71 9297
50 9266
66 9287
56 9202
55 9295
49 9233
47 9258
0 1
0 1
56 9239
62 9332
76 9315
61 9369
0 1
56 9337
47 9286
45 9230
52 9302
68 9250
59 9318
58 9250
0 1
121 9167
57 9350
0 1
56 9228
52 9347
49 9337
55 9387
64 9225
48 9280
61 9300
48 9375
37 9324
49 9270
55 9288
56 9374
95 9272
44 9306
74 9251
0 1
49 9290
43 9273
50 9347
48 9364
54 9337
62 9327
41 9343
105 9329
55 9357
42 9266
50 9320
50 9316
51 9275
26 2
0 1
50 9281
60 9314
63 9290
43 9308
101 9252
42 9336
48 9322
43 9249
42 9363
47 9356
47 9340
49 9287
57 9295
41 9249
47 9259
51 9286
43 9365
50 9347
65 9262
70 9272
56 9292
50 9259
46 9267
46 9263
45 9279
38 9219
52 9361
39 9324
51 9351
54 9305
43 9246
51 9256
42 9304
41 9228
43 9174
44 9300
46 9276
43 9276
52 9239
45 9270
51 9312
47 9267
69 9275
55 9262
50 9296
58 9394
48 9272
46 9286
60 9269
43 9296
47 9286
65 9220
111 9336
39 9279
55 9319
44 9246
43 9334
73 9296
39 9257
48 9282
50 9274
52 9262
44 9316
43 9340
61 9357
50 9286
51 9229
84 9292
59 9250
42 9293
47 9210
47 9304
45 9340
40 9295
51 9348
50 9261
66 9358
48 9311
39 9319
44 9374
57 9291
56 9349
50 9213
56 9318
40 9308
57 9287
42 9286
54 9205
50 9264
50 9206
44 9291
58 9185
41 9350
57 9405
70 9348
65 9325
48 9283
49 9359
72 9307
79 9298
45 9267
50 9261
44 9288
171 9228
46 9280
57 9366
94 9315
50 9256
49 9263
53 9328
38 9181
50 9187
61 9354
45 9320
52 9374
51 9373
53 9385
48 9342
46 9398
51 9244
46 9328
98 9320
150 9233
54 9272
54 9400
45 9280
66 9234
43 9302
45 9310
40 9286
42 9374
44 9337
41 9228
52 9286
54 9312
49 9286
51 9406
0 1
43 9328
46 9228
51 9316
54 9294
46 9234
49 9372
42 9344
67 9362
46 9283
138 9248
49 9229
65 9338
42 9302
58 9303
0 1
83 9316
46 9284
58 9392
43 9247
54 9283
43 9292
52 9252
63 9167
56 9289
65 9264
59 9302
40 9334
52 9282
52 9317
44 9365
51 9357
68 9306
53 9269
93 9359
20 6
76 9288
47 9332
58 9435
42 9211
44 9336
45 9255
49 9255
45 9194
52 9232
45 9214
41 9231
59 9302
61 9264
46 9284
60 9370
45 9356
47 9294
56 9157
49 9368
44 9294
0 1
49 9289
57 9288
39 9256
46 9306
49 9316
59 9316
63 9266
64 9293
47 9300
56 9368
0 1
62 9362
46 9272
58 9375
45 9241
39 9270
43 9341
0 1
50 9304
51 9288
53 9255
44 9295
59 9337
43 9289
46 9259
47 9335
51 9174
52 9273
53 9258
58 9268
49 9316
51 9257
42 9268
43 9291
53 9282
43 9147
41 9329
47 9292
48 9357
46 9239
44 9261
81 9372
45 9269
41 9301
55 9382
46 9323
51 9250
52 9220
61 9235
102 9294
59 9245
45 9278
50 9274
50 9259
42 9267
59 9273
55 9302
54 9301
47 9301
47 9321
0 1
73 9297
81 9342
43 9323
50 9232
63 9291
42 9360
104 9302
49 9359
75 9293
47 9315
48 9266
42 9259
58 9314
75 9223
84 9254
54 9311
58 9403
45 9255
58 9280
42 9321
54 9293
48 9340
45 9284
58 9254
44 9302
47 9255
61 9249
43 9266
57 9259
104 9291
56 9225
48 9375
54 9269
46 9220
123 9283
51 9347
51 9174
49 9344
58 9283
0 1
110 9255
46 9301
49 9259
58 9307
68 9281
72 9319
43 9312
49 9323
40 9251
46 9230
47 9256
57 9363
70 9239
40 9296
58 9289
45 9355
59 9351
105 9300
72 9288
49 9376
0 1
58 9276
60 9219
47 9261
49 9425
45 9344
55 9266
47 9222
53 9328
39 9290
68 9276
55 9218
45 9273
48 9272
82 9349
40 9365
71 9306
42 9189
42 9262
47 9270
62 9274
60 9301
74 9253
45 9303
53 9258
44 9287
52 9315
52 9318
50 9348
70 9320
47 9261
48 9308
42 9351
117 9274
55 9247
39 9240
45 9214
42 9340
46 9304
70 9313
41 9242
48 9265
62 9298
56 9311
62 9240
62 9226
44 9327
61 9270
40 9294
50 9257
47 9354
46 9272
44 9301
0 1
50 9178
45 9275
42 9222
47 9289
55 9281
57 9240
44 9253
52 9345
51 9303
46 9165
51 9196
69 9282
83 9207
45 9378
42 9195
51 9325
46 9324
80 9241
55 9320
149 9211
77 9244
44 9250
59 9267
46 9233
100 9345
44 9330
60 9280
43 9330
81 9243
45 9352
57 9325
59 9271
50 9282
85 9280
5 2
42 9268
68 9299
64 9326
75 9372
108 9328
55 9234
60 9218
68 9292
45 9265
45 9317
49 9337
50 9335
71 9325
45 9374
41 9365
0 1
43 9263
44 9328
40 9310
42 9252
43 9259
44 9347
59 9241
0 1
47 9265
71 9212
51 9273
52 9254
83 9254
50 9353
49 9231
89 9249
67 9322
43 9313
61 9270
58 9169
57 9328
44 9258
40 9340
41 9221
53 9321
40 9335
58 9240
63 9245
61 9280
49 9347
100 9247
0 1
45 9342
46 9277
42 9359
69 9350
61 9316
69 9349
50 9262
60 9269
43 9341
39 9232
43 9231
57 9311
49 9254
50 9303
65 9277
43 9241
49 9341
71 9427
59 9253
42 9257
44 9226
42 9264
56 9203
0 1
64 9368
47 9251
0 1
48 9303
45 9213
43 9305
65 9309
67 9384
53 9266
56 9290
60 9306
44 9306
56 9347
68 9266
49 9290
101 9326
41 9311
44 9346
58 9303
56 9316
41 9211
50 9288
49 9269
59 9293
60 9261
52 9360
45 9236
51 9251
67 9327
38 9268
48 9240
61 9286
59 9248
0 1
45 9259
81 9309
54 9335
48 9262
63 9292
52 9354
45 9282
53 9320
47 9216
31 2
61 9344
78 9359
64 9339
63 9347
107 9278
52 9203
48 9283
50 9339
51 9371
44 9323
47 9298
42 9382
58 9241
56 9235
50 9372
51 9263
138 9193
84 9296
72 9228
46 9244
48 9307
55 9337
76 9240
66 9292
56 9331
50 9290
61 9301
78 9365
90 9344
46 9313
66 9238
43 9228
53 9368
48 9416
57 9320
50 9249
46 9228
55 9290
60 9448
43 9254
59 9321
114 9328
60 9261
61 9252
52 9350
47 9285
49 9254
40 9348
0 1
57 9215
48 9330
52 9333
74 9190
38 9352
42 9300
52 9320
46 9270
50 9223
41 9195
52 9201
53 9224
55 9257
43 9274
56 9310
44 9274
0 1
45 9187
44 9285
46 9285
44 9305
45 9346
43 9279
45 9222
45 9354
50 9344
41 9306
61 9263
66 9296
53 9334
62 9273
49 9338
46 9299
52 9313
58 9335
44 9288
57 9275
52 9274
49 9271
41 9288
61 9286
44 9283
53 9245
110 9236
55 9293
43 9293
39 9298
62 9290
56 9279
58 9297
42 9253
46 9234
45 9262
46 9293
47 9353
49 9382
62 9304
45 9251
48 9295
42 9263
46 9307
47 9236
45 9314
56 9217
55 9262
45 9245
0 1
51 9270
83 9285
40 9245
42 9376
55 9295
54 9351
42 9282
49 9334
57 9252
0 1
46 9297
39 9283
46 9373
98 9302
42 9356
53 9268
44 9317
49 9371
47 9288
42 9285
53 9237
58 9324
43 9288
49 9295
40 9233
44 9347
43 9292
42 9277
48 9246
40 9286
0 1
50 9258
53 9304
76 9269
70 9308
44 9311
41 9308
0 1
57 9357
41 9258
60 9327
58 9316
59 9288
45 9204
45 9297
54 9284
46 9292
43 9324
44 9274
67 9278
67 9336
69 9216
0 1
53 9254
47 9285
76 9257
48 9285
60 9316
45 9298
0 1
39 9326
66 9266
51 9367
66 9303
39 9258
42 9314
69 9295
49 9309
67 9303
55 9301
42 9394
56 9335
43 9290
0 1
42 9246
67 9287
76 9337
61 9377
58 9206
44 9289
54 9200
73 9335
52 9270
52 9303
47 9307
77 9338
81 9252
39 9184
50 9269
58 9267
0 1
69 9252
47 9288
51 9368
49 9274
64 9312
50 9344
56 9281
79 9368
53 9302
56 9251
76 9314
56 9248
57 9280
56 9293
44 9314
43 9343
75 9256
54 9311
78 9279
58 9219
80 9306
49 9274
74 9275
47 9298
42 9363
46 9171
52 9299
44 9322
44 9353
4 2
54 9311
52 9274
111 9214
54 9296
46 9367
50 9263
38 9288
58 9322
58 9231
82 9282
43 9309
62 9348
68 9358
65 9285
55 9260
53 9208
62 9292
67 9266
41 9312
47 9251
47 9209
47 9245
0 1
120 9234
40 9281
46 9276
64 9268
50 9291
42 9353
99 9331
55 9248
63 9328
54 9209
42 9314
52 9273
61 9330
40 9257
49 9194
46 9312
51 9277
46 9318
60 9320
61 9253
47 9316
54 9269
54 9312
58 9194
54 9331
51 9297
59 9341
70 9316
40 9301
43 9285
48 9192
77 9282
46 9329
85 9247
45 9228
45 9255
48 9300
46 9384
44 9268
62 9288
105 9202
55 9285
52 9359
51 9354
0 1
52 9254
51 9284
50 9231
43 9310
71 9347
52 9249
44 9312
49 9293
47 9340
42 9373
46 9344
77 9336
41 9292
193 9299
40 9299
53 9207
52 9309
48 9290
36 9357
47 9270
42 9288
56 9361
42 9330
42 9198
103 9273
42 9265
52 9342
112 9322
0 1
42 9361
45 9383
47 9288
61 9369
22 6
57 9328
44 9287
117 9233
66 9265
50 9226
60 9389
62 9196
43 9251
54 9321
80 9231
50 9316
45 9288
42 9289
59 9269
55 9308
56 9259
55 9289
48 9356
45 9410
59 9312
60 9290
41 9226
58 9248
66 9292
46 9309
59 9342
57 9246
46 9325
66 9254
54 9313
46 9286
53 9285
43 9287
42 9261
50 9241
52 9263
96 9283
65 9375
51 9355
50 9313
55 9220
0 1
52 9345
42 9249
87 9158
63 9295
50 9219
56 9152
56 9275
76 9239
83 9239
115 9310
57 9227
55 9381
55 9375
48 9238
54 9310
50 9286
47 9311
49 9273
45 9236
66 9319
62 9334
50 9363
44 9304
51 9309
90 9300
67 9313
49 9340
55 9284
45 9231
76 9363
40 9361
54 9303
77 9295
55 9394
49 9292
47 9299
55 9291
49 9363
87 9342
43 9279
71 9311
0 1
50 9275
53 9305
0 1
59 9285
59 9368
72 9351
79 9309
64 9356
57 9313
44 9277
44 9260
73 9213
75 9273
45 9358
51 9401
45 9393
39 9255
49 9285
41 9255
44 9253
52 9246
42 9334
49 9268
43 9255
40 9273
91 9197
52 9291
46 9282
41 9283
44 9328
45 9262
54 9361
42 9330
62 9315
45 9333
95 9309
46 9225
49 9289
48 9294
48 9329
0 1
54 9309
50 9292
45 9363
53 9325
56 9339
46 9291
53 9324
54 9293
68 9274
63 9401
73 9267
40 9336
44 9269
43 9234
49 9205
46 9294
93 9400
61 9276
50 9324
59 9244
48 9276
81 9191
42 9249
54 9196
40 9359
43 9342
41 9301
72 9304
0 1
54 9260
48 9168
157 9354
62 9312
42 9320
46 9301
45 9305
51 9296
47 9216
42 9290
47 9256
55 9251
0 1
44 9266
42 9378
46 9210
42 9280
55 9334
95 9276
57 9321
0 1
50 9270
60 9349
48 9283
42 9437
44 9359
56 9376
51 9300
87 9295
56 9277
50 9257
110 9245
100 9293
42 9282
67 9386
42 9242
41 9219
42 9385
62 9291
50 9280
56 9333
111 9255
59 9280
83 9268
61 9243
66 9301
56 9207
47 9375
48 9231
82 9263
65 9321
90 9306
66 9258
0 1
67 9262
86 9327
65 9293
51 9297
50 9401
67 9300
44 9307
54 9333
66 9271
46 9299
45 9283
44 9257
64 9338
56 9307
66 9389
55 9277
78 9291
48 9348
87 9276
41 9240
43 9269
44 9364
50 9318
65 9338
45 9175
44 9291
42 9297
54 9256
45 9361
58 9339
46 9234
55 9231
54 9278
47 9262
61 9282
50 9198
50 9298
53 9286
44 9246
71 9247
72 9253
50 9270
57 9277
68 9294
52 9266
46 9377
41 9360
83 9281
44 9299
49 9371
64 9242
13 2
58 9331
43 9293
45 9293
87 9306
39 20
92 9333
99 9339
63 9314
76 9195
73 9350
0 1
45 9321
40 9360
0 1
12 2
46 9311
54 9263
47 9389
61 9318
43 9241
44 9381
0 1
80 9253
54 9316
46 9276
0 1
70 9316
95 9296
53 9188
43 9303
43 9260
55 9288
53 9245
44 9312
81 9287
48 9290
46 9238
46 9315
83 9309
46 9300
76 9285
52 9205
82 9336
0 1
53 9240
83 9311
48 9251
53 9387
79 9289
74 9293
79 9305
47 9367
58 9267
16 4
0 1
45 9377
37 9302
47 9409
42 9320
53 9321
44 9156
62 9282
56 9291
50 9288
45 9314
0 1
50 9230
27 10
78 9278
86 9295
0 1
55 9292
56 9289
46 9286
45 9351
48 9252
53 9245
50 9315
55 9249
38 9346
87 9305
67 9294
46 9273
42 9325
50 9300
54 9232
96 9295
99 9347
50 9257
48 9372
42 9217
61 9322
10 2
72 9289
41 9330
46 9392
44 9267
48 9283
52 9350
48 9321
53 9368
46 9249
53 9246
65 9344
46 9238
48 9204
65 9270
47 9257
75 9271
57 9272
49 9404
47 9290
59 9373
99 9341
40 9357
59 9310
57 9320
53 9333
51 9365
59 9375
51 9283
58 9231
75 9328
49 9333
45 9218
99 9275
44 9325
13 2
49 9375
45 9304
63 9195
86 9266
100 9264
52 9261
0 1
54 9297
50 9313
57 9307
52 9304
70 9357
67 9272
63 9274
86 9336
48 9342
57 9274
63 9322
66 9309
58 9249
59 9329
84 9295
39 9232
49 9354
67 9303
48 9370
50 9244
55 9234
53 9291
59 9279
50 9313
42 9303
51 9338
53 9290
74 9293
57 9289
62 9254
46 9294
50 9339
56 9294
48 9304
69 9243
52 9269
50 9303
54 9237
57 9305
51 9369
68 9271
53 9196
46 9272
49 9283
49 9239
43 9217
49 9284
45 9304
65 9290
50 9340
0 1
46 9329
87 9342
0 1
66 9319
59 9274
43 9358
66 9278
46 9376
41 9297
47 9261
47 9262
46 9272
0 1
61 9321
68 9282
49 9332
0 1
48 9321
52 9331
51 9267
69 9319
45 9256
48 9328
57 9293
46 9267
48 9270
43 9262
70 9269
53 9289
44 9272
55 9363
48 9291
67 9353
47 9304
0 1
40 9260
55 9229
44 9276
60 9276
49 9127
62 9252
46 9269
49 9312
54 9394
54 9266
66 9280
46 9277
46 9274
52 9347
108 9223
69 9284
47 9284
43 9273
63 9224
55 9323
49 9294
51 9275
60 9241
70 9230
72 9272
0 1
45 9249
43 9264
43 9330
57 9287
47 9243
67 9264
54 9199
63 9303
44 9253
80 9260
70 9277
0 1
42 9284
45 9306
68 9307
52 9313
62 9289
74 9371
42 9301
69 9235
66 9242
55 9269
54 9304
59 9313
51 9295
66 9310
0 1
72 9296
67 9284
47 9344
43 9266
58 9352
61 9390
63 9297
58 9361
44 9239
59 9301
51 9291
47 9222
44 9268
42 9344
40 9289
57 9278
39 9317
42 9262
51 9208
68 9329
44 9372
68 9280
47 9273
47 9270
40 9263
44 9232
45 9285
62 9192
46 9411
55 9347
81 9296
110 9220
55 9324
57 9270
69 9323
43 9286
61 9291
54 9264
73 9254
57 9300
63 9326
75 9295
45 9326
49 9235
75 9329
49 9273
65 9293
95 9308
50 9266
62 9322
59 9300
46 9327
89 9386
0 1
79 9258
48 9208
120 9325
54 9254
58 9295
0 1
47 9283
80 9194
50 9379
71 9270
64 9264
67 9328
0 1
42 9216
0 1
39 9378
51 9207
56 9213
68 9204
64 9403
59 9305
0 1
45 9232
55 9285
89 9290
51 9282
61 9307
64 9260
51 9303
74 9302
47 9307
42 9274
43 9272
49 9278
52 9286
91 9285
75 9364
95 9243
54 9275
64 9275
118 9282
48 9305
51 9240
67 9227
52 9302
54 9260
152 9311
55 9255
69 9307
64 9269
48 9292
51 9274
58 9306
50 9282
66 9291
44 9347
47 9279
52 9350
47 9318
63 9226
40 9354
74 9234
46 9294
53 9314
52 9339
47 9288
45 9296
61 9330
62 9273
61 9238
124 9239
63 9361
50 9266
49 9256
54 9300
57 9426
50 9295
44 9292
45 9314
46 9280
53 9347
120 9368
46 9268
59 9247
42 9310
0 1
39 9330
50 9298
74 9185
49 9253
78 9304
46 9183
0 1
50 9296
77 9244
43 9363
52 9365
84 9301
90 9338
44 9307
52 9308
52 9378
0 1
44 9304
58 9267
69 9336
48 9264
64 9240
68 9376
52 9272
67 9199
56 9205
54 9274
0 1
101 9274
60 9391
46 9334
48 9375
46 9328
41 9288
0 1
43 9249
52 9312
66 9251
40 9303
43 9329
44 9334
70 9394
57 9276
56 9229
55 9254
42 9309
46 9253
45 9276
0 1
46 9449
47 9261
56 9299
60 9245
58 9336
71 9291
53 9284
63 9308
56 9313
45 9241
53 9260
46 9252
60 9251
50 9197
60 9361
57 9359
52 9335
88 9278
25 2
111 9343
51 9308
50 9270
73 9255
73 9246
53 9296
73 9296
75 9344
57 9318
50 9321
88 9287
43 9354
81 9198
57 9309
45 9264
45 9328
77 9323
0 1
84 9368
0 1
78 9295
58 9308
0 1
67 9349
64 9359
84 9200
49 9337
44 9273
48 9322
67 9327
41 9227
53 9306
104 9291
67 9279
73 9356
62 9261
145 9302
70 9265
49 9272
42 9279
44 9209
0 1
68 9315
53 9292
44 9338
62 9282
12 2
43 9274
0 1
80 9287
0 1
85 9269
44 9261
49 9301
51 9232
68 9278
51 9273
73 9342
56 9325
42 9258
53 9347
0 1
46 9354
0 1
49 9305
78 9265
44 9280
47 9335
60 9299
48 9379
96 9297
0 1
44 9349
55 9307
45 9260
65 9205
62 9243
41 9307
52 9289
67 9260
56 9326
43 9321
51 9304
0 1
0 1
50 9303
54 9244
52 9269
94 9325
128 9193
31 4
198 9313
50 9302
0 1
62 9292
77 9350
55 9351
76 9230
58 9354
49 9285
60 9272
79 9339
41 9186
48 9282
57 9287
44 9264
81 9292
68 9271
63 9263
42 9174
58 9243
60 9305
64 9357
70 9357
58 9324
100 9210
76 9349
54 9290
62 9320
45 9352
52 9315
49 9310
51 9359
42 9342
1 2
70 9285
51 9267
47 9236
52 9251
45 9318
123 9308
41 9309
45 9202
45 9267
60 9298
45 9273
44 9278
56 9321
54 9389
105 9321
68 9291
38 9271
44 9214
72 9347
66 9320
53 9262
48 9212
51 9271
56 9219
44 9240
52 9306
62 9292
77 9311
44 9340
0 1
66 9348
41 9282
63 9320
87 9206
46 9314
46 9291
46 9337
0 1
51 9318
45 9320
50 9224
59 9328
50 9241
53 9218
77 9329
89 9248
45 9331
44 9258
53 9304
86 9384
52 9347
61 9307
71 9300
86 9245
79 9253
73 9265
61 9382
50 9271
59 9226
55 9250
62 9278
51 9264
68 9323
49 9270
63 9331
45 9293
51 9298
68 9353
123 9207
47 9339
77 9337
117 9251
60 9247
53 9299
74 9382
59 9258
53 9197
70 9280
54 9237
49 9247
49 9241
56 9299
52 9281
53 9345
45 9224
155 9271
71 9242
102 9406
50 9261
46 9235
72 9315
49 9300
48 9259
81 9341
43 9333
62 9251
59 9289
55 9305
51 9330
74 9280
43 9408
94 9302
55 9272
68 9364
65 9249
61 9301
19 2
52 9278
47 9276
70 9236
65 9240
71 9302
1 2
59 9311
57 9248
0 1
65 9289
47 9316
46 9290
48 9364
57 9375
47 9355
52 9242
41 9256
56 9309
51 9250
50 9263
78 9262
48 9302
47 9263
110 9292
60 9314
67 9279
71 9306
61 9263
97 9265
47 9364
52 9269
63 9260
55 9264
50 9304
49 9277
62 9276
76 9265
53 9236
54 9222
54 9304
85 9262
61 9277
80 9161
68 9333
64 9304
0 1
43 9366
66 9281
0 1
60 9300
55 9313
0 1
54 9178
50 9236
63 9298
132 9292
93 9276
44 9342
77 9284
67 9315
59 9210
46 9277
62 9249
47 9246
69 9229
68 9199
55 9266
71 9219
112 9260
150 9270
62 9273
58 9339
43 9307
58 9326
56 9246
57 9349
56 9325
54 9201
108 9252
47 9297
53 9330
84 9346
89 9275
82 9340
52 9283
123 9327
0 1
48 9244
50 9363
55 9279
0 1
48 9280
56 9241
46 9298
51 9366
59 9251
67 9275
112 9230
71 9308
40 9307
41 9336
45 9327
46 9294
55 9222
70 9340
62 9256
0 1
0 1
53 9420
67 9338
58 9318
52 9236
69 9265
71 9275
81 9278
52 9191
77 9251
43 9249
42 9174
74 9248
57 9333
62 9297
71 9302
92 9222
58 9295
100 9374
45 9339
0 1
39 9235
72 9342
80 9329
80 9279
70 9351
51 9342
50 9320
56 9314
53 9243
42 9219
50 9325
62 9325
85 9336
57 9342
49 9270
54 9283
47 9385
54 9317
57 9361
56 9302
96 9340
0 1
67 9225
51 9296
103 9359
46 9239
69 9297
70 9280
57 9322
55 9316
55 9326
54 9255
75 9296
61 9309
73 9256
54 9334
137 9263
55 9335
98 9257
43 9240
48 9265
55 9329
44 9257
55 9396
51 9300
60 9319
72 9247
48 9259
47 9273
86 9302
40 9273
64 9337
42 9259
42 9276
64 9334
58 9316
53 9263
78 9334
57 9318
63 9234
53 9339
55 9317
62 9310
42 9205
69 9272
21 4
42 9309
50 9149
40 9320
57 9225
47 9276
53 9237
65 9296
71 9263
52 9273
86 9282
47 9285
46 9248
47 9276
47 9289
60 9263
77 9337
54 9352
68 9296
61 9323
56 9387
73 9281
53 9343
61 9312
98 9270
73 9429
56 9300
66 9286
0 1
46 9299
63 9241
5 2
69 9272
72 9282
48 9311
47 9313
50 9263
50 9261
59 9265
45 9252
53 9228
40 9284
61 9311
104 9288
91 9319
39 9248
46 9205
49 9287
73 9320
49 9296
7 3
59 9216
45 9372
41 9287
46 9212
54 9259
52 9217
42 9395
43 9278
41 9220
64 9240
46 9282
60 9301
66 9322
65 9282
80 9216
61 9263
48 9266
47 9288
50 9329
8 2
56 9315
53 9261
125 9306
62 9341
75 9261
57 9368
45 9265
53 9225
53 9280
108 9209
68 9261
0 1
57 9282
91 9343
47 9331
40 9225
46 9257
42 9256
48 9263
53 9272
89 9226
70 9341
62 9304
48 9286
52 9253
71 9238
73 9255
50 9345
95 9311
0 1
42 9197
66 9310
41 9311
54 9225
41 9265
48 9270
70 9226
51 9310
54 9249
62 9232
64 9254
61 9224
66 9316
46 9362
97 9333
65 9279
57 9276
67 9269
66 9301
52 9359
64 9191
69 9334
57 9301
69 9236
49 9317
62 9318
58 9335
55 9286
47 9358
77 9186
51 9221
66 9264
50 9239
73 9312
55 9273
57 9203
117 9260
76 9257
70 9238
48 9252
82 9281
69 9309
68 9346
45 9262
57 9231
61 9263
75 9272
44 9279
42 9290
0 1
52 9284
52 9280
76 9232
84 9304
85 9315
65 9249
84 9281
57 9262
58 9331
46 9243
65 9319
70 9261
70 9346
45 9300
43 9303
44 9259
54 9295
50 9335
50 9361
49 9218
48 9214
0 1
51 9329
50 9365
44 9203
47 9289
84 9308
56 9272
67 9274
57 9255
86 9354
49 9288
47 9270
43 9228
48 9342
46 9272
53 9270
44 9348
84 9297
99 9347
82 9246
60 9216
65 9301
55 9238
83 9340
63 9309
60 9248
49 9237
41 9264
0 1
0 1
59 9362
42 9326
46 9293
51 9296
58 9277
43 9225
47 9318
0 1
0 1
46 9298
67 9216
45 9264
62 9265
0 1
72 9319
77 9310
51 9249
52 9245
88 9311
0 1
17 2
44 9334
63 9268
94 9287
52 9319
56 9252
56 9339
0 1
47 9394
46 9266
57 9291
54 9245
48 9313
41 9287
41 9341
44 9327
8 2
65 9341
90 9329
54 9373
72 9324
58 9337
159 9325
0 1
73 9300
48 9345
87 9292
43 9367
64 9323
43 9281
49 9264
119 9330
47 9290
70 9286
62 9330
54 9310
47 9321
48 9288
52 9302
0 1
53 9311
72 9274
0 1
57 9293
48 9300
64 9308
41 9261
49 9226
45 9301
75 9348
58 9303
53 9257
78 9291
55 9162
63 9335
110 9270
41 9223
51 9290
53 9231
67 9303
42 9305
58 9200
37 9245
46 9241
59 9222
57 9188
0 1
77 9301
69 9325
44 9305
74 9318
43 9345
42 9296
49 9280
87 9272
64 9295
44 9330
64 9314
47 9290
52 9247
50 9354
45 9327
45 9334
47 9308
1 2
63 9309
50 9290
71 9215
67 9345
42 9313
41 9245
67 9319
74 9286
56 9355
51 9320
45 9309
55 9261
56 9267
47 9311
51 9268
53 9241
55 9319
47 9265
83 9209
74 9239
64 9353
48 9316
45 9333
48 9328
0 1
42 9228
103 9310
72 9314
58 9310
52 9251
0 1
67 9289
44 9308
75 9225
57 9321
43 9375
90 9235
82 9339
42 9369
77 9322
81 9326
60 9291
112 9311
56 9302
87 9235
80 9367
41 9335
62 9245
49 9386
68 9253
49 9221
87 9228
49 9270
73 9361
75 9311
49 9270
63 9291
46 9324
66 9317
50 9263
45 9268
48 9351
44 9221
42 9270
69 9324
53 9350
62 9257
0 1
74 9313
67 9239
59 9262
46 9294
40 9305
109 9363
45 9261
66 9292
55 9343
70 9260
46 9303
48 9362
44 9280
121 9294
50 9312
56 9353
57 9270
51 9317
40 9246
70 9343
48 9256
46 9260
63 9385
52 9253
44 9308
60 9338
69 9255
101 9270
68 9292
46 9260
67 9301
140 9241
75 9241
76 9167
129 9264
64 9308
60 9186
53 9303
78 9288
64 9339
0 1
49 9270
45 9323
55 9301
79 9271
48 9306
58 9324
0 1
69 9283
65 9307
56 9264
53 9287
42 9334
51 9258
59 9277
55 9333
59 9306
57 9275
58 9213
49 9275
60 9301
51 9251
101 9303
120 9329
41 9168
40 9308
45 9320
49 9268
55 9366
92 9357
0 1
68 9300
47 9362
39 9280
58 9278
0 1
74 9228
50 9302
0 1
68 9240
64 9336
8 2
54 9391
46 9256
0 1
46 9277
52 9307
51 9338
83 9246
67 9260
51 9303
64 9347
38 9278
0 1
0 1
0 1
61 9323
45 9288
49 9295
78 9234
57 9252
70 9375
111 9256
48 9312
45 9251
63 9276
112 9300
61 9393
46 9242
96 9343
64 9301
61 9332
49 9252
54 9257
53 9295
51 9300
41 9355
55 9307
47 9311
47 9348
69 9321
47 9369
52 9340
52 9340
47 9279
70 9350
52 9290
63 9303
59 9273
51 9302
69 9302
49 9356
50 9343
101 9352
75 9280
47 9239
93 9281
75 9296
0 1
50 9251
58 9306
50 9331
67 9281
65 9324
65 9360
77 9339
40 9248
47 9165
61 9263
111 9279
53 9289
94 9273
52 9276
57 9314
60 9230
0 1
48 9313
40 9207
46 9255
8 2
90 9245
47 9325
53 9283
44 9320
59 9320
64 9261
53 9321
43 9284
44 9255
44 9332
0 1
107 9315
49 9311
129 9345
86 6
55 9309
71 9359
98 9246
65 9337
0 1
53 9245
39 9264
73 9358
37 3
73 9324
43 9318
38 9328
46 9344
59 9225
52 9327
100 9246
66 9330
53 9408
65 9247
70 9319
93 9299
99 9218
62 9325
54 9196
55 9267
1 2
53 9260
51 9289
169 9236
52 9149
48 9270
63 9232
0 1
53 9259
86 9294
71 9273
45 9393
47 9342
86 9275
72 9305
49 9259
0 1
48 9233
50 9301
53 9276
0 1
83 9328
66 9304
45 9239
48 9306
63 9250
48 9292
41 9351
54 9342
53 9311
62 9262
55 9358
63 9230
55 9368
66 9220
87 9337
57 9264
86 9362
89 9314
60 9271
0 1
87 9320
47 9224
54 9324
0 1
85 9303
46 9244
70 9268
90 9317
52 9285
48 9248
95 9303
4 2
69 9312
132 9398
63 9250
47 9272
57 9239
57 9234
74 9332
72 9262
60 9286
50 9255
58 9317
76 9331
45 9303
75 9258
55 9259
41 9249
0 1
51 9291
60 9268
52 9268
45 9287
52 9282
64 9281
56 9260
50 9282
79 9208
54 9238
52 9199
62 9234
77 9206
62 9288
44 9319
80 9220
47 9305
50 9283
131 9223
52 9287
133 9265
54 9348
56 9291
58 9266
53 9266
83 9368
115 9353
52 9328
0 1
63 9298
9 3
47 9296
0 1
0 1
80 9314
0 1
49 9237
43 9302
49 9331
0 1
94 9280
45 9298
59 9347
53 9293
80 9248
50 9262
47 9288
62 9272
50 9280
74 9271
48 9344
62 9214
39 9315
51 9293
52 9311
63 9328
69 9310
52 9281
64 9275
46 9264
44 9344
63 9235
55 9210
51 9371
90 9245
76 9344
3 3
56 9316
66 9300
64 9275
46 9331
66 9247
61 9328
0 1
67 9274
66 9338
55 9300
69 9221
46 9267
119 9285
55 9292
48 9224
43 9272
53 9233
76 9271
71 9236
56 9223
52 9243
59 9345
49 9255
63 9288
58 9319
78 9280
56 9352
78 9341
62 9328
55 9281
83 9355
78 9298
52 9266
39 9359
0 1
46 9321
53 9367
59 9267
19 2
53 9232
76 9229
48 9291
0 1
60 9305
102 9309
58 9345
75 9329
58 9255
71 9218
66 9304
0 1
83 9330
60 9234
49 9265
0 1
52 9234
95 9277
65 9242
54 9282
126 9310
55 9397
64 9263
69 9337
67 9275
48 9293
0 1
66 9216
47 9317
47 9177
59 9347
52 9294
91 9262
47 9266
50 9293
46 9191
120 9277
95 9223
39 9281
53 9274
77 9285
57 9363
94 9249
62 9244
41 9286
0 1
95 9267
58 9267
62 9371
61 9297
