40 9350
39 9315
0 1
36 9315
44 9246
69 9275
50 9220
51 9248
53 9396
41 9355
55 9318
45 9328
47 9333
40 9241
41 9307
44 9267
41 9318
43 9302
42 9311
42 9229
48 9321
39 9285
38 9310
45 9253
42 9288
40 9356
43 9301
42 9244
52 9297
46 9287
42 9226
43 9288
41 9208
41 9280
58 9269
44 9338
55 9271
46 9210
41 9308
50 9248
40 9402
52 9279
46 9204
50 9329
37 9267
39 9233
39 9268
39 9345
38 9305
41 9246
37 9296
40 9327
47 9344
39 9298
41 9342
39 9261
41 9256
41 9346
45 9196
37 9349
43 9346
42 9306
38 9247
39 9376
40 9332
40 9314
38 9200
46 9276
40 9237
38 9223
40 9262
41 9313
40 9301
39 9270
40 9241
41 9359
39 9246
37 9326
41 9307
37 9310
39 9229
39 9289
43 9329
41 9289
36 9238
39 9164
38 9231
40 9338
49 9337
39 9274
40 9201
42 9260
40 9247
39 9308
40 9254
45 9278
39 9248
42 9372
42 9218
41 9240
45 9322
41 9188
43 9219
39 9326
39 9281
41 9316
40 9357
43 9266
41 9306
44 9347
41 9317
42 9190
43 9362
37 9297
42 9327
45 9290
39 9338
41 9292
42 9281
38 9243
41 9283
38 9343
43 9329
41 9350
53 9229
42 9243
38 9256
41 9366
39 9305
39 9322
40 9283
49 9230
38 9290
40 9327
38 9314
41 9333
41 9329
41 9319
40 9244
39 9308
41 9242
41 9303
40 9213
41 9346
38 9326
39 9297
42 9236
42 9323
43 9329
43 9309
43 9290
44 9316
39 9310
36 9253
40 9321
40 9224
42 9256
40 9247
38 9380
43 9235
41 9219
39 9234
42 9271
40 9319
44 9345
40 9268
40 9248
42 9374
42 9316
38 9291
43 9367
37 9233
38 9201
37 9308
44 9373
37 9340
40 9230
39 9281
42 9260
43 9328
38 9353
48 9263
40 9321
39 9256
41 9237
41 9322
55 9289
46 9375
41 9244
49 9288
38 9245
36 9222
39 9219
41 9332
39 9333
39 9358
39 9296
38 9324
35 9187
39 9286
37 9279
45 9251
42 9285
43 9289
38 9308
40 9258
40 9280
39 9251
37 9343
39 9300
37 9192
42 9338
41 9330
49 9367
44 9300
38 9373
40 9286
38 9316
38 9311
39 9276
41 9248
39 9219
41 9292
39 9347
37 9197
41 9250
37 9307
49 9282
45 9310
40 9339
44 9309
42 9194
51 9261
40 9277
43 9254
43 9260
39 9281
41 9147
40 9222
42 9307
39 9264
42 9362
41 9331
39 9334
43 9258
40 9275
46 9364
45 9242
45 9321
48 9359
41 9332
39 9324
43 9393
47 9219
51 9331
51 9430
44 9338
43 9291
67 9401
38 9261
48 9301
47 9273
46 9258
42 9333
40 9299
52 9322
39 9279
43 9278
45 9293
45 9272
52 9276
42 9271
52 9228
43 9193
41 9281
45 9269
52 9220
48 9317
49 9330
37 9306
43 9278
45 9254
62 9316
42 9412
39 9307
40 9289
52 9298
50 9211
47 9234
44 9280
45 9243
53 9183
46 9316
43 9274
49 9254
0 1
69 9307
51 9255
44 9276
40 9260
43 9310
39 9342
38 9324
40 9377
39 9291
38 9260
40 9309
43 9240
43 9300
38 9293
45 9280
41 9364
40 9258
42 9358
41 9311
40 9231
40 9228
42 9273
41 9331
40 9224
39 9267
39 9235
41 9331
38 9269
41 9282
40 9404
47 9336
39 9283
40 9291
40 9267
48 9341
38 9228
44 9319
37 9267
62 9303
53 9345
0 1
45 9311
45 9316
47 9322
46 9258
45 9222
41 9294
49 9291
46 9262
53 9196
39 9386
42 9318
80 9152
71 9342
96 9261
40 9259
41 9344
43 9256
42 9297
0 1
41 9271
44 9270
40 9299
39 9223
40 9281
44 9191
37 9265
38 9205
44 9260
37 9199
38 9221
37 9354
42 9254
38 9327
41 9297
40 9327
37 9350
40 9235
37 9368
43 9369
42 9309
41 9297
40 9264
39 9231
43 9323
41 9287
42 9249
45 9295
40 9263
36 9305
38 9256
40 9240
45 9321
42 9246
41 9380
39 9294
41 9192
42 9335
39 9299
41 9313
41 9229
43 9296
44 9230
39 9265
41 9345
40 9295
41 9297
39 9389
43 9326
41 9340
37 9252
37 9269
38 9276
37 9283
38 9321
40 9297
39 9250
38 9223
43 9245
50 9316
49 9246
45 9281
0 1
61 9303
47 9345
46 9296
97 9307
73 9226
49 9280
48 9230
57 9354
46 9332
39 9309
45 9370
42 9339
40 9329
67 9363
43 9211
59 9236
44 9301
42 9242
42 9335
43 9125
37 9347
42 9251
70 9270
43 9224
53 9393
45 9386
42 9310
38 9248
45 9252
40 9314
41 9368
41 9297
40 9291
44 9266
43 9332
42 9276
47 9280
41 9310
43 9239
40 9265
42 9343
41 9267
41 9364
40 9333
38 9230
41 9307
40 9261
41 9268
43 9226
42 9288
39 9290
40 9285
0 1
41 9145
40 9240
40 9177
41 9271
43 9278
38 9226
41 9262
42 9363
80 9308
60 9258
72 9301
62 9262
65 9329
62 9250
45 9216
63 9292
90 9236
72 9308
54 9269
70 9307
52 9276
59 9275
40 9320
44 9307
56 9331
46 9272
40 9362
40 9266
47 9298
53 9323
48 9320
38 9302
41 9281
45 9341
52 9253
48 9301
40 9238
41 9292
43 9274
39 9282
41 9290
43 9262
39 9353
39 9276
42 9256
41 9307
42 9299
46 9264
42 9247
52 9332
37 9262
39 9278
39 9326
41 9266
43 9363
42 9346
40 9281
42 9302
43 9245
42 9209
42 9288
40 9344
41 9360
47 9214
40 9258
43 9207
41 9208
40 9279
40 9295
0 1
45 9232
39 9237
41 9343
46 9108
38 9314
47 9283
41 9299
42 9281
41 9261
39 9416
38 9370
39 9301
40 9312
39 9270
43 9320
47 9270
39 9346
39 9254
44 9328
39 9235
49 9281
45 9302
45 9316
42 9298
73 9268
53 9314
42 9272
46 9271
42 9287
40 9299
45 9290
74 9253
39 9295
40 9275
38 9290
40 9220
42 9319
39 9349
39 9314
39 9270
40 9273
35 9282
38 9322
41 9292
42 9249
40 9233
40 9290
44 9284
46 9240
39 9376
38 9287
42 9307
42 9355
40 9279
43 9274
38 9319
41 9335
48 9241
43 9299
42 9223
39 9214
39 9255
39 9288
40 9350
42 9277
38 9259
38 9362
43 9267
39 9211
41 9288
42 9267
63 9331
48 9262
54 9296
55 9348
55 9265
51 9355
75 9201
94 9315
38 9305
46 9265
39 9395
43 9304
37 9303
41 9262
44 9269
46 9313
41 9241
42 9184
38 9310
80 9200
46 9246
47 9277
40 9372
36 9259
39 9254
48 9296
42 9231
50 9348
41 9333
39 9327
42 9379
42 9340
43 9283
40 9351
47 9281
38 9235
42 9271
42 9214
41 9305
39 9274
40 9351
46 9299
48 9252
43 9238
43 9336
34 9293
46 9252
5 2
51 9355
0 1
85 9269
40 9340
38 9229
44 9305
44 9335
42 9235
47 9242
41 9283
40 9244
42 9296
43 9326
37 9281
38 9356
38 9229
40 9292
42 9311
40 9257
40 9328
41 9243
39 9322
40 9345
47 9272
47 9321
40 9318
46 9371
49 9301
50 9384
41 9228
48 9330
43 9272
45 9306
41 9274
56 9331
56 9325
42 9351
43 9344
47 9174
40 9292
47 9343
43 9320
39 9232
40 9371
38 9308
43 9326
41 9331
42 9421
40 9301
45 9236
39 9285
39 9316
42 9308
38 9260
40 9328
43 9238
52 9246
48 9301
46 9319
40 9252
42 9302
38 9342
48 9322
45 9292
41 9376
42 9281
40 9318
39 9237
38 9276
40 9321
40 9328
40 9223
48 9369
41 9279
45 9228
49 9296
40 9257
53 9197
47 9330
57 9354
39 9264
39 9190
57 9291
37 9308
57 9314
42 9258
0 1
45 9242
55 9280
44 9305
50 9339
43 9221
45 9255
40 9236
42 9223
41 9264
38 9275
39 9318
40 9371
38 9255
41 9242
39 9304
36 9292
42 9339
41 9270
41 9309
39 9313
37 9236
41 9290
40 9317
64 9281
43 9274
43 9338
46 9330
39 9264
40 9262
43 9265
63 9370
45 9228
44 9307
42 9303
48 9312
63 9313
45 9392
37 9272
43 9365
36 9377
41 9271
41 9280
39 9228
41 9311
59 9225
39 9242
41 9288
43 9327
43 9270
45 9298
40 9372
44 9232
44 9331
42 9241
54 9315
42 9235
69 9270
49 9256
41 9301
41 9358
42 9277
46 9303
40 9249
50 9255
44 9376
43 9226
40 9265
37 9179
45 9320
41 9290
43 9286
44 9259
59 9277
46 9280
40 9249
41 9233
42 9284
47 9266
44 9253
45 9332
43 9303
46 9276
47 9251
54 9327
43 9235
41 9290
42 9225
63 9383
56 9361
45 9284
39 9305
41 9269
50 9310
41 9297
40 9235
42 9237
40 9350
40 9354
44 9273
42 9361
40 9288
39 9244
46 9249
41 9255
38 9333
42 9365
37 9278
39 9318
42 9343
66 9346
41 9299
41 9221
52 9305
41 9281
46 9320
41 9273
44 9281
42 9294
39 9319
49 9288
42 9256
41 9338
41 9315
39 9245
48 9370
44 9326
45 9305
39 9318
41 9356
41 9242
44 9347
41 9393
41 9312
46 9290
0 1
43 9193
46 9387
108 9296
51 9319
42 9275
44 9295
42 9317
66 9300
44 9281
41 9225
38 9337
43 9432
39 9366
45 9246
53 9251
40 9303
39 9285
37 9317
40 9288
38 9214
50 9367
38 9358
45 9299
40 9420
51 9362
40 9266
45 9308
61 9263
44 9262
44 9321
38 9262
45 9322
37 9241
36 9257
43 9285
53 9329
41 9225
43 9278
42 9384
40 9357
41 9241
39 9271
55 9230
45 9357
48 9354
45 9301
43 9339
40 9267
38 9267
42 9261
41 9197
40 9285
42 9259
39 9285
40 9257
38 9165
39 9211
44 9238
41 9263
39 9322
42 9278
40 9253
37 9302
43 9329
39 9204
43 9315
43 9280
41 9269
45 9269
42 9287
39 9371
42 9379
42 9348
46 9295
44 9336
41 9262
54 9231
48 9291
41 9360
47 9289
43 9257
47 9309
47 9284
48 9334
53 9286
49 9243
61 9250
39 9358
41 9278
39 9227
43 9276
44 9265
0 1
38 9194
42 9334
41 9308
41 9309
36 9287
42 9240
39 9363
45 9327
49 9362
49 9120
62 9278
46 9394
46 9318
50 9272
68 9277
63 9260
44 9391
41 9338
39 9322
43 9284
41 9217
43 9220
42 9268
44 9278
43 9235
39 9256
41 9205
36 9282
42 9311
39 9267
39 9331
44 9364
41 9305
40 9263
43 9266
43 9176
43 9309
41 9265
42 9280
39 9208
38 9307
43 9323
52 9295
39 9255
52 9300
52 9343
43 9274
51 9272
48 9301
50 9226
46 9391
46 9273
47 9275
50 9348
49 9254
46 9301
52 9300
53 9309
42 9295
48 9304
85 9317
61 9242
50 9270
46 9306
47 9281
81 9265
50 9287
56 9268
52 9292
42 9214
70 9310
39 9305
55 9295
56 9363
54 9338
54 9237
66 9361
47 9311
56 9276
60 9359
52 9289
57 9301
88 9339
57 9179
52 9277
61 9300
46 9230
53 9333
47 9309
51 9287
54 9335
40 9298
56 9298
49 9237
43 9305
42 9307
47 9235
45 9289
42 9187
51 9282
52 9288
46 9264
43 9301
39 9365
44 9371
41 9276
42 9236
49 9349
39 9214
37 9263
42 9360
38 9248
37 9241
44 9267
41 9180
39 9286
38 9259
38 9176
41 9247
43 9268
41 9246
41 9182
42 9262
41 9284
40 9254
37 9268
42 9288
42 9202
41 9275
42 9194
40 9369
41 9261
44 9228
41 9287
43 9250
41 9293
38 9254
38 9310
43 9248
41 9267
41 9314
72 9236
44 9366
44 9288
48 9283
47 9327
46 9264
43 9259
42 9332
48 9224
45 9343
43 9277
41 9294
50 9286
48 9311
47 9303
45 9318
46 9249
43 9261
44 9239
49 9296
43 9239
45 9247
41 9174
47 9242
42 9282
47 9301
42 9339
45 9272
50 9304
45 9298
45 9211
47 9220
50 9249
48 9290
43 9375
46 9340
41 9216
46 9291
40 9291
51 9289
43 9243
45 9298
44 9335
45 9304
45 9333
46 9325
48 9281
49 9207
46 9264
45 9261
47 9356
46 9280
49 9190
46 9309
40 9261
107 9346
41 9336
46 9245
46 9254
53 9246
43 9307
56 9281
45 9360
45 9353
39 9338
46 9255
44 9246
45 9240
46 9293
43 9276
42 9242
47 9327
48 9374
44 9309
56 9280
50 9282
41 9206
43 9273
52 9323
46 9320
47 9368
0 1
44 9345
50 9315
51 9254
40 9300
45 9258
42 9301
41 9294
40 9330
44 9300
40 9265
39 9299
43 9305
41 9350
42 9303
67 9266
46 9365
40 9204
39 9336
54 9349
51 9305
39 9364
58 9281
49 9270
45 9335
40 9232
44 9286
44 9267
48 9255
38 9264
41 9324
39 9309
37 9335
50 9304
43 9314
45 9287
65 9250
44 9317
39 9293
41 9322
41 9356
39 9352
43 9292
39 9275
47 9218
39 9234
40 9311
43 9304
46 9301
48 9310
49 9252
46 9304
49 9374
41 9250
44 9253
41 9306
45 9311
54 9247
41 9245
47 9308
42 9237
54 9338
58 9324
44 9269
48 9251
41 9301
47 9254
39 9260
38 9272
49 9322
41 9291
40 9275
46 9275
44 9325
44 9321
44 9254
43 9364
45 9257
37 9289
41 9343
45 9233
41 9268
46 9341
45 9283
46 9337
42 9351
48 9246
42 9256
45 9254
40 9349
43 9334
41 9277
42 9316
44 9286
48 9417
39 9320
42 9276
47 9241
39 9274
38 9386
42 9381
41 9295
39 9257
39 9296
41 9291
44 9221
40 9345
42 9302
37 9279
52 9209
42 9348
43 9317
38 9238
42 9275
41 9317
40 9274
43 9244
43 9228
42 9228
49 9350
44 9306
41 9257
84 9352
40 9378
40 9393
37 9273
38 9277
40 9247
40 9353
41 9345
43 9329
48 9295
44 9316
40 9400
40 9267
47 9342
38 9302
38 9273
41 9274
39 9237
42 9330
49 9286
43 9316
50 9271
41 9358
46 9201
43 9395
48 9286
42 9249
41 9267
43 9313
38 9314
39 9184
43 9326
38 9285
48 9368
41 9355
40 9264
45 9298
43 9269
42 9281
42 9298
44 9279
42 9266
42 9310
42 9299
41 9202
43 9256
42 9267
43 9338
41 9379
43 9292
51 9296
44 9273
42 9331
44 9262
42 9286
49 9237
43 9322
40 9269
42 9228
44 9406
43 9265
37 9265
40 9294
41 9195
39 9326
41 9306
40 9303
47 9264
41 9208
39 9420
40 9329
43 9307
47 9238
43 9264
41 9386
43 9308
42 9288
44 9240
39 9296
70 9267
43 9307
41 9325
38 9344
44 9328
38 9329
38 9304
38 9297
46 9292
37 9357
41 9281
43 9317
39 9330
42 9337
39 9388
0 1
38 9351
44 9347
46 9316
48 9333
41 9269
40 9270
41 9341
41 9262
42 9299
40 9267
40 9209
42 9253
39 9291
38 9297
38 9326
45 9310
42 9313
41 9300
41 9239
43 9252
42 9310
41 9314
42 9272
39 9286
42 9279
40 9322
45 9309
39 9275
41 9274
41 9302
39 9347
43 9351
39 9285
44 9309
40 9305
43 9287
41 9323
41 9256
0 1
41 9353
44 9283
47 9367
44 9337
44 9261
42 9242
43 9231
45 9333
41 9291
43 9330
41 9345
40 9341
43 9258
40 9302
39 9330
41 9272
37 9205
42 9275
42 9219
44 9297
42 9211
41 9358
41 9298
44 9223
41 9332
46 9385
42 9222
44 9299
48 9198
51 9241
45 9249
42 9277
41 9283
44 9313
38 9225
39 9201
41 9271
41 9364
42 9231
39 9305
44 9190
42 9229
43 9315
46 9336
36 9289
41 9241
42 9267
45 9287
40 9306
44 9357
41 9303
43 9272
46 9336
44 9329
41 9313
40 9329
50 9234
44 9299
38 9246
40 9236
41 9255
42 9245
44 9288
39 9289
44 9215
41 9281
44 9246
40 9333
41 9259
44 9342
41 9219
44 9283
43 9264
44 9138
42 9253
45 9331
38 9228
40 9281
47 9324
43 9311
40 9217
43 9322
60 9224
38 9255
42 9281
45 9305
38 9236
44 9300
50 9297
41 9273
42 9214
44 9310
42 9289
53 9263
44 9315
41 9333
41 9352
37 9228
44 9280
43 9269
39 9312
38 9236
45 9419
43 9238
68 9338
45 9302
42 9301
44 9270
45 9255
41 9191
47 9362
39 9267
41 9325
44 9300
41 9323
49 9335
48 9336
53 9281
43 9344
45 9298
43 9271
48 9255
47 9217
45 9309
43 9216
44 9237
42 9241
41 9222
41 9353
43 9367
49 9317
49 9307
37 9333
42 9273
41 9218
42 9181
43 9231
38 9320
50 9310
45 9257
44 9227
46 9346
38 9255
41 9303
42 9280
43 9265
41 9343
40 9285
42 9331
37 9276
42 9302
44 9262
76 9254
45 9260
37 9276
56 9371
61 9221
46 9299
41 9237
44 9272
59 9259
45 9177
39 9343
45 9218
43 9274
45 9242
37 9290
41 9381
51 9249
70 9356
42 9367
44 9351
53 9265
53 9305
47 9304
48 9356
71 9299
43 9353
41 9191
48 9355
44 9226
103 9327
58 9268
43 9346
42 9332
37 9362
42 9274
45 9259
46 9279
43 9274
40 9286
60 9219
60 9345
52 9269
50 9314
51 9328
45 9244
45 9279
44 9244
38 9223
47 9218
54 9306
54 9280
42 9259
55 9330
43 9303
46 9255
44 9347
41 9408
44 9272
38 9310
40 9336
44 9251
41 9236
43 9306
39 9261
42 9276
45 9346
42 9247
46 9305
44 9291
43 9353
41 9239
47 9351
49 9284
43 9304
38 9280
42 9272
68 9307
55 9333
49 9302
53 9290
41 9354
42 9251
46 9305
42 9369
59 9370
44 9360
40 9219
42 9345
46 9307
42 9316
41 9322
53 9338
46 9244
42 9343
45 9339
41 9369
44 9253
43 9297
38 9373
40 9359
41 9308
38 9277
44 9310
44 9363
0 1
46 9287
45 9244
53 9266
40 9321
37 9299
45 9200
40 9240
42 9273
50 9262
43 9238
51 9298
40 9222
39 9332
43 9293
43 9296
72 9280
46 9333
42 9256
43 9315
39 9235
44 9245
42 9329
49 9279
42 9305
43 9231
49 9369
56 9307
41 9340
42 9315
57 9384
46 9254
41 9349
40 9292
43 9216
46 9333
47 9308
45 9318
40 9302
43 9328
46 9217
52 9267
41 9153
43 9348
50 9337
47 9231
41 9273
41 9280
46 9291
49 9284
48 9211
49 9269
46 9337
48 9369
39 9238
46 9306
44 9328
56 9341
50 9292
50 9332
60 9325
55 9331
52 9347
51 9160
41 9299
56 9289
56 9292
50 9314
84 9357
54 9281
45 9326
42 9255
52 9258
57 9251
55 9350
68 9285
49 9264
43 9269
44 9276
38 9280
43 9328
42 9319
40 9291
39 9281
44 9281
44 9247
41 9288
45 9229
44 9337
45 9249
42 9293
58 9282
41 9255
46 9360
44 9275
41 9271
44 9290
48 9368
62 9304
39 9198
45 9242
43 9292
43 9407
47 9364
43 9303
64 9308
51 9177
46 9325
54 9331
43 9245
51 9338
43 9272
47 9241
50 9247
45 9318
44 9252
41 9361
47 9301
45 9310
47 9305
45 9214
47 9199
44 9221
64 9241
48 9315
47 9267
44 9248
67 9296
47 9357
41 9260
40 9328
43 9280
61 9309
59 9342
42 9308
68 9288
42 9292
47 9302
42 9379
42 9344
37 9294
41 9194
45 9333
43 9276
43 9339
39 9224
41 9311
45 9305
49 9241
49 9268
42 9301
45 9323
41 9376
48 9292
42 9223
45 9320
38 9356
42 9325
44 9319
46 9338
41 9318
47 9228
46 9287
36 9313
44 9249
42 9261
43 9369
42 9274
60 9359
58 9309
53 9229
67 9261
47 9223
48 9321
41 9342
40 9251
38 9249
36 9323
41 9266
44 9239
41 9277
43 9358
38 9278
42 9235
43 9221
67 9313
42 9234
43 9250
43 9321
48 9352
59 9315
48 9338
41 9284
44 9336
41 9256
50 9322
42 9241
47 9323
42 9301
49 9336
50 9327
40 9265
43 9267
47 9312
46 9258
45 9262
48 9278
39 9282
114 9305
39 9329
88 9278
14 3
42 9308
43 9324
43 9206
43 9260
48 9338
45 9223
45 9359
42 9288
39 9169
40 9389
52 9353
41 9279
43 9326
42 9224
45 9364
42 9325
44 9345
44 9243
41 9270
42 9278
44 9330
42 9285
46 9302
41 9273
44 9302
41 9310
42 9361
44 9242
41 9256
42 9359
56 9222
54 9268
42 9286
48 9251
60 9212
58 9224
49 9288
46 9291
44 9352
42 9309
47 9298
59 9308
56 9297
45 9303
54 9339
53 9288
45 9367
41 9300
83 9316
43 9373
42 9351
43 9226
42 9269
48 9319
42 9249
47 9247
42 9248
38 9302
40 9333
43 9296
43 9177
42 9331
52 9250
41 9257
49 9322
37 9302
52 9280
46 9329
72 9254
39 9366
47 9329
58 9311
45 9285
52 9321
40 9207
43 9307
39 9216
42 9314
41 9280
40 9309
39 9318
41 9258
43 9246
46 9242
40 9342
44 9338
46 9346
43 9323
67 9313
48 9279
52 9255
40 9231
41 9406
72 9283
47 9279
70 9284
42 9316
40 9221
46 9346
43 9218
43 9316
43 9378
47 9254
45 9346
42 9337
43 9323
41 9163
54 9218
48 9369
56 9286
42 9333
50 9326
47 9304
49 9294
43 9345
41 9233
40 9305
43 9281
54 9342
46 9391
42 9280
41 9241
54 9257
54 9211
47 9271
43 9260
48 9256
54 9300
56 9238
0 1
45 9369
40 9281
47 9280
49 9300
37 9233
42 9339
39 9302
39 9322
42 9344
52 9351
41 9300
38 9285
46 9250
39 9256
64 9258
41 9315
43 9308
37 9375
58 9219
39 9329
41 9249
39 9287
41 9233
42 9273
42 9223
39 9356
87 9318
60 9273
44 9235
57 9208
43 9247
42 9332
43 9227
44 9343
52 9358
42 9268
47 9243
43 9277
39 9273
45 9243
39 9274
55 9288
42 9301
42 9361
41 9338
41 9263
39 9275
46 9362
70 9342
48 9322
46 9195
42 9243
44 9301
45 9279
43 9291
41 9208
40 9234
40 9257
42 9235
44 9381
38 9299
46 9327
40 9373
42 9309
46 9309
45 9227
40 9248
38 9392
42 9308
44 9290
40 9306
48 9321
40 9295
44 9313
44 9275
43 9310
42 9362
42 9289
36 9295
42 9253
41 9307
42 9327
42 9253
77 9207
55 9284
62 9354
62 9304
45 9300
39 9263
42 9325
77 9311
77 9254
88 9235
43 9270
41 9293
50 9243
45 9352
42 9233
39 9241
53 9328
48 9272
41 9254
42 9299
44 9308
42 9297
44 9326
40 9304
0 1
41 9346
37 9280
40 9282
46 9287
40 9319
42 9323
54 9302
40 9316
50 9226
41 9254
41 9263
40 9351
43 9291
43 9313
38 9238
41 9280
42 9383
43 9263
42 9284
46 9307
43 9301
41 9333
41 9290
43 9333
40 9298
48 9205
46 9253
40 9284
42 9329
44 9296
42 9219
40 9288
42 9328
40 9164
41 9320
42 9312
38 9237
44 9210
42 9317
44 9283
44 9265
44 9305
43 9240
39 9302
64 9312
39 9345
37 9262
43 9361
41 9350
42 9289
41 9293
42 9266
46 9174
47 9323
41 9247
44 9244
65 9251
46 9312
41 9303
43 9293
41 9193
44 9384
42 9255
43 9265
41 9278
42 9305
37 9207
42 9282
39 9195
41 9301
43 9290
44 9273
44 9253
43 9239
45 9306
42 9272
42 9323
41 9263
43 9316
41 9281
41 9280
44 9312
40 9294
39 9325
39 9259
41 9237
40 9407
42 9298
41 9251
45 9324
50 9342
53 9328
78 9233
39 9273
50 9211
45 9269
48 9307
45 9322
44 9383
52 9339
45 9293
50 9354
48 9270
54 9322
51 9308
0 1
46 9351
46 9273
51 9343
43 9312
45 9263
63 9286
45 9336
40 9344
49 9219
44 9298
45 9329
46 9300
45 9217
42 9352
39 9279
0 1
60 9301
61 9259
63 9325
44 9224
56 9371
63 9275
45 9329
59 9304
59 9193
75 9219
43 9287
49 9216
42 9258
46 9198
53 9272
44 9323
47 9343
42 9242
45 9317
47 9288
40 9300
49 9180
50 9270
53 9307
23 2
43 9267
45 9265
56 9291
44 9234
57 9306
53 9269
52 9269
54 9204
89 9240
49 9296
41 9314
44 9242
43 9269
43 9327
40 9321
44 9329
51 9269
50 9275
44 9348
61 9245
46 9303
50 9257
40 9257
38 9219
46 9264
47 9289
41 9256
42 9242
42 9312
45 9264
49 9260
40 9377
48 9334
47 9261
58 9406
46 9208
55 9237
40 9247
48 9344
43 9305
145 9261
54 9296
0 1
40 9259
39 9251
40 9262
52 9238
39 9266
52 9316
45 9276
49 9282
43 9289
47 9343
42 9308
41 9335
39 9290
51 9234
42 9352
42 9237
44 9301
38 9307
45 9219
45 9219
42 9323
39 9224
40 9308
39 9285
46 9229
42 9239
40 9228
43 9333
85 9314
40 9291
39 9219
49 9216
40 9278
45 9304
43 9346
47 9288
44 9362
41 9239
43 9290
45 9238
44 9286
43 9316
41 9300
43 9219
42 9272
43 9295
44 9315
52 9346
47 9262
48 9201
58 9309
48 9198
45 9319
54 9284
63 9277
0 1
40 9259
41 9217
39 9397
47 9286
38 9387
48 9311
40 9334
39 9290
42 9288
69 9243
46 9262
41 9225
46 9310
0 1
0 1
43 9288
45 9296
56 9345
54 9270
51 9320
56 9350
48 9291
53 9319
48 9364
45 9314
48 9318
43 9304
41 9291
44 9291
44 9326
46 9277
45 9306
0 1
44 9315
47 9364
46 9286
46 9189
49 9286
50 9225
45 9184
48 9219
49 9329
46 9267
47 9310
48 9243
45 9219
48 9310
44 9243
44 9300
46 9199
45 9297
50 9210
45 9264
44 9301
43 9264
39 9275
38 9324
53 9348
50 9270
39 9246
48 9358
46 9276
42 9272
47 9302
57 9255
45 9317
40 9302
41 9301
54 9297
44 9291
53 9354
41 9249
49 9245
43 9263
43 9294
46 9251
41 9352
45 9261
56 9328
105 9276
0 1
42 9287
46 9272
44 9343
48 9306
58 9309
43 9295
39 9208
43 9324
41 9244
40 9321
39 9280
38 9306
43 9298
41 9296
43 9295
42 9288
40 9330
56 9263
76 9255
60 9296
45 9350
37 9228
43 9312
44 9297
44 9284
48 9259
46 9234
47 9296
51 9230
52 9289
41 9241
53 9180
54 9350
70 9276
48 9308
42 9297
58 9272
58 9295
51 9293
49 9247
53 9249
64 9274
63 9278
61 9236
85 9329
41 9250
54 9285
55 9267
45 9356
45 9389
49 9272
42 9362
45 9284
85 9353
44 9313
45 9236
48 9247
40 9220
105 9316
64 9229
43 9181
44 9356
45 9196
45 9279
41 9232
46 9325
51 9343
48 9250
0 1
40 9379
41 9267
47 9249
43 9257
41 9306
44 9251
43 9309
43 9201
53 9290
44 9327
0 1
45 9372
42 9331
41 9354
47 9252
47 9369
51 9201
38 9208
48 9293
48 9289
43 9279
54 9262
43 9355
54 9331
58 9278
44 9282
41 9267
47 9285
53 9314
75 9308
61 9295
62 9264
69 9339
40 9380
43 9341
49 9278
42 9308
45 9242
43 9273
45 9382
49 9220
58 9339
0 1
90 9297
55 9314
59 9316
44 9316
49 9300
54 9258
46 9261
45 9298
45 9294
47 9368
44 9362
74 9296
40 9193
49 9305
44 9279
41 9259
58 9231
45 9148
67 9291
48 9239
43 9267
53 9310
52 9311
56 9316
56 9218
43 9308
42 9284
52 9392
40 9236
43 9261
45 9322
47 9253
48 9309
46 9276
46 9294
45 9239
43 9231
43 9285
46 9315
63 9333
48 9194
61 9244
43 9224
47 9307
43 9322
49 9299
44 9260
42 9241
46 9315
47 9293
42 9261
54 9304
42 9271
39 9336
50 9260
47 9247
42 9304
53 9316
48 9374
44 9281
57 9211
39 9300
44 9216
48 9369
46 9341
39 9290
53 9358
54 9339
49 9294
71 9266
45 9167
48 9320
47 9330
46 9304
45 9258
45 9263
48 9283
50 9306
41 9265
46 9343
50 9341
55 9284
44 9331
41 9272
46 9270
0 1
104 9327
58 9266
46 9262
51 9351
52 9279
43 9270
52 9270
47 9266
40 9278
44 9223
48 9342
111 9278
44 9285
48 9365
49 9310
46 9373
43 9388
41 9282
46 9305
47 9371
43 9219
44 9283
50 9288
56 9370
50 9183
48 9361
42 9319
52 9342
50 9341
43 9312
48 9254
49 9348
51 9281
50 9256
45 9316
39 9288
42 9311
39 9366
42 9277
50 9266
45 9236
46 9339
44 9318
37 9256
41 9289
40 9248
41 9303
41 9328
42 9274
44 9194
41 9226
40 9271
46 9286
39 9288
45 9301
39 9334
41 9320
42 9285
42 9260
41 9301
44 9196
44 9271
42 9242
42 9231
43 9342
53 9235
42 9290
42 9288
46 9226
47 9303
48 9270
57 9235
55 9254
45 9371
43 9211
37 9257
58 9278
41 9315
43 9338
52 9350
54 9214
50 9295
64 9243
0 1
55 9370
75 9265
53 9305
50 9288
67 9228
46 9297
66 9331
51 9301
44 9333
52 9294
45 9227
62 9320
49 9290
48 9320
54 9338
44 9319
50 9230
40 9358
44 9291
43 9306
48 9289
46 9361
44 9282
53 9280
40 9279
46 9365
59 9292
44 9263
46 9359
44 9274
52 9328
40 9238
53 9314
21 2
43 9269
51 9323
41 9213
43 9317
45 9262
49 9212
43 9334
41 9237
43 9318
47 9256
43 9252
41 9247
48 9275
39 9309
0 1
66 9232
55 9237
44 9247
50 9300
45 9247
0 1
3 2
45 9270
45 9295
41 9341
42 9355
46 9268
43 9219
40 9308
44 9255
45 9234
43 9383
40 9274
43 9336
39 9302
42 9195
44 9270
42 9254
39 9353
46 9288
43 9220
42 9273
40 9280
52 9264
45 9327
40 9350
46 9342
65 9358
57 9325
57 9218
41 9274
45 9312
41 9348
44 9275
48 9317
50 9298
47 9335
42 9293
43 9255
40 9310
42 9251
48 9338
48 9272
44 9346
39 9317
42 9342
40 9340
38 9291
43 9302
44 9277
41 9268
51 9209
39 9195
41 9278
42 9315
43 9269
46 9200
43 9305
38 9283
46 9235
42 9338
47 9290
43 9295
42 9256
43 9278
37 9292
46 9211
42 9307
40 9365
44 9312
42 9172
40 9234
41 9266
39 9337
43 9252
41 9281
38 9237
43 9288
37 9297
49 9274
44 9365
52 9291
39 9202
42 9285
44 9335
51 9375
45 9303
42 9245
55 9279
47 9305
41 9302
46 9280
53 9294
39 9257
68 9307
61 9337
12 2
42 9333
53 9346
42 9337
41 9286
47 9330
71 9291
56 9320
46 9270
49 9288
40 9212
54 9295
51 9406
51 9294
60 9271
57 9287
44 9392
45 9311
63 9289
42 9250
42 9324
39 9286
39 9286
42 9323
40 9264
42 9346
40 9253
40 9316
40 9310
46 9300
45 9287
61 9323
43 9286
42 9279
43 9259
44 9382
40 9313
44 9163
44 9251
42 9344
39 9328
46 9348
45 9356
43 9286
46 9246
55 9321
43 9354
39 9270
44 9300
45 9351
54 9299
60 9286
46 9266
44 9289
64 9325
62 9267
54 9299
58 9299
42 9330
39 9307
43 9235
44 9270
45 9418
44 9283
44 9256
43 9300
44 9356
45 9264
53 9302
47 9261
48 9360
46 9270
57 9296
51 9248
41 9306
41 9226
39 9301
43 9304
45 9365
41 9189
39 9308
42 9311
39 9337
43 9297
43 9183
43 9270
39 9243
45 9289
45 9238
46 9318
44 9264
48 9320
45 9322
47 9345
43 9283
44 9283
45 9245
44 9264
43 9280
52 9254
47 9340
42 9274
47 9270
56 9295
43 9305
50 9351
44 9296
45 9276
49 9172
43 9333
0 1
46 9151
44 9354
43 9363
46 9297
48 9207
48 9280
44 9309
63 9328
83 9322
73 9300
55 9320
43 9328
41 9240
37 9279
44 9275
40 9341
57 9296
40 9252
39 9247
49 9275
45 9285
50 9289
51 9313
54 9332
49 9261
40 9170
48 9364
44 9255
45 9243
48 9138
50 9303
49 9409
95 9256
44 9193
52 9258
64 9195
0 1
44 9245
50 9241
43 9216
48 9338
44 9234
53 9346
43 9277
47 9217
44 9240
48 9254
45 9272
43 9344
47 9288
47 9319
43 9338
43 9250
57 9287
47 9376
43 9280
44 9354
49 9395
62 9228
43 9317
43 9222
43 9234
42 9231
43 9345
40 9288
46 9224
45 9323
51 9396
46 9252
39 9260
47 9250
45 9387
43 9372
61 9330
42 9330
40 9315
56 9367
83 9307
46 9291
52 9319
88 9304
50 9229
81 9194
42 9366
60 9316
48 9221
57 9256
49 9278
48 9328
44 9368
48 9298
40 9398
44 9272
41 9359
45 9398
77 9222
43 9285
44 9278
38 9255
43 9212
44 9281
46 9248
42 9250
41 9300
38 9288
45 9318
42 9253
45 9316
39 9335
42 9316
43 9219
47 9162
42 9147
46 9197
39 9309
43 9310
41 9284
45 9360
51 9271
49 9300
40 9341
80 9270
58 9290
55 9299
70 9220
55 9277
44 9342
51 9298
40 9289
48 9288
47 9287
43 9300
51 9228
43 9327
48 9202
51 9247
61 9323
106 9251
125 9407
49 9346
41 9309
45 9293
60 9221
51 9276
48 9255
67 9219
43 9277
45 9310
58 9318
43 9357
50 9220
43 9290
47 9277
53 9303
60 9350
44 9242
51 9341
40 9359
46 9264
38 9254
41 9271
0 1
44 9299
42 9288
39 9354
39 9263
47 9398
41 9289
41 9210
39 9273
41 9204
51 9330
47 9247
39 9225
41 9279
44 9253
51 9399
42 9391
46 9291
40 9399
47 9344
49 9197
42 9279
49 9219
40 9307
44 9343
41 9312
42 9199
42 9324
43 9259
42 9290
41 9299
38 9323
42 9386
45 9284
79 9278
48 9223
42 9295
43 9257
41 9396
43 9237
55 9323
43 9312
38 9236
42 9362
39 9250
38 9315
40 9306
46 9287
48 9276
52 9248
42 9238
44 9346
39 9228
41 9296
41 9352
40 9228
46 9256
39 9338
42 9332
61 9287
43 9344
52 9427
40 9259
48 9350
38 9380
42 9279
61 9346
40 9361
48 9316
40 9256
39 9365
43 9295
48 9227
41 9292
42 9310
53 9252
45 9258
54 9210
47 9327
50 9241
42 9194
41 9305
45 9319
42 9341
52 9252
52 9242
41 9348
43 9336
46 9300
70 9265
42 9274
41 9257
44 9288
42 9302
57 9325
44 9263
42 9314
53 9303
50 9266
42 9254
42 9295
39 9296
44 9253
45 9358
42 9283
41 9335
47 9322
46 9233
42 9209
49 9331
44 9293
43 9275
50 9349
0 1
43 9199
49 9268
37 9291
43 9359
46 9366
49 9275
48 9290
42 9235
43 9294
87 9252
42 9306
46 9315
61 9250
56 9300
58 9375
42 9316
49 9342
42 9305
40 9228
43 9262
41 9238
49 9323
43 9291
47 9333
42 9287
47 9425
46 9275
46 9288
41 9340
47 9233
41 9313
50 9232
44 9256
51 9279
76 9249
44 9339
67 9310
44 9264
51 9318
45 9325
39 9281
49 9221
47 9250
37 9239
49 9283
43 9283
45 9246
43 9309
41 9231
44 9372
55 9310
41 9240
53 9286
51 9286
43 9262
44 9348
57 9239
47 9319
43 9275
44 9313
38 9277
45 9275
0 1
78 9324
41 9328
54 9351
38 9265
55 9336
52 9374
59 9267
73 9177
49 9300
39 9299
41 9377
43 9348
45 9221
76 9324
41 9334
42 9360
50 9298
38 9316
42 9278
43 9331
39 9234
39 9365
42 9278
48 9310
38 9265
39 9321
40 9325
41 9308
41 9230
41 9313
52 9282
72 9266
40 9165
42 9349
46 9312
40 9260
47 9336
52 9335
43 9364
44 9240
43 9291
38 9272
59 9202
47 9267
45 9391
43 9281
49 9272
47 9372
46 9315
47 9380
52 9233
42 9356
45 9315
45 9307
40 9303
43 9289
43 9223
44 9325
42 9277
44 9272
48 9314
45 9275
51 9330
45 9259
50 9268
67 9329
44 9323
45 9282
40 9280
51 9224
62 9265
47 9327
40 9266
46 9275
43 9266
43 9272
48 9299
38 9276
38 9345
49 9282
49 9271
48 9341
47 9295
40 9296
63 9290
72 9294
75 9260
51 9250
60 9245
74 9300
40 9281
45 9375
61 9298
47 9270
13 2
45 9215
45 9138
56 9302
81 9238
113 9292
33 11
125 9377
52 9313
44 9277
40 9278
43 9238
41 9284
43 9343
51 9313
42 9266
58 9241
52 9226
50 9192
43 9279
47 9336
43 9335
51 9370
51 9365
41 9320
42 9307
48 9215
39 9284
43 9254
39 9264
37 9302
40 9331
48 9277
50 9301
45 9205
42 9244
55 9307
48 9214
45 9326
39 9292
43 9304
52 9253
41 9207
39 9329
40 9211
43 9302
42 9289
50 9297
41 9321
49 9357
42 9280
40 9179
39 9258
54 9241
39 9321
44 9291
45 9307
39 9334
43 9287
44 9321
44 9299
39 9369
40 9273
38 9382
50 9333
40 9307
39 9349
44 9308
41 9305
48 9265
41 9243
40 9294
41 9273
52 9273
48 9315
44 9327
47 9279
41 9225
48 9249
46 9292
40 9284
0 1
50 9256
55 9347
42 9357
41 9250
46 9243
44 9305
50 9313
50 9217
52 9308
54 9248
58 9251
46 9289
46 9284
72 9285
62 9236
51 9258
95 9276
48 9258
43 9334
45 9348
0 1
42 9344
43 9298
142 9259
41 9333
43 9385
49 9307
44 9335
45 9270
48 9216
54 9336
41 9299
63 9284
43 9254
48 9153
45 9281
58 9340
41 9407
52 9315
41 9344
40 9371
45 9397
40 9246
39 9332
45 9300
57 9307
45 9300
41 9346
48 9298
40 9305
42 9390
57 9313
43 9330
38 9285
43 9283
40 9359
48 9318
46 9355
44 9326
46 9238
55 9365
41 9369
100 9327
40 9362
43 9314
52 9366
60 9285
44 9322
41 9377
40 9321
44 9259
41 9259
45 9301
49 9305
51 9281
40 9331
49 9386
48 9251
56 9335
44 9280
42 9246
42 9229
44 9241
41 9281
46 9317
42 9262
49 9271
47 9336
43 9330
40 9257
42 9297
41 9187
41 9304
61 9213
40 9372
45 9310
50 9206
41 9296
40 9249
43 9296
44 9301
54 9394
64 9348
43 9401
42 9285
36 9271
44 9297
43 9320
43 9270
41 9331
40 9280
42 9264
50 9226
45 9333
48 9287
41 9343
41 9221
43 9260
50 9361
47 9321
47 9256
47 9290
45 9301
45 9321
51 9240
66 9273
47 9306
44 9308
48 9269
48 9347
39 9253
39 9302
40 9360
41 9285
40 9367
42 9325
40 9302
61 9335
45 9313
60 9384
56 9259
52 9271
53 9304
51 9232
48 9280
43 9306
38 9181
38 9283
43 9246
50 9272
38 9352
44 9351
42 9341
43 9318
43 9286
40 9293
40 9302
50 9198
44 9286
39 9305
41 9255
41 9279
40 9263
80 9285
59 9303
47 9273
22 11
48 9256
85 9316
40 9339
51 9180
0 1
0 1
40 9321
43 9334
45 9261
43 9266
48 9196
48 9243
64 9332
44 9299
39 9363
42 9308
39 9322
49 9332
49 9383
41 9377
43 9275
43 9312
42 9231
40 9279
45 9299
49 9347
54 9302
46 9300
44 9241
42 9300
54 9268
60 9323
45 9330
57 9332
40 9289
45 9275
47 9267
39 9229
41 9307
62 9229
46 9284
44 9292
51 9237
64 9298
68 9269
44 9267
43 9383
43 9244
42 9258
46 9247
50 9283
54 9296
45 9382
50 9188
44 9213
109 9252
70 9248
17 2
54 9355
47 9260
42 9379
53 9222
42 9298
43 9268
43 9307
42 9196
44 9245
40 9315
45 9231
55 9399
47 9324
52 9307
43 9388
50 9206
50 9318
43 9355
0 1
65 9292
39 9370
46 9381
42 9305
50 9289
73 9281
44 9275
88 9280
50 9299
44 9258
43 9307
44 9317
49 9349
37 9247
42 9292
45 9200
51 9260
39 9405
69 9215
72 9170
46 9310
38 9378
87 9310
48 9260
40 9295
49 9291
48 9340
60 9331
59 9224
40 9328
53 9309
47 9427
42 9277
42 9265
49 9278
41 9311
0 1
51 9282
103 9373
66 9290
47 9294
46 9270
0 1
38 9270
48 9295
47 9314
0 1
43 9312
45 9260
75 9266
85 9264
53 9311
45 9235
64 9378
54 9261
43 9338
45 9252
50 9239
42 9287
52 9331
42 9264
41 9290
0 1
47 9284
47 9308
38 9259
41 9267
48 9304
40 9279
39 9310
44 9243
44 9346
44 9142
63 9314
51 9168
60 9345
54 9200
51 9281
51 9299
71 9383
63 9268
100 9305
81 9273
44 9299
37 9266
40 9283
51 9339
44 9304
51 9326
55 9329
43 9278
51 9269
44 9248
38 9298
48 9248
0 1
43 9214
45 9254
39 9221
41 9298
38 9339
38 9362
38 9253
50 9332
41 9292
44 9321
43 9362
44 9374
44 9291
39 9405
51 9218
48 9236
42 9289
0 1
50 9272
46 9183
42 9176
44 9307
47 9300
42 9324
45 9260
48 9348
43 9286
49 9287
45 9247
45 9336
44 9235
40 9372
44 9320
42 9327
46 9317
52 9333
43 9273
42 9300
41 9323
40 9331
40 9243
49 9248
42 9328
41 9253
45 9244
50 9279
45 9306
47 9390
42 9292
40 9319
48 9333
43 9256
42 9328
50 9303
45 9284
41 9276
56 9284
43 9366
40 9264
51 9322
46 9274
45 9360
87 9337
41 9318
42 9318
46 9255
43 9292
41 9261
39 9310
0 1
45 9348
43 9323
42 9298
40 9286
42 9339
42 9323
45 9300
42 9175
58 9177
40 9287
42 9334
44 9369
52 9320
52 9198
42 9241
43 9298
39 9343
45 9289
42 9351
59 9265
59 9362
46 9205
41 9233
50 9255
39 9269
43 9276
42 9208
45 9328
63 9358
43 9265
48 9337
42 9284
60 9249
42 9237
40 9282
43 9324
40 9381
39 9283
40 9259
56 9260
50 9298
40 9295
42 9332
50 9236
50 9260
57 9306
49 9269
38 9277
43 9265
56 9366
48 9330
46 9236
49 9436
42 9237
54 9398
51 9335
51 9254
44 9289
50 9294
0 1
47 9232
56 9229
44 9251
57 9335
48 9246
43 9328
48 9352
61 9309
61 9228
42 9274
47 9346
39 9301
50 9354
50 9403
46 9323
51 9357
39 9333
42 9294
49 9222
51 9261
41 9301
40 9333
43 9239
49 9306
43 9270
44 9311
48 9278
42 9286
42 9284
48 9263
45 9216
56 9381
51 9285
42 9241
47 9285
42 9262
53 9273
43 9341
47 9198
44 9207
40 9355
58 9300
62 9341
61 9280
88 9230
73 9306
46 9269
44 9307
130 9229
54 9281
42 9320
44 9309
68 9263
50 9337
64 9284
48 9274
55 9332
63 9293
46 9366
56 9335
62 9256
50 9282
70 9274
53 9349
87 9299
53 9348
45 9371
44 9288
39 9268
53 9223
48 9316
52 9218
51 9311
67 9359
53 9250
51 9286
49 9298
48 9255
50 9318
54 9319
69 9304
69 9358
51 9299
49 9359
46 9270
53 9267
50 9292
64 9358
0 1
44 9315
53 9316
38 9284
41 9367
49 9263
40 9299
43 9236
48 9247
48 9282
45 9373
46 9270
40 9227
40 9290
45 9352
43 9320
48 9303
58 9195
47 9279
41 9232
49 9280
49 9260
46 9327
54 9273
41 9273
70 9313
42 9290
43 9321
50 9315
38 9296
43 9258
41 9354
40 9270
42 9278
41 9239
41 9321
73 9271
39 9275
42 9358
46 9332
37 9293
41 9300
41 9273
40 9266
49 9313
45 9308
53 9234
42 9289
45 9286
45 9239
39 9310
43 9306
51 9290
41 9264
41 9296
40 9278
39 9290
46 9374
41 9258
57 9298
44 9319
52 9272
41 9313
49 9259
53 9278
42 9297
43 9332
57 9347
94 9258
51 9343
41 9224
43 9350
44 9321
65 9310
52 9395
51 9263
51 9327
54 9293
69 9250
77 9220
53 9284
39 9341
40 9200
42 9351
42 9296
41 9231
0 1
46 9377
42 9295
37 9285
42 9315
41 9203
39 9285
40 9226
58 9255
46 9224
55 9340
41 9337
54 9300
41 9393
48 9360
43 9352
52 9260
42 9312
54 9252
43 9322
43 9287
41 9315
44 9341
42 9312
40 9339
45 9345
48 9249
52 9288
0 1
46 9334
0 1
41 9264
51 9322
46 9248
44 9241
40 9264
42 9301
46 9281
44 9302
41 9210
58 9261
42 9257
50 9252
49 9260
41 9235
39 9335
90 9288
58 9253
42 9316
47 9359
43 9323
54 9271
47 9352
45 9341
47 9246
47 9370
46 9226
50 9246
53 9283
46 9293
49 9251
47 9263
46 9263
45 9270
48 9284
45 9255
61 9200
53 9232
48 9378
39 9276
37 9299
41 9332
109 9306
64 9311
160 9360
46 9238
47 9253
46 9362
46 9249
46 9342
45 9316
46 9366
41 9308
59 9358
39 9286
50 9248
41 9300
48 9263
47 9361
41 9238
45 9218
46 9125
56 9300
48 9229
47 9263
39 9274
58 9306
42 9215
116 9294
49 9296
42 9327
44 9361
49 9256
42 9373
40 9223
45 9288
43 9270
46 9291
47 9251
57 9360
45 9215
43 9226
49 9300
40 9307
44 9313
61 9273
44 9327
44 9328
47 9315
63 9307
45 9273
49 9257
53 9303
53 9285
87 9323
48 9321
47 9327
48 9298
43 9362
54 9215
45 9248
42 9307
45 9336
54 9284
66 9277
74 9274
44 9316
108 9261
49 9256
57 9245
43 9232
46 9296
39 9256
46 9287
40 9303
50 9312
76 9281
52 9293
58 9353
49 9260
43 9283
49 9255
53 9240
37 9316
41 9322
39 9325
45 9251
43 9320
47 9278
39 9310
41 9240
39 9276
38 9403
48 9321
51 9363
45 9254
39 9310
46 9267
43 9353
43 9264
43 9297
0 1
49 9324
45 9239
46 9242
48 9350
44 9266
46 9270
48 9274
47 9298
47 9295
119 9267
0 1
57 9242
64 9340
39 9315
48 9303
41 9322
42 9275
41 9298
43 9172
47 9239
45 9340
42 9277
42 9301
43 9287
51 9272
76 9291
44 9272
48 9219
63 9290
45 9256
45 9348
48 9332
56 9275
44 9348
43 9308
46 9342
49 9189
47 9275
42 9314
134 9227
43 9372
39 9304
51 9331
70 9286
44 9321
40 9283
46 9235
47 9280
45 9309
57 9293
50 9343
40 9292
43 9311
42 9257
44 9289
45 9218
49 9278
43 9300
54 9267
43 9345
45 9269
42 9281
54 9264
41 9324
46 9275
40 9269
44 9329
44 9280
43 9345
44 9265
42 9257
41 9327
65 9236
53 9244
73 9335
45 9288
41 9301
69 9257
54 9382
46 9216
0 1
60 9294
51 9245
48 9411
42 9286
51 9278
52 9309
0 1
45 9281
45 9350
42 9318
54 9228
42 9257
44 9273
38 9239
50 9278
43 9326
46 9270
100 9329
44 9275
43 9283
62 9276
64 9318
44 9323
87 9242
98 9312
41 9274
43 9331
42 9229
41 9241
39 9286
42 9285
38 9255
40 9252
51 9303
43 9342
55 9271
36 9300
41 9362
73 9225
53 9253
46 9241
44 9301
0 1
44 9259
41 9347
43 9385
42 9312
42 9344
45 9312
44 9284
41 9290
43 9319
42 9289
41 9310
42 9306
44 9339
44 9349
39 9368
50 9317
42 9238
50 9269
56 9278
46 9319
47 9205
49 9262
54 9354
43 9357
43 9260
42 9293
44 9291
52 9325
47 9246
50 9282
49 9315
43 9298
49 9273
50 9276
46 9273
47 9299
49 9330
51 9327
48 9285
44 9214
42 9284
51 9329
58 9299
47 9304
45 9348
47 9275
0 1
53 9228
45 9213
40 9254
0 1
41 9274
47 9248
50 9277
65 9286
44 9319
44 9272
51 9309
55 9227
50 9268
44 9343
44 9248
46 9311
44 9293
51 9281
55 9329
0 1
57 9262
42 9389
75 9242
44 9261
39 9321
44 9292
45 9280
41 9363
46 9306
51 9201
69 9424
47 9333
52 9290
43 9339
59 9225
47 9339
47 9263
49 9280
54 9360
49 9258
67 9358
53 9305
53 9272
41 9251
42 9315
46 9330
45 9308
49 9251
53 9323
53 9299
56 9305
63 9291
47 9317
47 9246
55 9279
42 9236
41 9275
42 9332
47 9294
51 9325
47 9252
44 9236
71 9316
52 9213
42 9420
44 9352
82 9397
0 1
42 9344
42 9242
51 9291
40 9227
44 9271
80 9306
51 9311
0 1
52 9301
50 9331
58 9342
48 9269
44 9269
49 9260
37 9301
44 9312
47 9364
43 9259
57 9307
39 9243
60 9341
47 9273
44 9304
54 9297
46 9315
51 9242
43 9273
39 9346
37 9283
69 9290
39 9222
50 9262
48 9231
47 9293
42 9284
62 9342
83 9405
60 9255
44 9319
66 9319
57 9238
49 9249
39 9214
0 1
45 9299
56 9312
47 9287
53 9208
42 9308
42 9388
63 9264
49 9286
45 9396
91 9378
45 9252
41 9322
40 9206
45 9356
50 9317
51 9247
52 9268
56 9396
59 9241
44 9232
54 9214
53 9297
57 9327
48 9288
53 9314
44 9416
52 9358
49 9300
49 9284
45 9213
53 9317
46 9300
41 9300
41 9247
47 9389
42 9349
61 9351
47 9313
47 9207
49 9198
43 9312
57 9248
59 9280
79 9256
50 9212
44 9285
45 9340
44 9277
53 9339
83 9211
67 9323
48 9214
58 9336
42 9295
44 9322
60 9297
44 9278
57 9340
48 9341
53 9243
43 9174
46 9244
44 9320
44 9337
55 9347
45 9182
43 9242
0 1
45 9258
59 9357
45 9314
56 9180
51 9372
47 9331
50 9341
39 9345
45 9252
43 9282
42 9333
53 9346
54 9291
47 9247
50 9283
52 9331
50 9308
48 9217
52 9262
43 9254
49 9358
55 9314
65 9285
52 9263
52 9236
45 9256
43 9276
44 9308
44 9250
46 9243
42 9265
0 1
44 9259
66 9411
56 9258
51 9247
40 9219
41 9300
52 9260
61 9386
42 9251
58 9274
57 9299
48 9287
48 9263
53 9197
44 9313
78 9206
65 9264
47 9378
56 9254
51 9318
53 9303
147 9211
68 9364
93 9369
72 9276
48 9317
51 9276
66 9269
46 9261
54 9264
57 9293
40 9323
41 9280
46 9257
39 9397
47 9260
43 9182
40 9253
118 9283
51 9187
47 9274
43 9301
44 9320
43 9408
46 9312
71 9334
43 9206
46 9277
53 9283
55 9316
41 9196
43 9244
42 9280
43 9310
54 9333
46 9343
48 9240
65 9278
44 9261
44 9324
42 9311
42 9298
47 9238
42 9343
44 9313
49 9279
0 1
49 9359
48 9239
45 9245
44 9345
47 9344
39 9316
41 9261
46 9224
41 9301
42 9331
45 9242
42 9225
45 9300
39 9267
39 9265
49 9268
41 9183
44 9258
41 9249
48 9379
39 9308
42 9299
47 9322
38 9268
39 9342
43 9239
39 9230
40 9367
41 9220
39 9308
61 9335
39 9319
37 9309
40 9191
50 9279
40 9422
46 9275
45 9309
46 9355
39 9273
40 9243
46 9275
40 9192
42 9369
44 9331
41 9303
48 9251
45 9301
46 9235
0 1
45 9218
42 9296
42 9301
44 9242
0 1
41 9248
41 9271
39 9264
43 9322
60 9283
42 9259
57 9302
47 9317
49 9362
48 9316
65 9234
45 9287
42 9254
43 9310
44 9266
36 9197
41 9210
47 9290
42 9291
59 9297
42 9225
48 9263
41 9285
42 9236
42 9373
42 9301
41 9361
43 9332
43 9318
39 9230
47 9365
42 9288
41 9272
45 9268
53 9278
53 9276
58 9262
50 9331
56 9148
45 9312
45 9345
48 9308
55 9240
41 9240
84 9274
47 9299
56 9241
47 9362
48 9269
47 9263
48 9268
48 9272
52 9272
53 9286
42 9317
46 9332
49 9239
44 9283
50 9246
64 9239
68 9310
43 9194
45 9368
47 9263
49 9306
59 9268
58 9295
48 9236
43 9199
49 9265
45 9244
47 9211
77 9289
43 9327
43 9331
46 9394
39 9281
70 9285
53 9251
55 9380
46 9271
44 9310
111 9324
41 9217
47 9327
49 9305
41 9265
76 9304
44 9342
61 9337
46 9335
42 9267
48 9296
41 9282
40 9311
47 9187
43 9314
43 9406
47 9317
56 9280
48 9319
40 9404
46 9256
44 9332
45 9300
47 9342
43 9316
43 9273
47 9309
48 9301
49 9269
65 9280
71 9252
47 9294
46 9342
45 9303
49 9304
43 9302
45 9297
41 9299
43 9298
49 9324
43 9245
39 9226
50 9334
45 9323
43 9294
0 1
42 9381
45 9227
44 9315
41 9274
41 9315
44 9292
47 9240
39 9212
42 9239
43 9266
43 9225
43 9283
41 9248
44 9194
46 9297
45 9272
43 9289
40 9293
49 9282
42 9288
41 9183
42 9295
42 9333
39 9232
44 9310
43 3
61 9265
69 9297
47 9290
43 9344
50 9345
49 9346
44 9293
47 9303
47 9285
50 9286
47 9340
46 9321
46 9351
48 9315
43 9269
45 9245
47 9331
49 9372
45 9278
46 9411
50 9300
51 9278
37 9292
46 9281
41 9237
61 9348
47 9215
45 9314
44 9293
39 9296
41 9378
44 9274
35 9248
71 9197
51 9230
64 9216
109 9242
66 9332
42 9316
50 9373
55 9291
41 9338
47 9347
46 9266
41 9285
46 9263
37 9271
42 9344
49 9230
71 9354
41 9260
41 9224
84 9380
42 9364
42 9271
50 9243
45 9273
42 9311
49 9317
45 9316
58 9283
43 9312
41 9405
47 9188
48 9309
41 9299
43 9301
63 9313
65 9258
49 9405
45 9181
45 9249
48 9194
49 9282
45 9267
43 9309
43 9386
45 9309
43 9237
42 9300
44 9207
45 9335
74 9331
59 9321
46 9346
47 9323
55 9308
39 9347
0 1
56 9343
72 9416
66 9300
107 9210
56 9311
51 9273
46 9320
44 9320
47 9281
42 9315
42 9316
121 9261
49 9253
99 9225
54 9255
56 9358
50 9280
48 9291
55 9329
54 9261
46 9252
46 9331
37 9272
44 9321
43 9256
44 9284
41 9306
42 9269
49 9196
45 9227
42 9259
51 9305
42 9332
46 9338
50 9279
45 9342
45 9308
44 9232
43 9333
44 9265
62 9248
61 9209
50 9299
86 9320
49 9290
0 1
47 9249
39 9309
48 9343
41 9260
60 9295
38 9274
43 9297
47 9194
42 9391
42 9280
53 9282
46 9289
44 9283
41 9298
43 9284
44 9302
44 9325
40 9202
40 9322
42 9255
39 9372
50 9277
49 9327
56 9285
42 9293
38 9323
0 1
58 9270
59 9291
58 9247
50 9297
48 9331
64 9176
53 9326
51 9237
43 9303
47 9302
39 9277
45 9370
78 9354
47 9286
41 9277
40 9295
66 9251
48 9334
41 9293
42 9260
38 9276
47 9250
100 9304
91 9288
51 9253
44 9301
42 9290
40 9258
42 9304
47 9308
47 9310
41 9310
70 9248
45 9300
61 9333
59 9299
53 9287
71 9246
50 9271
58 9257
56 9282
39 9306
47 9312
53 9246
49 9295
45 9339
69 9252
0 1
54 9220
65 9261
51 9324
58 9314
43 9327
54 9282
59 9280
69 9329
45 9294
54 9273
44 9244
51 9244
54 9373
52 9264
52 9309
43 9354
52 9243
50 9348
42 9338
47 9228
47 9290
0 1
98 9370
72 9253
55 9276
77 9290
52 9234
46 9318
52 9302
50 9349
68 9341
50 9280
51 9304
46 9347
44 9400
49 9302
42 9242
42 9244
45 9239
43 9330
46 9281
41 9295
45 9313
41 9260
43 9222
43 9196
40 9198
43 9306
42 9283
46 9329
44 9359
44 9287
42 9246
48 9276
51 9347
78 9238
41 9377
47 9222
53 9303
39 9209
42 9330
57 9296
41 9261
43 9275
46 9363
51 9280
89 9329
0 1
49 9231
48 9315
68 9424
52 9215
39 9275
40 9217
48 9314
41 9296
44 9247
39 9352
54 9296
47 9228
58 9281
51 9247
54 9311
45 9364
47 9310
68 9282
47 9219
46 9332
42 9251
95 9291
74 9246
44 9275
50 9296
47 9249
55 9286
41 9292
41 9266
0 1
65 9307
90 9328
48 9259
52 9311
46 9281
42 9339
40 9254
45 9262
40 9358
41 9221
41 9108
133 9310
60 9300
65 9268
56 9211
48 9264
39 9375
57 9315
67 9233
54 9241
63 9281
48 9357
56 9207
68 9376
65 9255
49 9226
51 9311
56 9371
63 9253
56 9286
52 9240
50 9279
49 9298
39 9183
44 9346
44 9339
45 9291
43 9330
46 9317
43 9297
44 9289
42 9256
52 9376
45 9232
51 9335
53 9349
0 1
45 9290
47 9280
47 9254
42 9315
44 9345
52 9266
38 9234
41 9350
57 9366
85 9292
46 9381
62 9358
46 9365
61 9264
54 9291
46 9289
46 9347
46 9274
41 9273
47 9263
49 9330
41 9254
45 9257
46 9334
44 9316
40 9237
50 9255
41 9308
50 9291
43 9291
63 9383
45 9293
0 1
42 9318
52 9255
48 9330
42 9253
59 9317
53 9270
41 9242
53 9311
47 9290
54 9326
52 9287
46 9330
56 9320
51 9322
47 9361
54 9243
53 9357
0 1
52 9322
49 9267
57 9277
10 2
92 9297
44 9249
43 9218
41 9307
52 9340
44 9333
44 9350
43 9274
45 9271
43 9292
44 9317
51 9267
50 9358
54 9353
39 9356
46 9255
48 9161
41 9218
41 9369
50 9327
77 9234
47 9221
42 9281
49 9328
47 9325
36 9266
41 9368
44 9362
59 9301
45 9267
54 9272
52 9264
48 9262
43 9220
48 9309
49 9343
43 9332
47 9314
44 9313
47 9330
43 9245
46 9245
43 9340
47 9212
51 9255
52 9331
44 9305
47 9256
48 9232
47 9329
42 9309
43 9275
88 9241
56 9307
62 9278
66 9237
63 9373
62 9315
55 9398
55 9303
0 1
46 9333
48 9289
49 9369
43 9287
53 9252
116 9258
112 9269
40 9274
51 9321
37 9355
41 9218
53 9266
49 9320
48 9234
37 9240
42 9280
44 9269
47 9248
42 9278
69 9256
48 9320
65 9256
77 9331
57 9194
50 9263
66 9215
67 9296
56 9248
68 9254
81 9319
52 9258
46 9293
76 9280
42 9263
48 9232
40 9311
48 9316
56 9269
48 9237
44 9327
47 9259
40 9321
44 9243
51 9236
54 9271
40 9335
42 9217
49 9296
51 9272
44 9280
67 9320
42 9282
48 9175
45 9337
45 9298
44 9297
50 9305
37 9317
45 9316
38 9245
46 9311
52 9230
55 9197
48 9305
75 9322
44 9221
41 9231
46 9261
56 9321
44 9329
49 9335
45 9283
55 9340
43 9336
47 9323
57 9253
43 9245
44 9240
43 9250
41 9359
43 9238
46 9274
49 9229
62 9316
46 9319
44 9330
63 9232
44 9323
48 9336
50 9390
65 9324
55 9187
50 9248
41 9412
0 1
51 9263
43 9297
43 9311
44 9323
54 9250
49 9263
62 9312
54 9373
86 9251
45 9287
40 9281
50 9281
44 9201
49 9213
56 9334
52 9353
45 9355
44 9295
50 9288
45 9347
45 9328
42 9324
42 9294
45 9315
46 9300
44 9259
59 9372
45 9271
45 9368
47 9257
45 9271
41 9310
57 9331
40 9274
61 9297
66 9291
44 9219
40 9295
42 9272
57 9340
43 9319
42 9319
47 9208
49 9419
42 9274
41 9261
40 9289
45 9223
52 9311
65 9269
51 9234
55 9245
46 9296
47 9398
48 9274
42 9290
49 9269
54 9295
50 9272
47 9314
51 9259
41 9323
46 9308
48 9256
51 9262
47 9266
39 9349
49 9225
39 9269
45 9301
43 9347
50 9243
64 9238
42 9272
52 9272
45 9182
48 9262
40 9332
42 9278
49 9336
58 9242
45 9297
43 9274
50 9254
53 9342
48 9284
42 9161
53 9335
51 9310
50 9317
43 9300
43 9151
84 9315
60 9338
64 9283
55 9313
38 9246
44 9251
45 9250
45 9284
41 9253
38 9254
41 9272
47 9322
57 9409
50 9350
52 9380
43 9356
56 9317
52 9193
47 9253
55 9304
43 9299
40 9239
43 9269
48 9230
44 9246
44 9323
42 9270
43 9276
44 9284
46 9293
49 9193
45 9283
41 9294
52 9273
40 9283
43 9280
39 9226
42 9156
40 9207
54 9306
59 9304
49 9337
42 9320
41 9264
43 9297
41 9275
53 9310
46 9332
43 9299
40 9257
45 9232
41 9265
54 9302
41 9179
40 9289
46 9237
46 9258
48 9223
42 9304
50 9306
46 9360
47 9310
44 9312
44 9247
41 9244
49 9287
42 9313
42 9386
46 9270
50 9298
82 9357
47 9273
0 1
37 9326
74 9328
47 9409
41 9230
45 9314
46 9267
50 9252
48 9294
44 9263
45 9331
44 9284
43 9373
47 9238
55 9261
47 9325
63 9281
46 9310
50 9338
43 9307
48 9255
48 9227
45 9236
44 9302
40 9332
38 9277
47 9201
43 9270
48 9271
41 9325
39 9233
42 9289
42 9231
90 9298
41 9275
40 9212
38 9318
42 9343
42 9337
41 9197
43 9369
42 9240
47 9218
43 9350
51 9330
42 9288
47 9250
49 9263
44 9361
46 9288
44 9318
36 9244
50 9233
46 9289
71 9214
45 9378
59 9329
48 9343
46 9185
47 9246
52 9342
45 9244
51 9270
46 9293
48 9375
54 9323
46 9326
41 9322
57 9254
41 9295
46 9274
52 9297
45 9234
54 9257
45 9285
49 9307
54 9283
46 9244
48 9250
42 9249
42 9237
45 9258
52 9167
43 9309
44 9262
37 9281
42 9285
41 9235
45 9297
43 9321
48 9305
44 9311
52 9309
44 9335
78 9300
45 9279
42 9285
43 9256
46 9228
39 9276
46 9350
42 9374
53 9336
45 9365
46 9230
43 9274
45 9308
38 9283
45 9319
53 9204
40 9299
44 9400
45 9306
40 9316
41 9323
38 9266
45 9210
46 9280
47 9332
40 9282
43 9326
57 9309
48 9250
38 9313
101 9295
48 9290
57 9262
45 9320
49 9240
41 9346
71 9337
43 9299
40 9239
91 9235
49 9270
41 9310
41 9316
48 9292
54 9259
59 9320
42 9323
58 9355
41 9224
42 9259
55 9315
40 9204
42 9324
44 9279
39 9286
47 9266
42 9260
42 9289
43 9308
44 9262
47 9213
65 9275
45 9370
46 9301
48 9183
49 9411
42 9292
44 9276
42 9263
45 9329
44 9263
55 9216
45 9234
76 9166
47 9290
42 9284
46 9287
42 9299
44 9223
57 9314
44 9277
47 9333
46 9348
45 9372
49 9287
50 9315
44 9299
75 9290
45 9289
54 9378
58 9325
45 9291
48 9365
47 9280
46 9291
50 9284
58 9313
59 9319
54 9264
49 9335
79 9356
43 9342
47 9260
51 9274
64 9293
60 9286
46 9244
44 9224
50 9261
48 9244
46 9325
49 9317
48 9260
44 9187
50 9350
40 9380
46 9275
41 9329
0 1
42 9378
44 9320
52 9371
44 9220
45 9317
40 9248
43 9272
40 9357
46 9220
47 9303
37 9314
39 9324
46 9253
4 3
41 9351
52 9269
48 9279
53 9332
52 9298
40 9340
59 9375
45 9201
49 9304
46 9288
67 9326
50 9305
72 9289
63 9253
54 9339
52 9330
43 9252
52 9310
41 9314
42 9325
48 9302
51 9362
44 9178
108 9290
116 9270
48 9266
43 9273
53 9288
54 9279
48 9284
41 9269
43 9270
46 9296
45 9303
77 9372
46 9253
49 9327
42 9308
63 9276
44 9290
45 9314
48 9261
48 9183
52 9349
67 9326
71 9323
77 9303
69 9264
65 9333
58 9211
42 9254
40 9337
55 9289
45 9321
45 9250
56 9320
48 9213
43 9260
44 9215
46 9292
49 9325
43 9365
42 9266
49 9274
43 9366
57 9392
51 9227
44 9279
50 9238
50 9360
43 9287
44 9312
42 9236
49 9263
52 9237
48 9260
56 9295
40 9232
51 9315
40 9434
59 9338
43 9261
43 9289
43 9270
62 9285
55 9257
44 9307
48 9270
40 9333
42 9197
47 9283
53 9293
54 9323
46 9307
47 9373
0 1
57 9359
51 9309
45 9248
58 9224
61 9337
60 9365
45 9236
42 9258
49 9339
39 9300
42 9192
40 9225
41 9317
45 9327
57 9326
47 9306
47 9240
50 9359
46 9209
48 9285
55 9263
50 9343
70 9279
49 9314
46 9226
48 9316
44 9305
46 9327
0 1
46 9300
63 9288
43 9301
47 9469
45 9284
45 9287
45 9312
62 9278
45 9346
45 9239
45 9313
45 9302
46 9213
72 9329
51 9259
42 9295
42 9215
44 9329
40 9304
44 9292
44 9257
85 9353
40 9320
42 9265
43 9320
46 9269
0 1
40 9275
41 9287
63 9303
42 9339
43 9264
49 9335
46 9249
0 1
48 9261
45 9258
45 9358
52 9312
51 9327
46 9219
46 9360
46 9303
83 9247
3 2
70 9292
59 9351
63 9386
43 9208
44 9332
47 9157
42 9333
40 9326
43 9346
42 9297
60 9328
47 9385
45 9243
49 9400
55 9263
56 9285
39 9263
42 9295
79 9253
55 9302
47 9302
39 9304
51 9305
62 9274
50 9320
46 9262
46 9319
56 9269
49 9228
42 9252
38 9259
42 9269
43 9241
53 9263
43 9256
42 9222
41 9278
42 9274
46 9329
45 9189
49 9290
46 9360
51 9196
43 9281
57 9396
49 9263
0 1
46 9285
46 9225
54 9288
42 9296
50 9288
69 9343
52 9336
65 9242
48 9293
71 9294
47 9376
36 9298
43 9230
41 9395
56 9301
52 9297
43 9285
52 9251
39 9269
52 9292
42 9357
47 9330
2 2
65 9278
71 9334
0 1
59 9363
55 9317
62 9321
57 9231
44 9286
50 9267
60 9278
63 9293
70 9291
74 9269
39 9343
41 9336
43 9208
108 9306
80 9324
50 9309
42 9327
42 9365
48 9280
45 9273
49 9268
50 9275
45 9201
41 9252
41 9304
44 9263
47 9322
41 9360
44 9309
42 9326
43 9269
45 9295
44 9314
40 9249
49 9373
44 9346
44 9243
42 9263
45 9259
41 9197
48 9305
40 9260
50 9387
42 9274
65 9259
54 9296
41 9272
70 9208
48 9360
40 9354
51 9289
47 9379
82 9330
44 9337
44 9249
50 9387
54 9325
54 9311
63 9229
53 9309
41 9374
44 9313
47 9337
41 9388
42 9392
61 9364
39 9341
54 9277
80 9262
0 1
47 9364
67 9387
60 9340
53 9313
46 9266
42 9330
0 1
49 9401
50 9324
48 9320
43 9338
47 9270
41 9350
41 9240
44 9295
42 9289
43 9270
41 9225
44 9308
43 9348
42 9231
41 9288
41 9229
45 9288
44 9339
13 2
43 9280
54 9287
52 9326
46 9304
69 9276
41 9233
49 9271
47 9220
56 9330
47 9249
50 9319
59 9351
46 9246
53 9292
57 9281
45 9285
89 9296
53 9397
53 9216
51 9303
66 9263
45 9179
48 9248
47 9267
48 9256
42 9261
40 9336
46 9223
53 9267
54 9252
45 9202
60 9317
59 9293
42 9342
0 1
106 9321
42 9263
45 9275
44 9339
40 9375
39 9296
43 9337
42 9292
47 9278
44 9280
45 9283
43 9228
76 9229
45 9319
41 9260
47 9283
62 9310
53 9227
44 9244
45 9339
42 9359
43 9323
43 9284
46 9322
42 9242
46 9299
46 9281
53 9303
41 9372
48 9245
41 9244
49 9261
44 9252
47 9259
41 9172
56 9259
44 9282
0 1
41 9231
44 9332
49 9374
42 9282
46 9326
60 9314
60 9343
68 9287
0 1
75 9253
55 9297
57 9275
46 9318
44 9378
39 9304
51 9255
43 9333
0 1
44 9353
45 9285
44 9249
40 9328
42 9294
45 9217
46 9267
46 9218
46 9234
49 9231
40 9280
45 9286
44 9299
44 9335
44 9348
53 9260
57 9283
52 9320
48 9312
40 9277
41 9206
40 9289
47 9293
46 9295
47 9324
45 9222
50 9307
40 9379
55 9274
55 9272
53 9327
61 9321
42 9245
48 9247
42 9346
47 9278
58 9288
45 9296
47 9240
42 9318
43 9342
44 9260
44 9281
80 9262
47 9297
77 9281
41 9230
45 9255
55 9317
42 9355
48 9365
42 9370
44 9251
49 9302
60 9267
47 9351
49 9261
48 9175
45 9297
47 9334
46 9306
49 9263
40 9313
0 1
44 9275
45 9383
42 9282
44 9368
52 9262
58 9319
46 9261
43 9364
41 9299
49 9313
61 9354
47 9225
62 9369
44 9232
39 9332
59 9256
70 9344
90 9269
75 9258
87 9297
60 9265
47 9266
57 9278
56 9351
43 9313
50 9242
45 9335
76 9282
44 9208
46 9251
54 9299
63 9295
38 9248
41 9240
41 9266
40 9262
45 9316
50 9269
41 9301
40 9376
41 9319
45 9256
43 9261
40 9267
42 9335
42 9245
104 9363
44 9323
56 9214
0 1
45 9331
66 9363
52 9327
57 9329
79 9235
41 9291
45 9345
61 9292
43 9156
46 9323
42 9403
39 9361
42 9257
58 9302
46 9186
63 9351
76 9403
52 9323
44 9241
42 9360
46 9383
59 9374
68 9357
70 9336
97 9249
60 9273
54 9298
95 9298
55 9195
64 9291
92 9278
40 9255
46 9255
45 9430
43 9284
59 9326
42 9277
46 9355
46 9355
46 9278
41 9279
51 9292
43 9336
43 9322
42 9289
43 9244
62 9246
48 9178
46 9371
40 9221
50 9281
43 9242
42 9251
51 9244
43 9266
44 9250
45 9301
46 9366
51 9246
41 9318
47 9257
0 1
53 9235
47 9394
49 9326
54 9319
54 9272
47 9182
50 9392
43 9313
66 9325
44 9292
58 9263
55 9291
47 9182
41 9270
43 9184
55 9224
44 9355
49 9236
49 9326
49 9303
44 9271
0 1
51 9256
72 9299
40 9339
52 9380
75 9297
43 9301
92 9290
103 9272
91 9332
48 9290
47 9255
44 9254
43 9313
46 9335
50 9244
41 9171
0 1
60 9318
99 9268
57 9247
46 9315
51 9234
59 9309
55 9231
63 9291
5 2
43 9271
43 9351
62 9370
42 9345
78 9320
43 9306
44 9365
40 9363
45 9210
48 9356
47 9293
52 9293
46 9296
74 9327
41 9359
55 9271
43 9282
63 9320
48 9366
63 9294
40 9332
51 9283
50 9334
43 9299
40 9285
51 9246
46 9266
48 9262
47 9344
49 9347
86 9269
51 9319
52 9272
59 9259
47 9211
64 9314
46 9275
44 9294
44 9261
41 9295
0 1
47 9296
44 9189
61 9255
54 9331
50 9329
47 9286
42 9341
126 9297
44 9377
41 9285
49 9296
49 9275
44 9215
61 9365
46 9302
41 9286
45 9358
53 9291
57 9303
48 9279
47 9275
50 9276
47 9253
51 9232
61 9271
44 9331
47 9247
44 9256
51 9262
57 9245
49 9219
48 9320
50 9188
52 9312
51 9361
44 9288
51 9270
49 9269
48 9302
44 9258
51 9211
0 1
44 9333
49 9301
134 9317
48 9310
40 9244
42 9311
42 9343
39 9318
51 9279
46 9306
47 9277
51 9284
74 9339
63 9257
51 9408
46 9268
70 9276
51 9353
54 9258
47 9322
46 9319
49 9349
46 9307
43 9369
67 9252
76 9279
62 9342
64 9307
46 9315
45 9308
63 9247
54 9371
102 9304
126 9242
42 9355
51 9387
40 9233
48 9271
46 9264
40 9327
40 9304
69 9231
58 9389
56 9225
77 9370
67 9254
78 9253
56 9292
47 9368
39 9264
41 9278
46 9331
52 9345
57 9276
42 9309
43 9270
42 9313
42 9338
44 9322
50 9210
39 9290
46 9327
58 9346
0 1
44 9255
52 9330
52 9201
49 9283
38 9248
43 9253
46 9266
38 9318
53 9268
45 9245
45 9319
43 9329
43 9358
45 9247
40 9315
43 9337
39 9256
38 9241
43 9277
58 9269
101 9281
46 9260
47 9232
45 9316
45 9372
41 9203
46 9245
37 9263
0 1
59 9372
62 9272
110 9260
47 9267
0 1
0 1
58 9310
53 9281
47 9325
39 9321
39 9237
42 9300
41 9267
46 9257
49 9291
60 9305
43 9288
55 9311
52 9285
66 9292
46 9323
39 9268
37 9162
43 9267
44 9282
48 9309
60 9160
48 9293
42 9291
43 9232
50 9386
41 9264
37 9246
41 9149
55 9254
44 9258
51 9404
59 9270
46 9231
37 9190
40 9337
52 9347
60 9376
39 9260
47 9204
51 9300
43 9348
39 9259
43 9330
53 9326
46 9305
63 9334
39 9240
50 9280
46 9333
46 9329
53 9286
0 1
41 9347
86 9357
44 9249
41 9377
39 9263
44 9345
45 9344
47 9305
65 9243
42 9273
46 9225
59 9283
50 9326
44 9182
49 9387
104 9291
41 9239
45 9311
57 9223
68 9234
46 9333
43 9363
52 9328
42 9210
45 9276
49 9271
47 9311
44 9352
44 9329
45 9256
42 9263
44 9347
48 9257
47 9265
47 9258
46 9275
53 9222
55 9251
42 9209
0 1
43 9304
43 9328
43 9234
47 9380
69 9290
43 9305
44 9189
62 9270
45 9265
55 9243
76 9352
50 9253
120 9364
54 9268
63 9290
45 9181
2 2
76 9345
44 9245
41 9307
46 9306
78 9175
60 9325
45 9305
51 9357
46 9352
43 9329
46 9349
49 9376
91 9330
76 9290
0 1
35 9349
42 9327
57 9254
47 9305
46 9256
43 9261
41 9314
67 9221
41 9340
48 9290
54 9217
48 9296
49 9286
47 9237
52 9231
49 9288
47 9311
51 9234
51 9338
46 9216
48 9303
51 9233
44 9272
47 9224
62 9250
44 9308
50 9301
43 9208
50 9327
57 9236
47 9303
55 9328
42 9241
67 9301
74 9253
45 9283
0 1
53 9271
44 9297
61 9274
44 9290
49 9260
53 9336
43 9307
47 9204
51 9313
47 9308
52 9253
52 9309
56 9216
67 9317
71 9286
93 9233
49 9256
83 9282
45 9263
46 9277
54 9285
50 9246
47 9348
45 9295
47 9237
56 9248
0 1
39 9331
40 9275
46 9324
41 9322
50 9294
61 9248
52 9304
47 9303
19 4
79 9389
96 9328
46 9243
65 9286
54 9308
59 9252
50 9293
48 9294
47 9356
50 9285
45 9244
43 9258
44 9304
53 9286
42 9321
55 9219
45 9309
47 9242
47 9296
49 9312
45 9315
40 9256
57 9287
43 9345
65 9285
59 9287
52 9310
50 9288
45 9350
48 9318
43 9253
43 9256
45 9287
40 9298
43 9313
52 9369
58 9209
67 9280
43 9206
52 9248
54 9260
54 9257
45 9212
50 9248
0 1
55 9355
63 9269
46 9288
89 9305
48 9264
44 9239
51 9258
98 9177
74 9327
40 9235
46 9258
44 9301
53 9304
44 9338
48 9358
43 9241
41 9218
60 9253
53 9289
71 9292
64 9291
57 9248
47 9312
49 9342
0 1
136 9283
66 9316
47 9314
47 9365
71 9336
52 9250
42 9287
85 9244
58 9217
50 9262
48 9375
47 9364
49 9292
59 9298
47 9224
59 9338
41 9237
55 9328
45 9294
48 9252
68 9359
61 9238
41 9270
48 9255
46 9354
54 9269
42 9247
109 9304
39 9345
52 9306
42 9263
46 9300
51 9250
46 9241
47 9301
0 1
62 9274
49 9271
46 9215
55 9231
51 9295
46 9293
45 9354
87 9340
36 9225
42 9345
44 9270
42 9338
39 9293
46 9260
71 9314
42 9310
43 9294
45 9253
43 9260
44 9238
48 9287
39 9267
48 9373
82 9246
41 9367
48 9319
53 9346
44 9371
61 9228
70 9303
59 9274
43 9309
39 18
52 9280
60 9235
69 9312
106 9258
0 1
54 9251
49 9305
44 9389
79 9301
43 9326
47 9289
58 9289
38 9273
75 9309
46 9173
41 9320
47 9347
65 9291
49 9250
49 9257
50 9384
70 9208
83 9215
40 9274
39 9393
41 9278
55 9295
45 9261
46 9325
44 9188
47 9334
45 9348
46 9260
43 9196
46 9275
44 9311
53 9238
42 9299
47 9187
44 9307
90 9316
49 9298
41 9310
44 9288
53 9341
47 9245
43 9346
43 9340
47 9316
46 9267
48 9328
71 9286
44 9248
52 9282
46 9277
57 9279
46 9241
46 9242
42 9265
53 9377
43 9301
46 9234
45 9272
41 9325
42 9208
64 9354
0 1
43 9352
0 1
47 9264
52 9391
58 9205
80 9355
60 9330
108 9352
46 9291
54 9307
44 9234
47 9263
43 9313
41 9281
46 9393
43 9326
47 9303
49 9256
45 9299
45 9338
42 9324
25 4
104 9270
106 9326
46 9278
43 9386
52 9244
44 9314
51 9313
47 9310
59 9332
48 9313
42 9305
50 9225
41 9266
45 9290
41 9313
53 9333
58 9315
42 9285
42 9257
42 9253
65 9352
65 9248
50 9268
66 9357
39 9269
46 9256
0 1
47 9273
47 9251
48 9148
53 9346
60 9274
42 9317
50 9364
45 9364
45 9265
46 9354
42 9315
45 9351
53 9286
56 9284
49 9279
54 9296
48 9281
48 9265
51 9286
45 9275
64 9278
50 9227
7 2
69 9364
54 9420
40 9322
59 9225
53 9315
44 9239
48 9379
0 1
68 9315
52 9277
53 9328
61 9338
52 9279
45 9213
67 9226
77 9275
50 9399
45 9327
59 9224
42 9265
42 9358
40 9313
47 9175
47 9193
47 9394
44 9257
42 9294
44 9172
43 9210
37 2
43 9181
51 9286
50 9287
0 1
58 9321
46 9316
58 9345
54 9378
45 9290
51 9425
52 9262
47 9305
47 9337
69 9277
63 9310
47 9259
39 9212
68 9293
54 9212
54 9292
43 9282
58 9333
54 9351
98 9251
0 1
43 9213
41 9281
0 1
54 9293
47 9308
48 9286
51 9314
51 9241
50 9312
52 9278
74 9299
45 9332
50 9264
50 9256
41 9268
43 9292
40 9284
44 9262
44 9275
47 9348
44 9334
55 9299
47 9309
78 9279
43 9306
87 9358
119 9345
61 9252
94 9303
51 9352
49 9227
48 9364
45 9263
46 9273
48 9389
46 9143
106 9334
46 9326
49 9285
52 9293
53 9328
55 9228
51 9260
51 9331
74 9203
64 9290
50 9314
0 1
63 9283
73 9246
54 9166
46 9248
44 9274
41 9375
0 1
54 9279
39 9330
64 9291
97 9236
51 9240
41 9347
64 9339
47 9301
15 3
51 9355
54 9310
45 9258
48 9322
66 9272
48 9326
56 9323
43 9311
40 9317
0 1
44 9259
43 9258
40 9325
45 9375
58 9321
46 9272
47 9313
50 9313
53 9258
60 9369
49 9322
54 9341
49 9337
48 9242
45 9306
45 9311
40 9269
77 9199
76 9335
39 9293
53 9281
52 9186
46 9269
49 9295
55 9250
44 9197
42 9233
40 9337
52 9239
49 9254
76 9404
48 9238
49 9361
48 9310
0 1
47 9333
43 9329
46 9235
41 9285
56 9322
54 9291
46 9265
61 9296
51 9276
41 9246
54 9274
54 9329
46 9309
45 9265
47 9322
47 9254
46 9330
79 9219
45 9330
46 9247
48 9342
105 9252
50 9348
81 9286
49 9389
51 9332
47 9275
44 9363
38 9268
48 9248
45 9255
41 9235
50 9351
55 9236
46 9245
59 9395
41 9376
54 9285
41 9344
59 9339
48 9247
42 9275
49 9280
48 9307
56 9275
76 9197
59 9334
56 9269
63 9301
43 9253
40 9271
41 9241
93 9313
63 9291
50 9273
50 9220
46 9281
59 9340
49 9340
54 9281
48 9283
73 9239
46 9334
47 9284
47 9267
66 9375
49 9380
43 9285
60 9329
0 1
56 9322
105 9245
73 9353
56 9248
51 9382
75 9355
49 9292
48 9375
52 9271
47 9294
45 9313
66 9270
47 9210
54 9230
46 9266
52 9279
49 9332
108 9299
70 9321
55 9240
77 9289
50 9379
0 1
98 9279
75 9197
56 9228
92 9282
40 9306
47 9328
61 9371
54 9310
45 9217
49 9308
50 9290
46 9393
55 9350
91 9275
48 9271
43 9199
0 1
44 9291
0 1
48 9222
41 9320
109 9218
66 9277
61 9225
55 9397
64 9381
44 9310
60 9314
46 9335
42 9342
58 9334
46 9313
51 9367
44 9264
72 9242
49 9292
49 9343
61 9319
41 9227
47 9287
58 9284
60 9340
39 9337
39 9225
46 9218
43 9368
41 9251
41 9281
47 9323
45 9200
108 9323
59 4
1 2
41 9293
45 9360
48 9372
42 9179
50 9232
49 9274
54 9324
52 9299
45 9289
0 1
75 9324
48 9287
48 9347
53 9320
42 9228
46 9347
50 9287
59 9174
53 9295
55 9334
44 9328
62 9283
71 9264
123 9262
42 9341
57 9296
50 9301
43 9210
75 9260
77 9322
65 9290
68 9273
76 9336
41 9308
41 9342
48 9206
54 9285
49 9314
52 9288
56 9248
48 9245
52 9274
61 9310
56 9342
53 9329
82 9271
44 9233
55 9191
52 9240
69 9332
89 9250
46 9257
42 9281
53 9325
55 9297
45 9255
90 9311
73 9260
55 9313
46 9321
54 9287
90 9290
65 9313
7 2
87 9272
45 9295
68 9236
72 9285
42 9333
53 9315
0 1
54 9313
48 9354
61 9245
58 9309
55 9337
47 9201
65 9284
44 9359
43 9227
46 9338
0 1
49 9242
44 9267
36 9259
75 9292
66 9272
64 9270
81 9355
59 9276
62 9330
64 9273
50 9320
47 9293
43 9292
0 1
42 9347
46 9335
38 9261
52 9262
47 9305
0 1
46 9343
44 9301
49 9303
44 9313
55 9324
84 9227
78 9269
74 9305
42 9366
87 9257
56 9342
43 9279
41 9311
61 9323
70 9334
84 9301
51 9358
0 1
44 9329
44 9275
87 9309
51 9355
114 9249
43 9310
47 9314
0 1
57 9377
85 9206
74 9333
44 9339
48 9322
109 9312
49 9205
78 9309
41 9294
46 9233
45 9425
69 9274
47 9257
51 9233
50 9327
46 9374
50 9286
51 9373
0 1
63 9283
53 9225
84 9386
42 9316
66 9296
43 9205
43 9282
120 9344
55 9322
47 9249
74 9244
43 9241
50 9344
46 9257
51 9308
57 9290
45 9265
51 9235
51 9298
41 9289
75 9294
41 9269
43 9290
63 9275
53 9339
41 9316
44 9210
47 9318
49 9206
42 9265
52 9265
44 9336
62 9209
68 9171
47 9265
52 9293
48 9337
51 9318
49 9283
48 9292
53 9371
49 9328
39 9365
97 9308
58 9377
52 9236
42 9233
46 9314
59 9293
154 9228
71 9262
65 9236
49 9336
54 9248
93 9296
43 9235
76 9322
57 9377
96 9312
50 9273
52 9306
52 9273
46 9257
57 9233
42 9419
41 9296
63 9331
62 9295
49 9331
58 9252
44 9356
0 1
42 9355
51 9321
45 9314
56 9295
51 9271
43 9268
62 9190
42 9268
46 9328
51 9225
54 9237
49 9327
42 9274
46 9214
54 9284
46 9277
44 9281
50 9311
58 9264
48 9313
71 9263
53 9301
50 9300
69 9294
50 9363
51 9290
44 9336
51 9341
40 9307
58 9323
42 9306
73 9273
86 9327
72 9291
47 9369
52 9367
50 9267
48 9241
54 9184
46 9275
54 9310
44 9311
51 9254
47 9193
41 9206
51 9269
47 9192
56 9273
73 9267
65 9280
51 9268
44 9272
48 9301
47 9361
77 9331
51 9261
67 9264
46 9278
0 1
59 9265
58 9250
45 9300
74 9250
59 9266
46 9265
57 9247
50 9269
55 9258
46 9311
70 9307
51 9336
40 9281
44 9260
43 9198
41 9348
48 9422
43 9263
54 9230
46 9284
46 9282
44 9354
43 9338
44 9262
52 9318
49 9374
43 9361
115 9393
41 9311
144 9312
91 9336
105 9340
103 9254
56 9293
0 1
46 9263
96 2
58 9268
80 9288
52 9219
101 9277
70 9289
55 9318
65 9349
51 9249
66 9321
51 9282
93 9260
70 9317
0 1
50 9242
47 9247
59 9341
50 9287
42 9324
49 9326
44 9301
59 9304
45 9327
43 9304
50 9243
68 9294
43 9335
59 9264
42 9212
42 9359
43 9300
47 9303
47 9316
41 9354
86 9237
43 9312
44 9224
41 9388
84 9295
54 9290
39 9295
48 9306
46 9254
44 9237
80 9352
49 9353
65 9314
72 9258
39 9337
106 9270
50 9286
46 9312
57 9308
0 1
45 9327
45 9336
43 9227
46 9311
46 9350
43 9264
48 9324
58 9378
94 9342
50 9279
49 9279
68 9289
82 9386
57 9320
131 9295
71 9311
46 9319
49 9275
49 9279
43 9269
59 9279
44 9371
46 9349
85 9290
155 9317
48 9248
57 9286
47 9313
42 9365
67 9353
69 9366
74 9269
0 1
46 9318
53 9277
50 9177
46 9272
41 9270
50 9284
47 9310
44 9265
39 9316
52 9308
45 9348
77 9262
49 9245
51 9283
49 9192
53 9318
40 9295
51 9261
53 9301
43 9255
39 9286
46 9241
45 9203
49 9320
39 9263
45 9322
43 9328
45 9274
44 9311
50 9344
61 9270
48 9285
46 9386
46 9299
45 9284
45 9253
43 9299
45 9314
45 9292
40 9287
50 9352
49 9296
43 9277
54 9305
42 9286
58 9297
48 9238
61 9318
46 9256
50 9265
56 9302
49 9319
67 9248
96 9275
53 9286
40 9311
42 9306
48 9260
70 9322
66 9360
48 9272
46 9222
54 9328
64 9316
55 9327
51 9340
51 9294
42 9250
98 9296
42 9203
43 9304
96 9291
58 9330
45 9296
43 9414
49 9334
62 9354
42 9231
40 9393
49 9246
0 1
42 9243
45 9248
0 1
69 9351
56 9282
46 9283
69 9364
55 9377
39 9353
39 9164
57 9240
50 9212
50 9252
99 9249
91 9223
47 9298
47 9347
54 9272
42 9235
0 1
44 9340
42 9336
48 9274
46 9287
44 9227
54 9349
41 9217
46 9276
49 9297
50 9229
79 9343
64 9220
49 9388
66 9349
59 9273
60 9355
42 9333
45 9275
48 9215
46 9373
102 9286
62 9250
44 9293
47 9343
43 9321
50 9293
56 9250
52 9290
70 9218
45 9320
49 9290
48 9298
46 9181
63 9310
55 9250
47 9301
48 9277
46 9297
44 9267
43 9376
46 9307
54 9234
53 9289
50 9313
48 9360
44 9278
40 9226
57 9289
53 9297
48 9273
52 9292
45 9304
58 9318
42 9286
50 9285
64 9325
50 9342
47 9283
55 9320
0 1
54 9347
50 9304
48 9285
0 1
64 9250
63 9358
93 9343
42 9260
54 9318
53 9327
50 9219
121 9318
51 9278
48 9218
43 9344
0 1
56 9244
89 9309
58 9352
4 2
96 9301
45 9371
0 1
0 1
46 9317
47 9363
67 9303
46 9283
47 9243
41 9340
47 9253
48 9241
71 9224
52 9253
42 9397
55 9337
48 9292
52 9331
50 9291
42 9308
46 9311
48 9313
50 9254
64 9287
71 9285
41 9350
44 9227
78 9304
49 9294
43 9195
67 9294
61 9276
54 9269
48 9295
42 9360
39 9269
50 9208
54 9285
75 9326
45 9304
60 9307
49 9328
54 9169
55 9333
46 9217
69 9256
47 9238
42 9219
51 9298
46 9292
47 9283
47 9214
66 9292
50 9361
51 9338
51 9304
44 9321
50 9334
45 9226
0 1
78 9290
61 9241
71 9325
41 9352
47 9360
41 9265
56 9350
52 9381
61 9268
45 9220
43 9347
47 9336
45 9291
52 9237
51 9270
60 9272
41 9192
49 9181
42 9308
55 9245
89 9315
54 9251
57 9280
102 9302
81 9298
64 9315
0 1
44 9300
47 9273
49 9339
49 9293
44 9339
51 9396
56 9302
91 9227
82 9279
102 9201
44 9310
46 9316
58 9337
46 9228
68 9345
45 9274
0 1
66 9280
86 9237
64 9231
55 9317
47 9314
47 9357
87 9305
59 9253
48 9372
45 9309
45 9358
47 9300
51 9337
51 9296
50 9301
50 9308
44 9279
62 9332
48 9247
43 9284
44 9249
48 9320
50 9203
56 9172
178 9314
53 9257
56 9194
46 9287
55 9254
65 9247
67 9328
52 9340
43 9305
56 9271
68 9243
49 9201
57 9240
48 9364
40 9260
47 9337
50 9348
0 1
47 9252
0 1
51 9346
40 9368
43 9232
50 9355
50 9178
45 9267
58 9266
48 9325
82 9334
0 1
62 9289
53 9323
105 9307
58 9337
88 9237
67 9342
76 9299
73 9295
44 9291
53 9286
43 9282
44 9265
74 9298
0 1
47 9306
100 9315
71 9395
57 9311
42 9248
45 9309
42 9304
0 1
44 9269
40 9296
48 9178
62 9252
64 9313
43 9294
43 9288
62 9287
45 9295
44 9286
78 9275
78 9336
56 9180
62 9251
92 9260
64 9346
91 9325
55 9340
52 9382
0 1
70 9284
52 9302
50 9277
44 9291
0 1
46 9292
43 9231
47 9268
44 9294
44 9342
0 1
44 9317
48 9268
59 9314
46 9273
50 9356
45 9253
55 9325
0 1
60 9326
45 9261
74 9203
47 9317
48 9314
42 9305
45 9400
67 9258
77 9283
46 9350
0 1
59 9240
43 9257
55 9248
57 9289
114 9338
118 9292
64 9251
42 9251
55 9252
49 9273
62 9291
40 9320
43 9252
45 9241
44 9318
39 9292
45 9269
54 9239
0 1
51 9327
60 9333
66 9376
50 9296
48 9334
65 9333
49 9286
49 9301
47 9232
139 9336
69 9362
48 9262
48 9320
0 1
48 9230
63 9301
42 9341
48 9348
52 9391
49 9293
78 9362
47 9278
58 9341
75 9299
46 9299
40 9330
40 9260
87 9332
42 9301
38 9283
45 9371
51 9312
48 9248
58 9221
58 9
0 1
51 5
104 9270
0 1
116 9344
43 9332
103 9309
53 9267
44 9360
61 9387
44 9311
45 9273
48 9250
57 9278
39 9322
60 9320
50 9304
45 9255
63 9293
52 9246
49 9289
72 9250
52 9217
46 9302
45 9249
49 9306
134 9302
60 9288
66 9313
54 9220
50 9260
38 9310
53 9262
51 9312
46 9271
53 9316
44 9302
43 9289
41 9327
53 9288
43 9290
51 9374
51 9298
49 9296
64 9364
46 9204
43 9235
45 9333
43 9337
50 9245
45 9316
57 9255
51 9254
46 9318
45 9303
48 9224
46 9248
49 9223
47 9299
42 9346
54 9224
0 1
42 9366
59 9239
40 9263
42 9345
47 9275
40 9236
44 9284
47 9222
76 9306
45 9310
49 9333
48 9286
67 9349
54 9312
71 9320
65 9201
43 9370
62 9352
84 9322
44 9270
49 9220
41 9250
42 9263
83 9307
44 9248
42 9232
50 9318
56 9286
43 9335
59 9286
52 9183
58 9276
55 9264
91 9305
75 9190
46 9310
41 9305
41 9210
52 9346
49 9296
52 9354
53 9361
56 9402
0 1
47 9313
53 9210
0 1
49 9255
46 9368
48 9255
49 9262
42 9309
42 9404
42 9301
52 9224
40 9342
51 9253
44 9275
85 9286
65 9315
47 9266
38 9290
64 9338
80 9336
46 9323
44 9266
58 9284
72 9349
45 5
0 1
151 9332
64 9252
49 9352
118 9404
131 9389
87 9265
32 7
71 9357
102 9282
49 9331
0 1
44 9297
66 9324
62 9345
0 1
44 9293
39 9273
44 9310
43 9388
74 9287
47 9222
56 9372
46 9231
40 9339
42 9294
40 9289
42 9338
38 9314
69 9353
49 9259
1 2
68 9341
45 9345
53 9280
52 9306
80 9395
46 9381
48 9294
46 9229
52 9260
48 9396
46 9274
49 9289
60 9342
48 9243
56 9372
51 9261
52 9279
52 9293
50 9249
40 9276
68 9353
65 9267
99 9311
43 9285
56 9234
46 9355
55 9290
49 9409
52 9267
54 9362
44 9296
92 9361
65 9273
49 9384
79 9229
54 9324
48 9334
59 9368
49 9293
64 9226
48 9332
47 9308
45 9314
43 9280
46 9300
69 9234
44 9279
43 9262
49 9248
63 9186
0 1
40 9241
127 9299
45 9233
45 9275
73 9305
54 9238
39 9336
58 9320
46 9327
50 9238
51 9277
53 9312
73 9319
106 9305
48 9314
63 9302
59 9292
0 1
55 9297
51 9268
58 9304
50 9222
60 9322
59 9268
57 9288
46 9387
48 9271
66 9286
42 9273
54 9357
63 9282
51 9339
47 9201
49 9290
62 9306
49 9301
44 9286
53 9330
63 9217
62 9306
64 9301
0 1
62 9323
71 9228
54 9263
48 9288
44 9258
39 9336
69 9307
43 9348
55 9160
66 9358
47 9265
71 9319
59 9160
53 9329
48 9272
52 9231
44 9228
12 2
57 9270
62 9295
173 9337
44 9297
50 9355
43 2
44 9305
45 9158
40 9346
40 9244
43 9269
45 9291
60 9310
55 9350
42 9246
50 9254
64 9269
93 9296
42 9336
47 9296
49 9291
54 9297
47 9318
62 9269
49 9253
72 9228
50 9204
48 9321
41 9332
64 9286
70 9243
48 9233
56 9367
42 9321
40 9302
40 9361
44 9217
54 9289
0 1
52 9230
39 9302
54 9303
43 9266
91 9221
56 9306
58 9259
0 1
38 9247
45 9281
44 9243
40 9310
49 9315
54 9393
49 9280
45 9400
50 9317
45 9209
43 9288
46 9333
64 9297
44 9283
44 9118
47 9256
48 9278
43 9322
61 9253
69 9306
45 9281
63 9411
48 9215
49 9298
53 9312
45 9219
46 9254
59 9358
54 9250
42 9285
73 9358
52 9343
45 9364
59 9282
49 9308
52 9281
46 9312
0 1
51 9323
0 1
60 9367
58 9301
50 9281
51 9253
41 9276
43 9290
41 9308
51 9254
17 2
71 9313
54 9313
49 9326
62 9300
74 9338
43 9282
41 9255
55 9233
68 9236
57 9305
75 9293
58 9304
65 9241
58 9275
52 9275
80 9285
50 9313
50 9344
58 9414
50 9200
49 9281
48 9323
48 9277
53 9334
40 9399
0 1
66 9322
85 9281
46 9321
47 9278
40 9246
42 9287
41 9277
61 9231
48 9266
49 9202
45 9344
41 9399
44 9297
41 9297
43 9306
48 9323
92 9285
49 9230
50 9330
56 9400
50 9381
41 9229
46 9265
41 9310
69 9224
42 9380
59 9281
43 9239
55 9172
44 9398
41 9315
0 1
9 3
44 9313
152 9267
44 9269
64 9292
46 9349
47 9287
51 9362
40 9371
55 9365
52 9316
47 9275
55 9346
50 9264
59 9268
46 9333
0 1
38 9297
144 9251
103 9285
133 9249
48 9276
54 9227
42 9356
40 9308
49 9204
69 9296
50 9268
51 9318
87 9351
42 9330
62 9246
46 9356
50 9256
45 9181
60 9321
45 9164
55 9204
56 9233
54 9313
41 9240
56 9243
46 9288
46 9273
42 9285
60 9250
54 9317
64 9274
46 9340
43 9299
44 9338
64 9315
141 9335
48 9257
62 9265
42 9241
49 9264
43 9272
47 9220
43 9277
68 9220
56 9368
49 9386
50 9222
44 9230
39 9247
41 9280
42 9265
52 9282
46 9373
52 9278
0 1
55 9287
50 9311
47 9325
60 9336
45 9300
55 9255
59 9243
47 9315
49 9222
40 9312
47 9311
44 9233
41 9267
42 9375
45 9359
47 9340
81 9282
80 9258
0 1
114 9275
51 9301
41 9172
87 9289
52 9292
48 9288
44 9236
46 9306
46 9235
41 9265
66 9331
46 9301
54 9246
51 9298
50 9205
61 9284
45 9341
105 9336
0 1
131 9270
57 9245
59 9262
43 9270
44 9309
82 9291
38 2
42 9283
55 9232
40 9242
59 9306
47 9317
52 9358
47 9260
52 9290
44 9259
57 9325
52 9350
45 9318
45 9400
50 9302
57 9299
57 9229
50 9349
52 9276
44 9232
62 9234
44 9238
47 9391
52 9352
52 9221
47 9247
69 9252
73 9284
48 9247
56 9323
72 9297
48 9272
55 9290
42 9204
42 9293
58 9280
53 9231
46 9379
80 9276
64 9254
83 9263
54 9251
44 9310
74 9261
79 9327
47 9275
54 9314
51 9390
43 9297
44 9345
48 9328
40 9269
54 9236
46 9322
49 9340
44 9288
50 9197
49 9278
54 9276
68 9292
61 9269
49 9298
41 9273
46 9239
42 9258
49 9340
74 9393
56 9375
0 1
51 9308
90 9333
53 9245
41 9282
43 9313
42 9340
59 9332
43 9364
70 9252
53 9286
63 9284
72 9299
52 9326
46 9254
44 9246
41 9282
78 9322
47 9309
62 9320
83 9300
46 9324
0 1
63 9279
45 9339
64 9298
54 9204
0 1
45 9319
44 9285
52 9315
0 1
67 9320
69 9218
45 9337
58 9280
92 9312
69 9272
40 9358
46 9245
49 9243
75 9373
56 9311
97 9271
2 2
56 9284
49 9320
47 9297
93 9324
69 9254
79 9260
68 9275
59 9328
56 9449
66 9343
52 9328
64 9285
44 9270
56 9312
52 9367
62 9217
49 9292
47 9275
57 9242
66 9277
76 9252
90 9344
0 1
66 9327
72 9265
57 9221
76 9292
80 9219
38 9307
99 9250
57 9309
48 9330
48 9295
39 9335
37 9221
56 9361
41 9298
58 9290
37 9298
50 9319
41 9349
43 9266
42 9270
0 1
48 9248
42 9304
50 9306
53 9325
48 9304
43 9280
85 9357
55 9218
50 9291
55 9243
0 1
43 9269
70 9332
45 9294
44 9258
0 1
46 9371
0 1
49 9348
44 9306
53 9369
55 9245
45 9359
44 9376
119 9289
59 9251
50 9291
44 9323
0 1
0 1
57 9248
55 9324
50 9332
62 9292
44 9237
57 9313
45 9211
42 9285
50 9384
51 9284
92 9218
53 9285
56 9243
54 9234
57 9242
50 9192
66 9286
49 9268
45 9278
72 9266
63 9255
47 9226
49 9309
46 9351
46 9206
55 9326
48 9341
71 9315
58 9326
84 9282
44 9251
57 9420
44 9286
42 9293
65 9257
47 9321
44 9253
43 9319
72 9276
40 9268
41 9332
69 9309
69 9291
47 9326
55 9239
58 9346
48 9351
54 9318
49 9249
43 9194
44 9345
65 9280
95 9237
51 9350
48 9350
0 1
43 9288
51 9301
71 9275
47 9337
46 9285
58 9317
47 9287
70 9373
49 9331
57 9242
77 9302
81 9375
63 9208
45 9232
54 9272
70 9274
0 1
42 9253
74 9246
54 9310
101 9357
44 9312
76 9332
58 9312
58 9292
62 9255
54 9319
39 9288
50 9379
60 9276
76 9310
99 9328
62 9290
45 9268
6 2
91 9215
65 9315
63 9278
59 9303
47 9327
45 9312
55 9272
46 9273
46 9321
51 9344
44 9200
58 9254
44 9290
52 9324
53 9301
77 9181
63 9293
61 9286
46 9274
54 9236
56 9341
56 9319
56 9362
86 9303
46 9318
79 9316
55 9277
47 9317
56 9345
47 9380
46 9223
69 9281
50 9318
48 9300
41 9240
53 9297
44 9306
77 9304
45 9347
75 9217
55 9236
41 9316
50 9367
0 1
47 9363
42 9284
66 9323
49 9234
44 9265
49 9279
76 9315
50 9321
69 9159
63 9253
64 9312
49 9335
63 9359
65 9318
57 9277
56 9208
0 1
0 1
63 9338
48 9359
59 9292
44 9287
43 9296
61 9291
42 9282
61 9221
62 9292
111 9284
53 9237
46 9330
43 9345
43 9235
55 9218
40 9258
61 9238
54 9300
43 9326
48 9280
47 9317
47 9290
41 9350
46 9286
44 9257
49 9345
46 9244
43 9296
57 9334
45 9270
42 9380
44 9289
0 1
45 9337
43 9309
47 9237
59 9248
74 9223
52 9302
46 9306
56 9344
52 9355
0 1
38 9338
47 9256
47 9293
52 9287
43 9357
53 9311
44 9304
45 9279
46 9259
50 9274
45 9260
59 9229
49 9293
44 9257
0 1
48 9348
43 9329
130 9293
66 9253
42 9293
42 9289
46 9361
0 1
45 9287
0 1
43 9244
70 9323
48 9354
93 9303
52 9337
53 9372
50 9270
48 9301
0 1
52 9275
60 9293
63 9274
48 9304
43 9296
63 9346
39 9184
89 9318
49 9276
53 9240
42 9300
44 9292
46 9251
51 9340
66 9278
52 9263
59 9271
51 9220
57 9333
57 9340
59 9364
48 9259
89 9222
54 9321
45 9262
48 9329
116 9250
0 1
79 9282
47 9285
45 9241
49 9255
43 9286
0 1
73 9313
52 9325
50 9212
54 9326
72 9320
46 9279
71 9345
109 9341
65 9302
47 9335
55 9321
65 9256
55 9218
80 9319
89 9308
63 9142
45 9273
50 9348
84 9308
45 9318
52 9287
50 9288
46 9304
53 9255
48 9309
54 9324
66 9287
78 9286
50 9310
57 9248
45 9186
51 9343
64 9318
0 1
0 1
9 2
65 9229
46 9281
54 9201
47 9287
45 9321
47 9242
43 9332
0 1
58 9268
59 9339
44 9293
44 9414
54 9252
69 9203
40 9335
0 1
72 9295
82 9254
49 9316
42 9342
41 9286
0 1
79 9308
63 9311
56 9375
39 9335
40 9195
62 9320
49 9293
44 9184
32 3
71 9383
44 9373
72 9274
51 9189
82 9223
84 9330
50 9304
79 9304
0 1
55 9303
62 9219
50 9241
56 9361
47 9333
63 9351
53 9261
56 9316
54 9255
50 9189
56 9293
54 9255
44 9294
63 9287
43 9162
81 9297
58 9368
66 9311
40 9228
43 9220
42 9268
43 9265
42 9361
54 9335
55 9377
62 9363
53 9197
55 9219
50 9296
64 9293
53 9272
93 9339
50 9253
70 9341
42 9238
44 9180
54 9241
49 9202
45 9270
99 9318
62 9376
41 9283
62 9234
59 9286
51 9291
61 9250
48 9302
44 9306
49 9273
51 9336
44 9306
51 9222
47 9318
90 9351
54 9269
76 9378
45 9231
0 1
46 9315
49 9317
46 9376
60 9301
29 5
44 9333
61 9313
78 9393
116 9230
67 9321
65 9331
65 9383
44 9311
47 9255
55 9385
56 9320
47 9237
57 9234
70 9360
60 9324
0 1
53 9278
51 9280
49 9319
0 1
100 9361
50 9329
46 9313
47 9443
45 9228
54 9302
52 9322
49 9248
52 9267
48 9283
40 9296
43 9238
47 9352
42 9256
42 9320
43 9345
83 9307
55 9304
40 9333
49 9276
56 9357
58 9286
75 9146
44 9259
43 9175
53 9248
55 9338
44 9288
54 9311
41 9333
37 6
13 2
50 9223
42 9264
48 9337
45 9253
48 9290
53 9269
42 9287
44 9284
47 9285
54 9311
55 9304
53 9331
62 9267
53 9338
62 9194
61 9200
74 9335
60 9239
51 9237
68 9290
42 9267
62 9245
61 9235
44 9312
62 9353
55 9345
51 9233
50 9305
63 9297
58 9366
51 9236
74 9387
52 9275
55 9276
101 9308
42 9363
66 9392
59 9251
54 9227
85 9311
68 9277
47 9295
0 1
76 9276
44 9302
110 9358
56 9207
42 9280
42 9282
43 9301
41 9277
69 9372
47 9327
42 9335
47 9272
48 9287
45 9321
0 1
52 9263
62 9281
82 9294
71 9359
57 9250
0 1
55 9266
48 9276
53 9299
63 9293
52 9371
45 9252
59 9297
55 9334
76 9294
47 9266
63 9267
44 9335
76 9264
42 9302
47 9354
44 9265
61 9312
61 9283
53 9287
84 9296
55 9293
0 1
46 9331
60 9339
44 9386
51 9294
52 9276
50 9267
47 9257
45 9341
72 9243
44 9317
83 9403
56 9232
51 9215
51 9313
66 9361
68 9312
51 9213
41 9256
115 9176
91 9278
42 9325
45 9287
51 9315
45 9253
50 9325
41 9230
46 9277
48 9323
41 9275
43 9246
49 9280
46 9323
54 9280
47 9353
91 9297
67 9202
43 9361
40 9327
16 2
55 9275
43 9252
0 1
0 1
51 9267
81 9368
54 9217
46 9208
94 9305
80 9264
47 9257
62 9237
40 9335
43 9207
72 9337
126 9286
49 9223
78 9292
70 9353
52 9295
61 9314
57 9269
0 1
0 1
56 9307
50 9311
54 9227
67 9341
59 9281
55 9278
44 9258
59 9289
199 3769
64 9314
59 9295
1 2
53 9358
44 9248
0 1
52 9311
69 9330
47 9283
66 9339
69 9330
97 9326
98 9378
0 1
63 9263
81 9217
45 9259
44 9235
51 9220
42 9378
50 9324
44 9269
53 9305
54 9238
64 9293
54 9153
50 9253
56 9284
61 9334
61 9316
51 9320
0 1
57 9264
48 9231
47 9361
57 9260
51 9329
79 9374
62 9326
59 9278
83 9241
78 9289
49 9288
52 9233
40 9304
102 9366
0 1
47 9271
59 9255
68 9347
46 9354
52 9330
44 9290
54 9306
0 1
0 1
45 9220
51 9255
77 9296
53 9266
47 9291
113 9348
75 9249
70 9274
87 9250
40 9369
42 9337
48 9230
59 9290
42 9280
56 9255
52 9259
107 9272
42 9191
63 9321
0 1
50 9266
61 9328
58 9282
50 9442
54 9275
54 9245
50 9271
67 9288
54 9318
49 9291
49 9280
61 9248
71 9240
42 9274
82 9363
59 9298
83 9342
49 9323
54 9315
61 9200
55 9344
70 9357
65 9232
0 1
141 9297
45 9189
51 9294
78 9259
53 9343
47 9204
43 9307
48 9308
49 9302
49 9223
39 9223
53 9258
58 9272
49 9335
45 9312
59 9260
56 9281
76 9307
52 9291
63 9191
145 9283
43 9318
53 9275
73 9278
98 9290
48 9325
40 9260
66 9305
50 9206
56 9244
97 9295
44 9296
51 9261
48 9289
49 9306
0 1
89 9310
65 9205
67 9325
45 9320
48 9275
58 9309
87 9268
84 9269
53 9293
49 9308
41 9283
43 9301
62 9339
47 9311
42 9308
46 9241
50 9299
47 9210
68 9313
40 9335
60 9270
81 9277
46 9370
70 9330
48 9310
0 1
68 9327
74 9176
46 9234
48 9273
49 9363
74 9295
39 9211
51 9429
48 9348
0 1
81 9283
51 9359
0 1
50 9335
76 9313
0 1
50 9241
56 9311
114 9300
71 9296
69 9323
61 9306
113 9264
62 9372
46 9276
60 9376
61 9341
82 9276
59 9278
0 1
45 9272
72 9244
57 9282
60 9289
45 9220
38 9265
49 9317
77 9282
41 9328
52 9317
39 9192
43 9313
71 9283
0 1
54 9270
63 9262
67 9247
56 9217
45 9309
47 9261
62 9309
57 9301
0 1
41 9270
86 9252
50 9171
55 9340
49 9288
46 9260
48 9253
43 9334
0 1
59 9238
57 9198
50 9300
40 9266
42 9302
50 9295
47 9273
49 9307
43 9292
56 9257
54 9224
49 9302
44 9234
0 1
49 9226
42 9305
48 9308
47 9239
63 9354
0 1
64 9218
48 9277
53 9345
58 9286
52 9230
48 9274
61 9267
95 9309
54 9296
97 9226
57 9252
0 1
52 9310
47 9261
52 9297
55 9231
55 9314
45 9334
46 9260
52 9257
106 9253
45 9360
65 9264
54 9270
43 9323
50 9287
73 9341
47 9251
49 9322
48 9322
92 9248
61 9273
55 9348
63 9284
67 9192
53 9313
52 9199
51 9283
54 9319
61 9318
55 9321
82 9283
66 9257
53 9291
46 9329
60 9330
67 9256
56 9301
49 9230
53 9249
56 9198
41 9329
73 9359
57 9278
53 9324
47 9285
0 1
45 9198
0 1
42 9365
196 9268
51 9306
77 9273
85 9260
48 9239
47 9152
52 9268
86 9323
39 9326
49 9260
65 9379
45 9341
60 9228
48 9222
0 1
74 9329
53 9269
52 9254
0 1
0 1
64 9264
0 1
46 9367
49 9244
55 9219
0 1
99 9289
76 9276
0 1
72 9216
45 9237
49 9257
46 9302
41 9304
57 9246
48 9244
0 1
45 9238
75 9262
71 9257
47 9203
52 9314
66 9371
46 9267
50 9286
48 9326
49 9341
48 9322
53 9270
47 9244
60 9292
127 9312
73 9242
50 9297
77 9347
57 9335
68 9282
49 9243
53 9231
43 9292
0 1
58 9328
47 9165
46 9309
42 9249
75 9241
52 9215
73 9324
84 9326
0 1
63 9326
44 9331
99 9335
77 9244
94 9331
45 9268
54 9295
69 9238
46 9264
79 9311
45 9335
93 9206
41 9235
51 9191
83 9212
54 9236
19 2
48 9397
46 9342
46 9281
63 9248
51 9328
65 9300
63 9315
46 9253
89 9294
54 9300
58 9269
77 9283
134 9262
45 9309
0 1
56 9240
51 9342
0 1
40 9310
52 9282
46 9329
53 9285
65 9273
0 1
75 9351
51 9235
53 9268
125 9256
48 9353
61 9352
49 9253
0 1
45 9210
63 9300
72 9313
47 9331
56 9246
45 9318
0 1
74 9269
71 9301
99 9360
71 9274
42 9278
52 9424
52 9239
62 9326
40 9384
48 9331
44 9252
49 9226
50 9274
48 9190
62 9266
84 9343
72 9212
45 9323
59 9379
0 1
50 9319
43 9231
52 9337
47 9345
46 9286
47 9270
46 9334
46 9246
48 9291
51 9250
44 9307
48 9278
47 9307
50 9274
69 9286
69 9282
40 9243
58 9252
0 1
54 9316
57 9335
66 9269
46 9247
57 9265
0 1
55 9209
60 9329
73 9280
42 9272
63 9239
54 9278
47 9410
41 9359
67 9291
45 9327
53 9310
54 9264
68 9385
58 9270
46 9295
56 9221
44 9284
0 1
50 9240
45 9316
43 9349
55 9303
57 9302
51 9247
47 9289
56 9290
96 9207
50 9265
41 9367
47 9231
0 1
52 9270
46 9271
51 9310
47 9258
59 9242
48 9220
51 9288
0 1
45 9153
56 9336
48 9355
54 9325
0 1
42 9292
88 9403
61 9263
60 9339
67 9328
44 9284
59 9253
72 9287
0 1
68 9307
48 9320
0 1
78 9337
84 9230
66 9323
57 9283
82 9291
59 9282
40 9276
146 9239
51 9292
0 1
50 9321
9 2
94 9265
59 9308
50 9242
46 9289
41 9219
70 9234
68 9361
61 9282
58 9254
60 9310
52 9276
0 1
48 9319
81 9361
44 9272
52 9243
43 9302
46 9215
67 9315
47 9264
47 9307
110 9246
107 9276
72 9315
85 9299
73 9386
44 9259
56 9330
60 9308
47 9249
55 9256
42 9256
41 9262
58 9281
55 9301
55 9319
44 9306
0 1
0 1
47 9348
54 9270
58 9280
42 9279
45 9252
63 9254
46 9271
57 9285
0 1
59 9301
56 9320
60 9346
42 9230
0 1
51 9322
52 9429
49 9328
48 9252
45 9234
41 9333
0 1
54 9284
55 9347
55 9219
41 9270
0 1
61 9260
42 9291
60 9250
53 9326
51 9253
54 9331
57 9256
101 9299
41 9241
60 9292
42 9316
41 9313
106 9286
73 9296
61 9256
21 4
47 9360
53 9301
54 9293
83 9341
52 9322
46 9320
44 9198
44 9279
7 2
47 9379
103 9337
67 9343
55 9341
52 9310
68 9258
106 9277
62 9327
57 9326
78 9274
82 9303
50 9290
47 9318
62 9272
73 9262
61 9264
58 9260
66 9275
43 9233
79 9320
48 9342
42 9257
42 9308
70 9326
57 9235
45 9291
87 9326
106 9238
43 9261
74 9249
48 9323
61 9287
55 9165
109 9274
48 9336
61 9317
58 9336
54 9318
52 9302
53 9368
60 9315
0 1
85 9275
49 9265
55 9235
62 9276
52 9290
63 9308
72 9300
47 9332
54 9319
56 9402
61 9269
51 9295
49 9233
54 9318
51 9351
90 9249
55 9218
45 9355
46 9218
50 9275
46 9253
51 9364
52 9268
58 9271
47 9213
43 9267
46 9188
43 9278
42 9263
41 9307
64 9231
57 9281
78 9276
56 9276
25 2
90 9277
89 9361
77 9314
48 9297
88 9207
66 9345
42 9319
12 4
55 9249
60 9287
66 9313
60 9303
45 9204
125 9269
52 9281
137 9366
85 9273
2 2
68 9319
52 9338
0 1
59 9274
55 9343
55 9261
67 9333
71 9227
50 9276
57 9326
93 9296
112 9244
20 2
90 9236
72 9278
61 9365
78 9392
54 9282
43 9314
59 9338
56 9257
54 9244
64 9266
50 9283
63 9277
73 9308
41 9295
67 9254
78 9259
44 9265
67 9198
55 9295
69 9340
52 9265
61 9257
94 9352
80 9248
46 9265
67 9177
58 9300
61 9255
61 9309
49 9288
64 9377
65 9262
63 9332
0 1
58 9381
47 9270
52 9195
55 9408
52 9279
58 9338
48 9350
60 9295
41 9222
85 9299
50 9325
37 9246
106 9222
63 9180
0 1
42 9383
93 9257
66 9349
42 9272
46 9228
72 9390
74 9341
50 9261
43 9399
71 9358
84 9301
49 9205
39 9372
63 9299
94 9255
87 9346
52 9323
51 9245
0 1
55 9351
49 9284
113 9293
51 9333
0 1
58 9271
67 9223
48 9327
49 9292
43 9215
107 9430
0 1
72 9365
0 1
45 9243
50 9303
49 9301
70 9215
41 9194
82 9354
46 9324
65 9306
58 9308
48 9213
48 9322
97 9316
42 9339
44 9301
61 9303
138 9361
58 9313
57 9282
44 9274
90 9290
52 9272
51 9350
68 9302
94 9226
49 9258
104 9321
77 9311
71 9378
43 9300
74 9324
50 9285
0 1
49 9236
48 9347
45 9283
58 9316
67 9212
76 9217
77 9257
0 1
42 9366
51 9267
50 9267
51 9301
46 9353
93 9290
74 9392
74 9241
52 9318
86 9224
49 9305
53 9251
47 9236
0 1
44 9267
95 9327
47 9272
60 9326
48 9321
45 9277
90 9331
56 9297
100 9262
53 9366
99 9353
12 2
30 3
50 9363
78 9388
60 9318
103 9261
10 2
52 9380
80 9332
49 9320
58 9264
50 9310
44 9322
65 9259
59 9235
50 9239
65 9287
66 9290
48 9280
104 9397
52 9289
56 9222
53 9268
46 9369
78 9341
99 9210
56 9277
42 9270
15 4
62 9356
44 9268
68 9225
43 9294
109 9326
86 9338
50 9256
84 9240
49 9240
69 9260
48 9228
79 9285
46 9338
0 1
40 9319
55 9266
50 9245
68 9219
43 9344
69 9258
48 9282
50 9385
46 9290
40 9272
48 9266
43 9272
96 9354
49 9276
42 9192
51 9250
60 9294
72 9307
63 9366
77 9248
60 9305
55 9339
53 9311
54 9229
55 9293
44 9294
56 9286
0 1
43 9284
107 9222
58 9206
87 9311
76 9358
97 9322
105 9314
50 9343
57 9200
52 9186
53 9259
49 9326
46 9267
81 9202
87 9272
52 9249
61 9265
47 9348
59 9320
62 9302
47 9347
133 9277
53 9321
26 4
99 9336
66 9300
64 9323
62 9202
61 9216
3 2
49 9274
47 9281
114 9316
89 9273
48 9367
74 9294
56 9307
52 9405
0 1
49 9324
47 9241
97 9259
100 9222
45 9285
40 9258
53 9259
50 9308
79 9235
52 9295
100 9310
50 9270
58 9270
51 9358
26 2
42 9239
69 9374
69 9234
54 9220
47 9319
42 9347
0 1
70 9311
0 1
77 9298
46 9315
66 9242
113 9321
83 9210
63 9243
55 9320
105 9296
61 9276
61 9214
56 9289
0 1
41 9323
50 9248
44 9271
43 9320
72 9261
20 2
47 9274
54 9215
66 9360
47 9326
53 9289
44 9369
46 9398
63 9315
87 9317
55 9316
57 9211
57 9349
84 9227
44 9346
71 9402
66 9304
62 9339
81 9282
61 9313
39 3
53 9298
50 9226
75 9195
45 9321
0 1
49 9282
45 9263
5 2
40 9277
67 9215
46 9281
44 9380
68 9277
65 9335
50 9286
65 9290
75 9290
53 9280
81 9264
42 9233
84 9346
46 9256
45 9324
57 9313
0 1
83 9178
46 9360
86 9363
53 9303
47 9320
53 9305
49 9329
90 9300
44 9278
13 3
66 9271
51 9303
47 9266
53 9233
42 9273
44 9293
63 9325
45 9279
44 9286
66 9246
45 9278
53 9256
64 9349
0 1
42 9285
76 9285
57 9281
1 2
65 9301
87 9287
67 9318
45 9304
105 9308
48 9261
79 9266
66 9289
86 9266
52 9273
88 9289
91 9249
53 9293
57 9353
60 9216
46 9173
87 9214
46 9231
50 9327
49 9352
105 9185
51 9177
43 9275
12 2
69 9284
79 9347
79 9256
60 9261
53 9272
54 9300
71 9287
44 9207
50 9323
47 2
63 9327
55 9289
139 9328
47 9262
86 9287
49 9313
110 9346
48 9281
39 9271
96 9311
53 9377
55 9220
50 9263
39 9333
114 9390
68 9319
84 9316
58 9327
37 9232
85 9270
55 9271
47 9174
45 9256
66 9382
48 9355
96 9331
67 9300
59 9293
48 9364
54 9320
54 9256
44 9245
0 1
58 9244
78 9158
72 9280
50 9244
0 1
51 9412
64 9275
54 9316
46 9346
53 9259
0 1
41 9257
45 9277
66 9286
0 1
105 9306
84 9297
74 9328
48 9381
51 9336
73 9287
66 9329
63 9226
117 9228
43 9262
62 9341
53 9348
45 9305
53 9317
59 9289
51 9281
0 1
79 9335
0 1
41 9323
53 9296
99 9298
72 9311
44 9262
39 9315
46 9315
99 9215
44 9347
96 9338
50 9293
91 9312
0 1
51 9319
68 9255
44 9280
0 1
50 9367
41 9298
53 9324
76 9342
42 9337
50 9276
50 9188
70 9262
111 9269
52 9369
41 9264
78 9311
54 9323
70 9279
70 9193
72 9327
57 9310
60 9326
45 9299
51 9328
42 9261
48 9263
13 2
46 9255
46 9316
44 9359
0 1
66 9310
88 9263
49 9252
45 9295
61 9317
74 9218
54 9266
53 9318
60 9342
48 9349
51 9269
59 9331
71 9329
58 9185
46 9230
42 9375
54 9311
44 9321
64 9266
47 5
59 9237
105 9227
63 9386
61 9315
0 1
114 9282
42 9260
45 9325
59 9324
49 9283
67 9233
47 9355
47 9231
67 9268
81 9282
40 9245
65 9240
48 9343
41 9317
59 9296
58 9286
48 9279
48 9248
65 9370
42 9368
75 9311
7 2
104 9303
52 9264
63 9328
79 9182
0 1
46 9263
59 9311
43 9294
0 1
68 9306
60 9124
51 9320
71 9216
49 9258
50 9268
98 9323
52 9273
51 9238
73 9308
57 9411
50 9244
48 9298
62 9314
80 9293
70 9271
0 1
0 1
65 9283
59 9216
44 9277
41 9286
50 9292
60 9376
59 9315
68 9309
43 9213
44 9287
2 2
60 9326
50 9264
59 9309
45 9304
52 9245
47 9241
98 9197
46 9338
48 9305
0 1
48 9256
57 9314
46 9364
53 9297
0 1
103 9285
72 9410
56 9380
42 9276
51 9309
56 9350
74 9257
59 9282
0 1
107 9227
51 9377
49 9241
83 9213
42 9225
82 9258
45 9313
45 9299
57 9226
56 9264
70 9258
43 9298
76 9291
95 9288
90 9255
50 9340
51 9313
87 9226
64 9285
57 9327
114 9267
56 9362
94 9300
74 9242
59 9386
65 9307
0 1
59 9306
50 9262
58 9240
49 9293
67 9308
46 9237
80 9336
105 9317
0 1
48 9260
62 9282
47 9342
70 9332
50 9265
45 9310
56 9300
51 9291
73 9325
54 9291
123 9341
47 9311
43 9269
66 9268
46 9284
53 9309
45 9231
40 9265
58 9133
55 9295
70 9239
55 9355
58 9339
0 1
44 9280
75 9324
43 9306
67 9268
58 9405
52 9315
92 9202
87 9303
46 9213
42 9319
0 1
86 9267
58 9283
56 9310
74 9264
60 9299
105 9354
56 9323
48 9339
42 9268
62 9269
47 9354
47 9266
51 9265
47 9282
50 9379
43 9228
53 9298
70 9305
56 9265
48 9253
61 9317
52 9245
49 9317
43 9333
0 1
64 9249
64 9278
81 9323
49 9224
50 9316
112 9323
74 9310
72 9224
87 9279
0 1
0 1
43 9294
122 9360
47 9266
14 2
58 9309
50 9300
60 9264
97 9265
73 9300
96 9285
21 2
55 9336
59 9260
94 9229
60 9298
40 9335
0 1
9 2
48 9392
0 1
61 9315
84 9322
40 9344
45 9307
71 9323
65 9268
57 9306
41 9338
101 9246
56 9289
54 9270
107 9303
37 7
61 9246
44 9380
75 9199
42 9373
15 2
49 9372
54 9247
52 9401
0 1
80 9299
46 9274
55 9205
72 9318
48 9262
53 9212
95 9342
51 9373
66 9281
99 9224
66 9286
82 9205
41 9346
6 2
0 1
83 9245
55 9324
0 1
49 9354
94 9297
60 9321
52 9304
45 9249
39 9317
55 9242
68 9316
59 9350
60 9305
66 9347
17 2
103 9279
58 9362
47 9352
61 9220
53 9310
106 9317
77 9272
73 9219
46 9329
57 9261
75 9266
65 9388
54 9246
65 9289
74 9338
158 9330
66 9197
43 9228
54 9232
56 9277
51 9299
68 9350
58 9355
65 9326
73 9165
54 9258
50 9346
72 9331
43 9318
61 9334
52 9340
52 9310
44 9296
101 9361
108 9225
76 9256
99 9251
58 9241
54 9310
7 4
83 9250
83 9316
46 9331
83 9306
67 9314
38 9328
59 9361
199 9058
49 9188
56 9373
192 9277
52 9370
59 9302
46 9227
51 9263
67 9248
66 9300
55 9373
71 9241
53 9232
43 9302
55 9305
53 9340
56 9369
129 9320
56 9338
55 9343
41 9272
59 9294
65 9361
44 9245
52 9325
44 9251
50 9314
44 9217
53 9273
146 9343
38 9239
48 9303
0 1
43 9278
52 9257
83 9175
72 9277
0 1
53 9262
101 9271
87 9369
53 9283
41 9230
53 9315
44 9369
57 9296
88 9264
86 9271
48 9299
49 9243
73 9281
0 1
62 9288
55 9262
70 9311
45 9289
41 9237
60 9307
49 9314
58 9270
58 9279
0 1
39 9264
67 9237
67 9370
43 9383
48 9327
48 9343
0 1
54 9304
0 1
65 9285
56 9296
52 9315
94 9325
21 3
136 9278
89 9250
57 9245
79 9322
53 9294
44 9335
69 9364
65 9219
90 9215
47 9305
50 9173
72 9344
99 9298
68 9370
59 9308
0 1
49 9245
51 9260
55 9304
69 9297
45 9301
63 9272
77 9287
48 9315
52 9323
52 9265
63 9377
62 9271
48 9266
51 9254
75 9325
48 9258
64 9212
48 9312
70 9234
0 1
49 9298
70 9271
83 9246
78 9345
51 9307
75 9230
87 9366
78 9236
66 9359
64 9382
59 9248
66 9281
11 2
117 9263
65 9300
0 1
49 9257
61 9261
84 9289
43 9273
65 9236
84 9313
71 9300
0 1
96 9312
114 9344
112 9260
74 9354
0 1
50 9304
57 9241
53 9346
54 9347
53 9337
46 9322
66 9334
42 9270
56 9330
83 9340
50 9243
103 9321
109 9391
94 9298
56 9311
108 9226
65 9334
71 9254
87 9279
52 11
112 9318
43 9273
51 9292
0 1
